#! FIELDS phi psi file.free der_phi der_psi
#! SET min_phi -pi
#! SET max_phi pi
#! SET nbins_phi  33
#! SET periodic_phi true
#! SET min_psi -pi
#! SET max_psi pi
#! SET nbins_psi  17
#! SET periodic_psi true
   -3.141592654   -3.141592654   17.041635303  -35.463523182    8.084347140
   -2.951193099   -3.141592654   10.791020160  -29.205832150   10.511253093
   -2.760793544   -3.141592654    6.230764023  -18.118080352   12.771505323
   -2.570393989   -3.141592654    3.993551609   -5.443145363   14.696614894
   -2.379994435   -3.141592654    4.018561996    5.082205530   16.277834816
   -2.189594880   -3.141592654    5.634373307   11.054194296   17.638969367
   -1.999195325   -3.141592654    7.934857056   12.483091510   18.908555400
   -1.808795770   -3.141592654   10.233267261   11.499300879   20.060413113
   -1.618396215   -3.141592654   12.342217180   10.928207944   20.833883383
   -1.427996661   -3.141592654   14.543408790   12.631598686   20.814261002
   -1.237597106   -3.141592654   17.298376019   16.577759409   19.650144294
   -1.047197551   -3.141592654   20.894723013   21.085374511   17.277146192
   -0.856797996   -3.141592654   25.230024495   24.014774584   14.001930042
   -0.666398442   -3.141592654   29.855064198   23.944709957   10.385200316
   -0.475998887   -3.141592654   34.174002790   20.923230720    7.015084940
   -0.285599332   -3.141592654   37.718233284   16.058851456    4.293476067
   -0.095199777   -3.141592654   40.277945286   10.851280081    2.353642281
    0.095199777   -3.141592654   41.906908641    6.422329819    1.110552008
    0.285599332   -3.141592654   42.811622538    3.279927161    0.370929057
    0.475998887   -3.141592654   43.240352736    1.379662586   -0.059832493
    0.666398442   -3.141592654   43.402456163    0.425568592   -0.315919148
    0.856797996   -3.141592654   43.445740472    0.057625811   -0.464369148
    1.047197551   -3.141592654   43.452531907    0.010261742   -0.528416278
    1.237597106   -3.141592654   43.457730317    0.033751413   -0.512773207
    1.427996661   -3.141592654   43.456082461   -0.089588602   -0.431204478
    1.618396215   -3.141592654   43.396361326   -0.621725025   -0.298905493
    1.808795770   -3.141592654   43.168532810   -1.930962329   -0.120670169
    1.999195325   -3.141592654   42.578609403   -4.515856564    0.130803104
    2.189594880   -3.141592654   41.333484205   -8.889656983    0.527556093
    2.379994435   -3.141592654   39.063940279  -15.262649868    1.184612308
    2.570393989   -3.141592654   35.426263896  -23.078397655    2.230365402
    2.760793544   -3.141592654   30.284260111  -30.698222071    3.754970639
    2.951193099   -3.141592654   23.904795958  -35.629348759    5.752055184

   -3.141592654   -2.771993518   20.973168970  -29.865329811   12.694378074
   -2.951193099   -2.771993518   15.743604241  -24.213201238   15.771119757
   -2.760793544   -2.771993518   12.020957080  -14.392957123   18.155283621
   -2.570393989   -2.771993518   10.349591189   -3.220217797   19.587901559
   -2.379994435   -2.771993518   10.672239459    6.063580950   20.116629077
   -2.189594880   -2.771993518   12.400134229   11.347977643   20.041049159
   -1.999195325   -2.771993518   14.731079596   12.560674888   19.723239172
   -1.808795770   -2.771993518   17.032591262   11.421632234   19.369006939
   -1.618396215   -2.771993518   19.082090737   10.282878301   18.909485713
   -1.427996661   -2.771993518   21.056418064   10.794809474   18.058991180
   -1.237597106   -2.771993518   23.312195330   13.141614383   16.517044346
   -1.047197551   -2.771993518   26.106798950   16.172220469   14.186354839
   -0.856797996   -2.771993518   29.414424185   18.275541998   11.271663277
   -0.666398442   -2.771993518   32.938409839   18.279014336    8.193520333
   -0.475998887   -2.771993518   36.247600771   16.093825343    5.407026049
   -0.285599332   -2.771993518   38.985840569   12.461593502    3.212010954
   -0.095199777   -2.771993518   40.980232553    8.491981523    1.690527455
    0.095199777   -2.771993518   42.258670844    5.053134012    0.745519119
    0.285599332   -2.771993518   42.970611699    2.573616078    0.201725871
    0.475998887   -2.771993518   43.304538987    1.057747164   -0.107732438
    0.666398442   -2.771993518   43.425202050    0.296288694   -0.291784389
    0.856797996   -2.771993518   43.452315412    0.014055467   -0.401104211
    1.047197551   -2.771993518   43.453862200    0.001608248   -0.446646050
    1.237597106   -2.771993518   43.459293933    0.045336080   -0.427224705
    1.427996661   -2.771993518   43.462606853   -0.045057213   -0.347169017
    1.618396215   -2.771993518   43.417828554   -0.499541995   -0.206100380
    1.808795770   -2.771993518   43.228093719   -1.632470541    0.017127578
    1.999195325   -2.771993518   42.725293027   -3.864785209    0.391225040
    2.189594880   -2.771993518   41.657731483   -7.626900612    1.045397605
    2.379994435   -2.771993518   39.711228163  -13.083435564    2.157649939
    2.570393989   -2.771993518   36.596383659  -19.740399481    3.900251950
    2.760793544   -2.771993518   32.205081483  -26.175639870    6.349144608
    2.951193099   -2.771993518   26.777663022  -30.239154633    9.392273548

   -3.141592654   -2.402394382   25.920805964  -23.489032729   13.780552840
   -2.951193099   -2.402394382   21.808008522  -19.025389322   16.789841403
   -2.760793544   -2.402394382   18.895170196  -11.156325872   18.877269028
   -2.570393989   -2.402394382   17.636707011   -2.088014209   19.770676638
   -2.379994435   -2.402394382   18.008439209    5.566725614   19.539438028
   -2.189594880   -2.402394382   19.550294882   10.029305907   18.529877459
   -1.999195325   -2.402394382   21.609865643   11.112689874   17.174549011
   -1.808795770   -2.402394382   23.646167656   10.075577322   15.784532270
   -1.618396215   -2.402394382   25.429382454    8.749692628   14.436941677
   -1.427996661   -2.402394382   27.049743778    8.515238552   13.009969261
   -1.237597106   -2.402394382   28.763663468    9.689388198   11.330206968
   -1.047197551   -2.402394382   30.786278222   11.567197954    9.331734763
   -0.856797996   -2.402394382   33.143866076   13.019718193    7.132774310
   -0.666398442   -2.402394382   35.663785814   13.133533252    4.979190066
   -0.475998887   -2.402394382   38.057376517   11.721982770    3.132541882
   -0.285599332   -2.402394382   40.066368993    9.208868373    1.741083606
   -0.095199777   -2.402394382   41.548349005    6.340427631    0.813988173
    0.095199777   -2.402394382   42.502445508    3.751449949    0.249300231
    0.285599332   -2.402394382   43.021845096    1.809634106   -0.087977820
    0.475998887   -2.402394382   43.240808950    0.588205150   -0.310355702
    0.666398442   -2.402394382   43.288629686   -0.005869892   -0.474521821
    0.856797996   -2.402394382   43.270229002   -0.152474322   -0.591242113
    1.047197551   -2.402394382   43.252498565   -0.024860544   -0.642086208
    1.237597106   -2.402394382   43.266762198    0.162543590   -0.611643664
    1.427996661   -2.402394382   43.305543076    0.208390083   -0.500678196
    1.618396215   -2.402394382   43.322516049   -0.101006312   -0.311030823
    1.808795770   -2.402394382   43.228381479   -1.005648873   -0.024400351
    1.999195325   -2.402394382   42.881879201   -2.806055636    0.432639923
    2.189594880   -2.402394382   42.082457545   -5.807647627    1.201858094
    2.379994435   -2.402394382   40.585078482  -10.126174919    2.475178209
    2.570393989   -2.402394382   38.164616129  -15.382669151    4.427876345
    2.760793544   -2.402394382   34.735126499  -20.479910446    7.113970766
    2.951193099   -2.402394382   30.481786768  -23.732920240   10.368441633

   -3.141592654   -2.032795246   30.519634876  -18.151609806   12.243360328
   -2.951193099   -2.032795246   27.293517572  -15.206834714   14.712639192
   -2.760793544   -2.032795246   24.903578099   -9.550432337   16.220861585
   -2.570393989   -2.032795246   23.729137876   -2.768209218   16.507680951
   -2.379994435   -2.032795246   23.791581902    3.121472907   15.642486921
   -2.189594880   -2.032795246   24.764334760    6.636768815   13.978095284
   -1.999195325   -2.032795246   26.148450078    7.509789950   11.984834160
   -1.808795770   -2.032795246   27.514253879    6.672093285   10.056566442
   -1.618396215   -2.032795246   28.675724882    5.611604993    8.386372902
   -1.427996661   -2.032795246   29.715162152    5.528937262    6.962984400
   -1.237597106   -2.032795246   30.867153186    6.769732312    5.668511180
   -1.047197551   -2.032795246   32.343564100    8.778554569    4.403426492
   -0.856797996   -2.032795246   34.196704999   10.550193706    3.166189636
   -0.666398442   -2.032795246   36.291986283   11.186143844    2.037821067
   -0.475998887   -2.032795246   38.371053457   10.377959619    1.126317377
   -0.285599332   -2.032795246   40.176867183    8.404860351    0.480668526
   -0.095199777   -2.032795246   41.543653328    5.904128335    0.080247781
    0.095199777   -2.032795246   42.433837753    3.492152157   -0.155885330
    0.285599332   -2.032795246   42.908371627    1.584145012   -0.314795552
    0.475998887   -2.032795246   43.082231394    0.343029420   -0.457335552
    0.666398442   -2.032795246   43.082783995   -0.245974003   -0.597308944
    0.856797996   -2.032795246   43.024416560   -0.314302969   -0.712956930
    1.047197551   -2.032795246   42.988516842   -0.045256756   -0.765079987
    1.237597106   -2.032795246   43.015501164    0.313580294   -0.728360321
    1.427996661   -2.032795246   43.098977360    0.521398992   -0.601409777
    1.618396215   -2.032795246   43.190571275    0.370521709   -0.391666843
    1.808795770   -2.032795246   43.205854438   -0.308336998   -0.091151480
    1.999195325   -2.032795246   43.027734570   -1.693046002    0.360212408
    2.189594880   -2.032795246   42.503791044   -3.969185404    1.087361701
    2.379994435   -2.032795246   41.453235374   -7.219865066    2.260775500
    2.570393989   -2.032795246   39.706003059  -11.207531970    4.032432305
    2.760793544   -2.032795246   37.184334665  -15.181783884    6.437721139
    2.951193099   -2.032795246   34.001976564  -17.921873079    9.307038309

   -3.141592654   -1.663196111   32.379049937  -15.871037902   12.202239636
   -2.951193099   -1.663196111   29.537624338  -13.530579751   14.278890604
   -2.760793544   -1.663196111   27.372728080   -8.925352574   15.178570397
   -2.570393989   -1.663196111   26.194919702   -3.447842812   14.664161040
   -2.379994435   -1.663196111   26.004804119    1.182420042   12.862600223
   -2.189594880   -1.663196111   26.513707929    3.780514800   10.202090438
   -1.999195325   -1.663196111   27.307581402    4.258993926    7.237970852
   -1.808795770   -1.663196111   28.059541576    3.554485549    4.463411689
   -1.618396215   -1.663196111   28.672479095    3.016438452    2.188556328
   -1.427996661   -1.663196111   29.284912312    3.657772818    0.519781219
   -1.237597106   -1.663196111   30.154334003    5.671392247   -0.583192662
   -1.047197551   -1.663196111   31.491738777    8.405585159   -1.225087042
   -0.856797996   -1.663196111   33.333987687   10.786067239   -1.510045936
   -0.666398442   -1.663196111   35.517784781   11.852946640   -1.529960317
   -0.475998887   -1.663196111   37.746539375   11.242546662   -1.362399316
   -0.285599332   -1.663196111   39.717123856    9.244681802   -1.099123220
   -0.095199777   -1.663196111   41.226367268    6.539414441   -0.827545502
    0.095199777   -1.663196111   42.210548125    3.841904390   -0.622616728
    0.285599332   -1.663196111   42.724346577    1.653912770   -0.522584627
    0.475998887   -1.663196111   42.890958168    0.213488854   -0.526871173
    0.666398442   -1.663196111   42.857545384   -0.454643974   -0.598148497
    0.856797996   -1.663196111   42.762166375   -0.474528477   -0.682538838
    1.047197551   -1.663196111   42.708054161   -0.068733238   -0.722177029
    1.237597106   -1.663196111   42.747184751    0.458413061   -0.684116484
    1.427996661   -1.663196111   42.872686743    0.809370980   -0.561367846
    1.618396215   -1.663196111   43.028995931    0.752999704   -0.356554056
    1.808795770   -1.663196111   43.124106070    0.148422556   -0.055493602
    1.999195325   -1.663196111   43.043164239   -1.115743948    0.408302864
    2.189594880   -1.663196111   42.649244508   -3.157119443    1.165641412
    2.379994435   -1.663196111   41.787097445   -6.028985100    2.387137660
    2.570393989   -1.663196111   40.311666870   -9.534061295    4.212506175
    2.760793544   -1.663196111   38.154393040  -13.044950968    6.645111431
    2.951193099   -1.663196111   35.408672499  -15.521998951    9.461928623

   -3.141592654   -1.293596975   34.409136730  -14.191033938    9.471658165
   -2.951193099   -1.293596975   31.790008921  -12.946912420   10.870626912
   -2.760793544   -1.293596975   29.606977518   -9.720351408   11.185616742
   -2.570393989   -1.293596975   28.147182346   -5.580676339   10.209006850
   -2.379994435   -1.293596975   27.448572467   -1.950824380    8.039629905
   -2.189594880   -1.293596975   27.305477427    0.155841025    5.031955685
   -1.999195325   -1.293596975   27.404821792    0.670548249    1.665348539
   -1.808795770   -1.293596975   27.512161296    0.431130990   -1.586521211
   -1.618396215   -1.293596975   27.597956658    0.635980125   -4.335993942
   -1.427996661   -1.293596975   27.839454843    2.153846973   -6.313349408
   -1.237597106   -1.293596975   28.508546212    5.067380120   -7.378810769
   -1.047197551   -1.293596975   29.812000456    8.639721202   -7.532678779
   -0.856797996   -1.293596975   31.767281153   11.710385044   -6.911774104
   -0.666398442   -1.293596975   34.174435320   13.239017858   -5.766687979
   -0.475998887   -1.293596975   36.687922078   12.799518363   -4.391426527
   -0.285599332   -1.293596975   38.948675732   10.695585992   -3.064049659
   -0.095199777   -1.293596975   40.706914275    7.679192622   -1.971935783
    0.095199777   -1.293596975   41.870273143    4.579705696   -1.201763902
    0.285599332   -1.293596975   42.487086366    2.008112812   -0.741850763
    0.475998887   -1.293596975   42.692207266    0.283715259   -0.525787880
    0.666398442   -1.293596975   42.656340525   -0.532518197   -0.463035570
    0.856797996   -1.293596975   42.543396876   -0.561124167   -0.469483404
    1.047197551   -1.293596975   42.480400154   -0.070404324   -0.474876463
    1.237597106   -1.293596975   42.531916015    0.586161471   -0.442653694
    1.427996661   -1.293596975   42.693855670    1.059267883   -0.358329744
    1.618396215   -1.293596975   42.907768578    1.103953751   -0.216193917
    1.808795770   -1.293596975   43.080215351    0.616535219    0.001220935
    1.999195325   -1.293596975   43.105471375   -0.448991842    0.351835339
    2.189594880   -1.293596975   42.868231395   -2.152168127    0.941487056
    2.379994435   -1.293596975   42.240863295   -4.549691610    1.904368760
    2.570393989   -1.293596975   41.096100324   -7.548133499    3.345790692
    2.760793544   -1.293596975   39.353872657  -10.718734610    5.255115837
    2.951193099   -1.293596975   37.053701675  -13.249845392    7.430792820

   -3.141592654   -0.923997839   36.413061483  -12.449038899    5.251429228
   -2.951193099   -0.923997839   34.015815896  -12.449939316    5.606142923
   -2.760793544   -0.923997839   31.774978064  -10.858399693    5.109912381
   -2.570393989   -0.923997839   29.939903192   -8.349282792    3.646240499
   -2.379994435   -0.923997839   28.586791344   -5.969844364    1.304411923
   -2.189594880   -0.923997839   27.605955816   -4.518387509   -1.650113545
   -1.999195325   -0.923997839   26.802967942   -4.034447940   -4.844607599
   -1.808795770   -0.923997839   26.055402582   -3.762934778   -7.866157566
   -1.618396215   -0.923997839   25.426328524   -2.616532253  -10.315063233
   -1.427996661   -0.923997839   25.164258916    0.158747011  -11.860320409
   -1.237597106   -0.923997839   25.588029246    4.498407277  -12.307544343
   -1.047197551   -0.923997839   26.917824330    9.461944607  -11.659542788
   -0.856797996   -0.923997839   29.142295849   13.654209804  -10.127338461
   -0.666398442   -0.923997839   31.990476037   15.851270414   -8.076440309
   -0.475998887   -0.923997839   35.022613836   15.553598253   -5.910443667
   -0.285599332   -0.923997839   37.784805436   13.151621358   -3.968346937
   -0.095199777   -0.923997839   39.959846994    9.572172770   -2.441532947
    0.095199777   -0.923997839   41.423666317    5.847952476   -1.379564413
    0.285599332   -0.923997839   42.228182730    2.732711636   -0.720335096
    0.475998887   -0.923997839   42.531831982    0.620548479   -0.356218877
    0.666398442   -0.923997839   42.536828877   -0.420425240   -0.177638532
    0.856797996   -0.923997839   42.435384377   -0.536746494   -0.101452364
    1.047197551   -0.923997839   42.376687341   -0.048613074   -0.068899047
    1.237597106   -0.923997839   42.436970488    0.652862031   -0.050845233
    1.427996661   -0.923997839   42.617370942    1.184888663   -0.027903054
    1.618396215   -0.923997839   42.861702240    1.298324289    0.017530114
    1.808795770   -0.923997839   43.080680503    0.921895000    0.110517014
    1.999195325   -0.923997839   43.181753140    0.063321528    0.297468251
    2.189594880   -0.923997839   43.073281374   -1.284493649    0.645698282
    2.379994435   -0.923997839   42.657213576   -3.175647199    1.227864548
    2.570393989   -0.923997839   41.828227836   -5.608764967    2.085427056
    2.760793544   -0.923997839   40.499308235   -8.361994488    3.174836155
    2.951193099   -0.923997839   38.656645707  -10.890501228    4.326917408

   -3.141592654   -0.554398704   37.563993986  -12.108991498    0.969622181
   -2.951193099   -0.554398704   35.123401153  -13.306346144    0.353657590
   -2.760793544   -0.554398704   32.584018563  -13.154172481   -0.847923125
   -2.570393989   -0.554398704   30.176590307  -12.032367936   -2.654397672
   -2.379994435   -0.554398704   28.013816686  -10.720603743   -4.980656500
   -2.189594880   -0.554398704   26.065308161   -9.839112292   -7.656990707
   -1.999195325   -0.554398704   24.242124747   -9.323319988  -10.441149255
   -1.808795770   -0.554398704   22.543214957   -8.352736541  -13.012677796
   -1.618396215   -0.554398704   21.160588057   -5.836218771  -14.983690963
   -1.427996661   -0.554398704   20.460352352   -1.156572928  -15.971924122
   -1.237597106   -0.554398704   20.835094324    5.298617745  -15.733547285
   -1.047197551   -0.554398704   22.503898039   12.149645307  -14.285188311
   -0.856797996   -0.554398704   25.372512465   17.608089504  -11.927834145
   -0.666398442   -0.554398704   29.029788121   20.267121173   -9.145665322
   -0.475998887   -0.554398704   32.886420195   19.693258762   -6.431207891
   -0.285599332   -0.554398704   36.370258596   16.541458229   -4.141085877
   -0.095199777   -0.554398704   39.103892276   12.040310738   -2.425459447
    0.095199777   -0.554398704   40.954911759    7.473045034   -1.265064154
    0.285599332   -0.554398704   42.003999834    3.713646125   -0.537626911
    0.475998887   -0.554398704   42.450771397    1.171578506   -0.101709902
    0.666398442   -0.554398704   42.534584927   -0.130750661    0.154366273
    0.856797996   -0.554398704   42.473232981   -0.398151472    0.296491548
    1.047197551   -0.554398704   42.432239970   -0.005141185    0.359751048
    1.237597106   -0.554398704   42.495776031    0.642683890    0.359325823
    1.427996661   -0.554398704   42.672180157    1.157834044    0.315874691
    1.618396215   -0.554398704   42.913651308    1.302081991    0.256552579
    1.808795770   -0.554398704   43.141469756    1.024072614    0.212660635
    1.999195325   -0.554398704   43.277927209    0.349536994    0.217411640
    2.189594880   -0.554398704   43.249112756   -0.718946085    0.299055246
    2.379994435   -0.554398704   42.972781290   -2.266467276    0.471208393
    2.570393989   -0.554398704   42.348263485   -4.385543568    0.718954757
    2.760793544   -0.554398704   41.268067313   -7.018314033    0.976918922
    2.951193099   -0.554398704   39.663846688   -9.803528757    1.118481637

   -3.141592654   -0.184799568   37.210573280  -13.556457880   -2.835947882
   -2.951193099   -0.184799568   34.422834532  -15.519141903   -4.188554366
   -2.760793544   -0.184799568   31.385426445  -16.169243673   -5.820599744
   -2.570393989   -0.184799568   28.332274613  -15.781007260   -7.680811216
   -2.379994435   -0.184799568   25.397597486  -15.047361398   -9.713842302
   -2.189594880   -0.184799568   22.589308608  -14.490381276  -11.858655730
   -1.999195325   -0.184799568   19.880994481  -13.882455478  -14.004623798
   -1.808795770   -0.184799568   17.371590427  -12.183915496  -15.927520219
   -1.618396215   -0.184799568   15.390743878   -8.157551207  -17.272520773
   -1.427996661   -0.184799568   14.448176918   -1.295985654  -17.644350843
   -1.237597106   -0.184799568   15.027487705    7.575913890  -16.786450463
   -1.047197551   -0.184799568   17.334426905   16.461556193  -14.741495548
   -0.856797996   -0.184799568   21.149596506   23.065890640  -11.877130911
   -0.666398442   -0.184799568   25.871200753   25.823917194   -8.746234380
   -0.475998887   -0.184799568   30.726275990   24.515050311   -5.872290227
   -0.285599332   -0.184799568   35.022176818   20.217412604   -3.582024212
   -0.095199777   -0.184799568   38.343751651   14.558145149   -1.958344103
    0.095199777   -0.184799568   40.582281529    9.073293272   -0.907232148
    0.285599332   -0.184799568   41.873037111    4.698559181   -0.256647780
    0.475998887   -0.184799568   42.469316324    1.784691357    0.152421921
    0.666398442   -0.184799568   42.647541721    0.250886676    0.420800602
    0.856797996   -0.184799568   42.642876139   -0.189110139    0.588766152
    1.047197551   -0.184799568   42.627444949    0.044444732    0.664634030
    1.237597106   -0.184799568   42.687332234    0.556074958    0.647442505
    1.427996661   -0.184799568   42.837650377    0.979238429    0.555018353
    1.618396215   -0.184799568   43.041364433    1.093392927    0.417730842
    1.808795770   -0.184799568   43.231334114    0.844092587    0.267042314
    1.999195325   -0.184799568   43.338925272    0.230336436    0.119210747
    2.189594880   -0.184799568   43.293273265   -0.780381254   -0.035996398
    2.379994435   -0.184799568   43.007158716   -2.317977959   -0.238564743
    2.570393989   -0.184799568   42.366219692   -4.525393262   -0.550411824
    2.760793544   -0.184799568   41.238907399   -7.400041535   -1.045099223
    2.951193099   -0.184799568   39.523422025  -10.621553519   -1.791619966

   -3.141592654    0.184799568   35.767893313  -16.038977427   -5.965662790
   -2.951193099    0.184799568   32.481378671  -18.253104071   -7.700685716
   -2.760793544    0.184799568   28.908412256  -19.047606093   -9.355553606
   -2.570393989    0.184799568   25.297425924  -18.761041648  -10.845268077
   -2.379994435    0.184799568   21.785171405  -18.135250614  -12.178037778
   -2.189594880    0.184799568   18.381236910  -17.639063384  -13.421102500
   -1.999195325    0.184799568   15.085121387  -16.843307435  -14.604514058
   -1.808795770    0.184799568   12.070046910  -14.424395624  -15.616369544
   -1.618396215    0.184799568    9.787425071   -8.968209342  -16.173489600
   -1.427996661    0.184799568    8.875330283   -0.100395618  -15.923092992
   -1.237597106    0.184799568    9.885740691   10.871518577  -14.639346900
   -1.047197551    0.184799568   12.982503924   21.325334325  -12.389699286
   -0.856797996    0.184799568   17.797683164   28.528399402   -9.551586307
   -0.666398442    0.184799568   23.535432516   30.884933074   -6.653749523
   -0.475998887    0.184799568   29.260408715   28.517836826   -4.159378625
   -0.285599332    0.184799568   34.200210447   22.982900730   -2.306500532
   -0.095199777    0.184799568   37.944293814   16.276826297   -1.093690694
    0.095199777    0.184799568   40.438456434   10.095999116   -0.368107453
    0.285599332    0.184799568   41.884061007    5.344778228    0.061882851
    0.475998887    0.184799568   42.584485888    2.247300468    0.344939106
    0.666398442    0.184799568   42.840343645    0.594319689    0.554274438
    0.856797996    0.184799568   42.889828678    0.020225578    0.700776752
    1.047197551    0.184799568   42.899328735    0.083662767    0.767249554
    1.237597106    0.184799568   42.949907587    0.423117438    0.738378181
    1.427996661    0.184799568   43.061177568    0.712498154    0.624382614
    1.618396215    0.184799568   43.206284996    0.754377848    0.449031533
    1.808795770    0.184799568   43.328402324    0.474050486    0.233320000
    1.999195325    0.184799568   43.361631918   -0.187101959   -0.030076837
    2.189594880    0.184799568   43.226116960   -1.324699134   -0.388444488
    2.379994435    0.184799568   42.814343246   -3.114730396   -0.924475291
    2.570393989    0.184799568   41.987089270   -5.702638058   -1.728119636
    2.760793544    0.184799568   40.592030042   -9.039953278   -2.857321134
    2.951193099    0.184799568   38.519210044  -12.724789958   -4.301177010

   -3.141592654    0.554398704   34.630427580  -17.990471150   -7.003407122
   -2.951193099    0.554398704   30.951399221  -20.403244992   -8.734886168
   -2.760793544    0.554398704   26.959546447  -21.279486464  -10.150202039
   -2.570393989    0.554398704   22.923354927  -20.984203799  -11.128654863
   -2.379994435    0.554398704   18.992830616  -20.299302087  -11.694001580
   -2.189594880    0.554398704   15.186388719  -19.688530193  -11.977604091
   -1.999195325    0.554398704   11.522256259  -18.618964651  -12.114113595
   -1.808795770    0.554398704    8.220679871  -15.586776213  -12.128567603
   -1.618396215    0.554398704    5.811891058   -9.053046723  -11.891862033
   -1.427996661    0.554398704    5.017686452    1.261167815  -11.190252360
   -1.237597106    0.554398704    6.429508728   13.688345213   -9.877412691
   -1.047197551    0.554398704   10.168282021   25.140468204   -8.007107578
   -0.856797996    0.554398704   15.745181285   32.577707890   -5.851320569
   -0.666398442    0.554398704   22.215848607   34.426354986   -3.780603853
   -0.475998887    0.554398704   28.529566206   31.123074887   -2.104500373
   -0.285599332    0.554398704   33.870561168   24.609564554   -0.950571948
   -0.095199777    0.554398704   37.849365162   17.165486442   -0.271792783
    0.095199777    0.554398704   40.468692022   10.569421879    0.084188888
    0.285599332    0.554398704   41.986488356    5.661447006    0.276359052
    0.475998887    0.554398704   42.743455236    2.530592820    0.414879787
    0.666398442    0.554398704   43.052001547    0.849743339    0.539812732
    0.856797996    0.554398704   43.143829089    0.190805105    0.640675829
    1.047197551    0.554398704   43.173139413    0.108673178    0.686493145
    1.237597106    0.554398704   43.212596085    0.286396386    0.655022223
    1.427996661    0.554398704   43.284632064    0.446520336    0.549499897
    1.618396215    0.554398704   43.371584553    0.421292870    0.384416911
    1.808795770    0.554398704   43.427765147    0.119557480    0.170686126
    1.999195325    0.554398704   43.391407066   -0.567339823   -0.113178081
    2.189594880    0.554398704   43.176742377   -1.789835431   -0.530636104
    2.379994435    0.554398704   42.660623178   -3.762724612   -1.179814892
    2.570393989    0.554398704   41.684169463   -6.635290366   -2.158301103
    2.760793544    0.554398704   40.078418316  -10.325368282   -3.510767981
    2.951193099    0.554398704   37.725751897  -14.372316845   -5.182232400

   -3.141592654    0.923997839   32.601206961  -20.507115811   -7.925510969
   -2.951193099    0.923997839   28.485211399  -22.410648782   -9.434020698
   -2.760793544    0.923997839   24.184607542  -22.485736203  -10.348547029
   -2.570393989    0.923997839   20.000243156  -21.352717902  -10.559800426
   -2.379994435    0.923997839   16.062274817  -20.066533751  -10.155465965
   -2.189594880    0.923997839   12.327109364  -19.237320517   -9.368619996
   -1.999195325    0.923997839    8.743702041  -18.254383821   -8.462939156
   -1.808795770    0.923997839    5.498244126  -15.338849180   -7.613951259
   -1.618396215    0.923997839    3.145742091   -8.644724213   -6.846520735
   -1.427996661    0.923997839    2.477010843    2.233354780   -6.061487137
   -1.237597106    0.923997839    4.149430136   15.467219480   -5.134588417
   -1.047197551    0.923997839    8.298028623   27.613434026   -4.023344347
   -0.856797996    0.923997839   14.379353045   35.313220328   -2.815002924
   -0.666398442    0.923997839   21.354033904   36.898166024   -1.678412891
   -0.475998887    0.923997839   28.082856444   32.970820823   -0.778836749
   -0.285599332    0.923997839   33.707790972   25.749746700   -0.186075803
   -0.095199777    0.923997839   37.847442597   17.750041247    0.128178125
    0.095199777    0.923997839   40.544752078   10.842397833    0.261844411
    0.285599332    0.923997839   42.102106782    5.830316450    0.317276186
    0.475998887    0.923997839   42.890563799    2.697906649    0.364439155
    0.666398442    0.923997839   43.232037151    1.019472407    0.423560405
    0.856797996    0.923997839   43.352710569    0.308467682    0.480881937
    1.047197551    0.923997839   43.395087740    0.118670862    0.505809997
    1.237597106    0.923997839   43.423736696    0.166667522    0.477409349
    1.427996661    0.923997839   43.461435554    0.211082282    0.392593056
    1.618396215    0.923997839   43.494872161    0.100638238    0.252813004
    1.808795770    0.923997839   43.481966255   -0.289280886    0.051380445
    1.999195325    0.923997839   43.354644712   -1.129629172   -0.253619435
    2.189594880    0.923997839   43.008447009   -2.634708937   -0.744872449
    2.379994435    0.923997839   42.292248706   -5.043732467   -1.531281646
    2.570393989    0.923997839   41.021277460   -8.455092407   -2.702962918
    2.760793544    0.923997839   39.018897829  -12.649738624   -4.266530134
    2.951193099    0.923997839   36.191322668  -16.982009635   -6.094869146

   -3.141592654    1.293596975   29.535097108  -23.926445191  -10.626346045
   -2.951193099    1.293596975   24.867815188  -24.672115835  -12.477687714
   -2.760793544    1.293596975   20.287580088  -23.119314940  -13.323040916
   -2.570393989    1.293596975   16.142249908  -20.347895973  -12.965295165
   -2.379994435    1.293596975   12.520260024  -17.851075712  -11.522279937
   -2.189594880    1.293596975    9.270336824  -16.469978905   -9.364845197
   -1.999195325    1.293596975    6.215917605  -15.551494544   -6.963632734
   -1.808795770    1.293596975    3.447210239  -13.068964115   -4.729716228
   -1.618396215    1.293596975    1.478727226   -6.867635750   -2.914830223
   -1.427996661    1.293596975    1.113542802    3.682655145   -1.592309066
   -1.237597106    1.293596975    3.048781717   16.811230481   -0.702778139
   -1.047197551    1.293596975    7.454509861   28.975004605   -0.128999166
   -0.856797996    1.293596975   13.795231579   36.655783857    0.233662135
   -0.666398442    1.293596975   21.013089741   38.069473656    0.451814902
   -0.475998887    1.293596975   27.937480234   33.831327307    0.550633000
   -0.285599332    1.293596975   33.691701851   26.242812227    0.557425261
   -0.095199777    1.293596975   37.894134532   17.931940632    0.506393913
    0.095199777    1.293596975   40.605639386   10.826764074    0.448314855
    0.285599332    1.293596975   42.150916938    5.733702772    0.423856613
    0.475998887    1.293596975   42.919822686    2.595646218    0.452128661
    0.666398442    1.293596975   43.244079408    0.945965784    0.519120379
    0.856797996    1.293596975   43.353815913    0.264107009    0.591251885
    1.047197551    1.293596975   43.389977968    0.097163463    0.623770393
    1.237597106    1.293596975   43.414937509    0.150163197    0.590046835
    1.427996661    1.293596975   43.447937025    0.172776389    0.484778203
    1.618396215    1.293596975   43.468148958   -0.008302896    0.309738126
    1.808795770    1.293596975   43.420447034   -0.565637564    0.053825586
    1.999195325    1.293596975   43.212465764   -1.731774753   -0.340892205
    2.189594880    1.293596975   42.703571789   -3.780595663   -0.988741237
    2.379994435    1.293596975   41.699349594   -6.956497538   -2.040583021
    2.570393989    1.293596975   39.980353611  -11.250798916   -3.622824895
    2.760793544    1.293596975   37.369496922  -16.196498078   -5.743402360
    2.951193099    1.293596975   33.828739403  -20.822534895   -8.211528147

   -3.141592654    1.663196111   25.150168453  -28.768082280  -12.527520861
   -2.951193099    1.663196111   19.710069277  -27.781362829  -14.546968011
   -2.760793544    1.663196111   14.765649627  -23.763607842  -15.206269435
   -2.570393989    1.663196111   10.744195049  -18.448309450  -14.218377024
   -2.379994435    1.663196111    7.684813901  -13.979029722  -11.704044929
   -2.189594880    1.663196111    5.285203323  -11.582741978   -8.136348466
   -1.999195325    1.663196111    3.178155446  -10.638179463   -4.168573854
   -1.808795770    1.663196111    1.285424346   -8.875999776   -0.443524938
   -1.618396215    1.663196111    0.013859843   -3.769904916    2.544732278
   -1.427996661    1.663196111    0.131322107    5.681008198    4.519702973
   -1.237597106    1.663196111    2.362248324   17.978042076    5.434350602
   -1.047197551    1.663196111    6.941114690   29.683770825    5.438385446
   -0.856797996    1.663196111   13.399388239   37.217210721    4.804235777
   -0.666398442    1.663196111   20.723926321   38.620683469    3.844475192
   -0.475998887    1.663196111   27.753718364   34.369488908    2.820767499
   -0.285599332    1.663196111   33.604087140   26.694632860    1.917376557
   -0.095199777    1.663196111   37.881010962   18.260957295    1.220666142
    0.095199777    1.663196111   40.644782517   11.050496400    0.750924894
    0.285599332    1.663196111   42.227347678    5.906335738    0.478413663
    0.475998887    1.663196111   43.027960348    2.756837758    0.354576129
    0.666398442    1.663196111   43.381615480    1.096413051    0.322016497
    0.856797996    1.663196111   43.515764978    0.361541359    0.331188231
    1.047197551    1.663196111   43.562292980    0.104134629    0.335119737
    1.237597106    1.663196111   43.577483983    0.043408812    0.309672190
    1.427996661    1.663196111   43.578911899   -0.052519468    0.240425788
    1.618396215    1.663196111   43.543598161   -0.369950180    0.112860927
    1.808795770    1.663196111   43.407636863   -1.153010809   -0.108632425
    1.999195325    1.663196111   43.051604227   -2.742165198   -0.508997962
    2.189594880    1.663196111   42.286325102   -5.519030298   -1.231293136
    2.379994435    1.663196111   40.855446632   -9.748850753   -2.453599944
    2.570393989    1.663196111   38.488116222  -15.274713155   -4.319850120
    2.760793544    1.663196111   35.004314960  -21.274123978   -6.829107879
    2.951193099    1.663196111   30.444470864  -26.301281309   -9.735156656

   -3.141592654    2.032795246   20.354391619  -33.954402858  -11.138317130
   -2.951193099    2.032795246   14.114422154  -30.784235475  -12.719062264
   -2.760793544    2.032795246    8.890205493  -23.590715882  -12.964000493
   -2.570393989    2.032795246    5.228573663  -14.878856690  -11.611155094
   -2.379994435    2.032795246    3.128128149   -7.641750743   -8.770968352
   -2.189594880    2.032795246    2.104013590   -3.704749626   -4.877223956
   -1.999195325    2.032795246    1.530612078   -2.637443218   -0.545628344
   -1.808795770    2.032795246    1.071536856   -1.995495350    3.576051207
   -1.618396215    2.032795246    0.933096011    1.153688783    6.922078217
   -1.427996661    2.032795246    1.771505086    8.319263647    9.093402543
   -1.237597106    2.032795246    4.297281037   18.502624905    9.924831332
   -1.047197551    2.032795246    8.816881601   28.645110395    9.516764018
   -0.856797996    2.032795246   14.986180252   35.337677395    8.194271851
   -0.666398442    2.032795246   21.927671076   36.553532993    6.403998969
   -0.475998887    2.032795246   28.584906474   32.563495837    4.565299694
   -0.285599332    2.032795246   34.134264526   25.342944870    2.982654096
   -0.095199777    2.032795246   38.199006744   17.374066261    1.792654836
    0.095199777    2.032795246   40.831657744   10.538929813    1.004357846
    0.285599332    2.032795246   42.344092275    5.662295361    0.541728143
    0.475998887    2.032795246   43.115515027    2.680202823    0.305821829
    0.666398442    2.032795246   43.463017261    1.105681324    0.204611986
    0.856797996    2.032795246   43.600876557    0.384143270    0.172651600
    1.047197551    2.032795246   43.648794834    0.098280035    0.158757293
    1.237597106    2.032795246   43.656950706   -0.024031473    0.139061312
    1.427996661    2.032795246   43.637866539   -0.202331537    0.095345185
    1.618396215    2.032795246   43.562417266   -0.651376333    0.006304494
    1.808795770    2.032795246   43.351327332   -1.688525443   -0.169555735
    1.999195325    2.032795246   42.851810427   -3.762586213   -0.516270578
    2.189594880    2.032795246   41.819750919   -7.362852076   -1.166040536
    2.379994435    2.032795246   39.930451465  -12.774632429   -2.275748224
    2.570393989    2.032795246   36.856527952  -19.678721067   -3.963580083
    2.760793544    2.032795246   32.414871234  -26.855105174   -6.208785956
    2.951193099    2.032795246   26.735886150  -32.303929970   -8.762769613

   -3.141592654    2.402394382   16.625431976  -37.843424608   -6.391642746
   -2.951193099    2.402394382    9.803142285  -32.835781754   -6.848989096
   -2.760793544    2.402394382    4.435128057  -22.948989965   -6.278393375
   -2.570393989    2.402394382    1.179015964  -11.274321189   -4.544454566
   -2.379994435    2.402394382    0.018697065   -1.494041491   -1.761172235
   -2.189594880    2.402394382    0.333295408    4.015783503    1.755149575
   -1.999195325    2.402394382    1.281461752    5.410009172    5.569610917
   -1.808795770    2.402394382    2.286333269    5.142726732    9.192856199
   -1.618396215    2.402394382    3.338829360    6.390515118   12.125910647
   -1.427996661    2.402394382    4.943938686   11.082520638   13.930058850
   -1.237597106    2.402394382    7.752049183   18.741222914   14.340685379
   -1.047197551    2.402394382   12.109402182   26.808542434   13.375375464
   -0.856797996    2.402394382   17.793245384   32.218281755   11.351183623
   -0.666398442    2.402394382   24.089583710   33.019847385    8.784054371
   -0.475998887    2.402394382   30.094186767   29.328979751    6.202262890
   -0.285599332    2.402394382   35.091471779   22.807502941    3.998476478
   -0.095199777    2.402394382   38.750226774   15.640014998    2.349045459
    0.095199777    2.402394382   41.121016751    9.490873748    1.250481195
    0.285599332    2.402394382   42.483793121    5.103532562    0.587033195
    0.475998887    2.402394382   43.179673589    2.420546217    0.217691734
    0.666398442    2.402394382   43.493545999    1.005687041    0.024166740
    0.856797996    2.402394382   43.619231368    0.348609955   -0.069208326
    1.047197551    2.402394382   43.662071524    0.083800373   -0.110410166
    1.237597106    2.402394382   43.666087339   -0.050573020   -0.120188530
    1.427996661    2.402394382   43.638302258   -0.270534632   -0.120438478
    1.618396215    2.402394382   43.541560311   -0.817621780   -0.136772726
    1.808795770    2.402394382   43.281218958   -2.063849753   -0.208752119
    1.999195325    2.402394382   42.676003417   -4.536795996   -0.399123126
    2.189594880    2.402394382   41.437927002   -8.800198168   -0.793110959
    2.379994435    2.402394382   39.190027795  -15.144622938   -1.480016185
    2.570393989    2.402394382   35.563484906  -23.116951499   -2.511128439
    2.760793544    2.402394382   30.376350038  -31.184428961   -3.835342972
    2.951193099    2.402394382   23.833527677  -36.911447146   -5.247148633

   -3.141592654    2.771993518   15.305268951  -38.601550124    0.688143300
   -2.951193099    2.771993518    8.435508442  -32.511374635    1.705827787
   -2.760793544    2.771993518    3.256978132  -21.256676283    3.219480700
   -2.570393989    2.771993518    0.457160951   -8.192261780    5.223470877
   -2.379994435    2.771993518    0.000000000    2.757185380    7.648055859
   -2.189594880    2.771993518    1.205785665    9.051571857   10.366580448
   -1.999195325    2.771993518    3.148629115   10.729359568   13.179767771
   -1.808795770    2.771993518    5.144823876   10.121747574   15.781604752
   -1.618396215    2.771993518    7.055432171   10.299994528   17.756491346
   -1.427996661    2.771993518    9.246308116   13.224632894   18.663458889
   -1.237597106    2.771993518   12.257121175   18.694502470   18.202297562
   -1.047197551    2.771993518   16.398302132   24.639263729   16.373482346
   -0.856797996    2.771993518   21.509864192   28.504300805   13.520534795
   -0.666398442    2.771993518   27.021337328   28.637138667   10.214419337
   -0.475998887    2.771993518   32.197880107   25.135963574    7.041431135
   -0.285599332    2.771993518   36.463427980   19.376599339    4.418778355
   -0.095199777    2.771993518   39.560359846   13.178752215    2.509655833
    0.095199777    2.771993518   41.549258215    7.909714222    1.268660703
    0.285599332    2.771993518   42.677053422    4.175702445    0.532538818
    0.475998887    2.771993518   43.239020738    1.910044877    0.121793141
    0.666398442    2.771993518   43.480279740    0.738804450   -0.100727605
    0.856797996    2.771993518   43.569091754    0.220542731   -0.215833527
    1.047197551    2.771993518   43.595597952    0.048100652   -0.264975652
    1.237597106    2.771993518   43.597862016   -0.033571586   -0.264353619
    1.427996661    2.771993518   43.575509720   -0.234935286   -0.231728346
    1.618396215    2.771993518   43.483269770   -0.814006081   -0.186008081
    1.808795770    2.771993518   43.215173803   -2.162780584   -0.147552688
    1.999195325    2.771993518   42.574365185   -4.829114301   -0.133545862
    2.189594880    2.771993518   41.254066637   -9.388196254   -0.152101057
    2.379994435    2.771993518   38.859428542  -16.106508025   -0.192625702
    2.570393989    2.771993518   35.013893485  -24.444118518   -0.218018954
    2.760793544    2.771993518   29.550997481  -32.712838321   -0.154914229
    2.951193099    2.771993518   22.724752814  -38.291593958    0.105201378
