#! FIELDS phi psi file.free der_phi der_psi
#! SET min_phi -pi
#! SET max_phi pi
#! SET nbins_phi  33
#! SET periodic_phi true
#! SET min_psi -pi
#! SET max_psi pi
#! SET nbins_psi  17
#! SET periodic_psi true
   -3.141592654   -3.141592654   22.077566606  -39.880015303    9.054651661
   -2.951193099   -3.141592654   14.997958742  -33.408282015   11.634597868
   -2.760793544   -3.141592654    9.711610686  -21.493785857   13.929455069
   -2.570393989   -3.141592654    6.931845945   -7.774482757   15.794651199
   -2.379994435   -3.141592654    6.593524357    3.516381872   17.293196649
   -2.189594880   -3.141592654    7.938085516    9.664307781   18.641746326
   -1.999195325   -3.141592654    9.945755123   10.734247373   20.035599094
   -1.808795770   -3.141592654   11.863389656    9.276541973   21.448707528
   -1.618396215   -3.141592654   13.534745705    8.669490076   22.548750806
   -1.427996661   -3.141592654   15.364357204   11.137628435   22.810981803
   -1.237597106   -3.141592654   17.969416611   16.610246691   21.785209141
   -1.047197551   -3.141592654   21.747333871   22.969275571   19.354695017
   -0.856797996   -3.141592654   26.596169359   27.410831951   15.821865892
   -0.666398442   -3.141592654   31.935177990   27.821176349   11.756056626
   -0.475998887   -3.141592654   36.917142503   23.698522233    7.727727261
   -0.285599332   -3.141592654   40.741409533   15.916075382    4.069119262
   -0.095199777   -3.141592654   42.863902390    6.173768177    0.806611751
    0.095199777   -3.141592654   43.101822710   -3.523833454   -2.234985149
    0.285599332   -3.141592654   41.661917851  -11.108576935   -5.231202479
    0.475998887   -3.141592654   39.130841364  -14.726521595   -8.168912027
    0.666398442   -3.141592654   36.386526372  -13.265363709  -10.766481351
    0.856797996   -3.141592654   34.392725166   -7.060464182  -12.562312611
    1.047197551   -3.141592654   33.886930584    1.920538189  -13.138667898
    1.237597106   -3.141592654   35.112945223   10.646470803  -12.348451354
    1.427996661   -3.141592654   37.744270635   16.304290579  -10.428254029
    1.618396215   -3.141592654   41.031727777   17.445017257   -7.888458061
    1.808795770   -3.141592654   44.102085447   14.146258271   -5.288176002
    1.999195325   -3.141592654   46.199466173    7.417570770   -3.004339753
    2.189594880   -3.141592654   46.778961464   -1.635973843   -1.125032213
    2.379994435   -3.141592654   45.481763298  -12.161214948    0.511936743
    2.570393989   -3.141592654   42.112630054  -23.196801445    2.187403308
    2.760793544   -3.141592654   36.717073194  -33.094564048    4.144345001
    2.951193099   -3.141592654   29.734080856  -39.452454695    6.471372797

   -3.141592654   -2.771993518   26.385287876  -33.755826742   12.948322881
   -2.951193099   -2.771993518   20.416914529  -28.014945101   16.012553515
   -2.760793544   -2.771993518   16.029812224  -17.527647670   18.348229497
   -2.570393989   -2.771993518   13.848548173   -5.437307784   19.750291882
   -2.379994435   -2.771993518   13.825717301    4.593586916   20.331792157
   -2.189594880   -2.771993518   15.309727964   10.170301846   20.445698106
   -1.999195325   -2.771993518   17.406623585   11.222347035   20.465911991
   -1.808795770   -2.771993518   19.423122764    9.779698902   20.551027951
   -1.618396215   -2.771993518   21.151587281    8.639252880   20.535743861
   -1.427996661   -2.771993518   22.859823890    9.763603749   20.023008575
   -1.237597106   -2.771993518   25.025442330   13.318428159   18.624694704
   -1.047197551   -2.771993518   27.989726067   17.779609881   16.202579407
   -0.856797996   -2.771993518   31.714542977   20.933598707   12.961912110
   -0.666398442   -2.771993518   35.766737677   20.939757543    9.330046722
   -0.475998887   -2.771993518   39.459491644   17.142276926    5.739972301
   -0.285599332   -2.771993518   42.095076849   10.013596451    2.418272096
   -0.095199777   -2.771993518   43.152405965    0.860876534   -0.663714976
    0.095199777   -2.771993518   42.415745916   -8.478430050   -3.692073261
    0.285599332   -2.771993518   40.055743200  -15.808899843   -6.807117401
    0.475998887   -2.771993518   36.668611246  -18.942079557   -9.923599323
    0.666398442   -2.771993518   33.208435106  -16.451388874  -12.665667392
    0.856797996   -2.771993518   30.755341873   -8.595522191  -14.486249988
    1.047197551   -2.771993518   30.145201999    2.391059659  -14.920716970
    1.237597106   -2.771993518   31.644269048   12.974745674  -13.838109795
    1.427996661   -2.771993518   34.849214111   19.872364469  -11.537723950
    1.618396215   -2.771993518   38.868806160   21.435217359   -8.603344670
    1.808795770   -2.771993518   42.685141142   17.913390639   -5.639835581
    1.999195325   -2.771993518   45.457127434   10.737355303   -3.017134685
    2.189594880   -2.771993518   46.640904100    1.458320135   -0.769227834
    2.379994435   -2.771993518   45.950643742   -8.787907715    1.341129621
    2.570393989   -2.771993518   43.292443626  -19.036158759    3.651418605
    2.760793544   -2.771993518   38.786476655  -27.911245025    6.401824146
    2.951193099   -2.771993518   32.874916853  -33.465916515    9.593200583

   -3.141592654   -2.402394382   31.291017647  -27.694821118   13.019753118
   -2.951193099   -2.402394382   26.370860820  -23.219311910   15.715550587
   -2.760793544   -2.402394382   22.725431360  -14.586104635   17.530852380
   -2.570393989   -2.402394382   20.925517122   -4.311347129   18.299868136
   -2.379994435   -2.402394382   20.990197084    4.522947260   18.170997186
   -2.189594880   -2.402394382   22.413771276    9.736771570   17.511786770
   -1.999195325   -2.402394382   24.442550187   10.990113565   16.701975757
   -1.808795770   -2.402394382   26.436680650    9.717270454   15.935300660
   -1.618396215   -2.402394382   28.124134246    8.136881037   15.143273654
   -1.427996661   -2.402394382   29.627941715    7.988907377   14.079520831
   -1.237597106   -2.402394382   31.284987916    9.704693152   12.504824204
   -1.047197551   -2.402394382   33.383256447   12.368005724   10.357103038
   -0.856797996   -2.402394382   35.953259691   14.361630408    7.802278508
   -0.666398442   -2.402394382   38.714541058   14.116637441    5.123862079
   -0.475998887   -2.402394382   41.143642337   10.788742305    2.563486494
   -0.285599332   -2.402394382   42.638388984    4.394293946    0.171673240
   -0.095199777   -2.402394382   42.682764105   -4.213024604   -2.191722575
    0.095199777   -2.402394382   41.002823955  -13.360163750   -4.752612585
    0.285599332   -2.402394382   37.716008055  -20.646918442   -7.624740030
    0.475998887   -2.402394382   33.431994952  -23.426460961  -10.655634862
    0.666398442   -2.402394382   29.207066378  -19.849074674  -13.383855067
    0.856797996   -2.402394382   26.276127892  -10.085028341  -15.186940353
    1.047197551   -2.402394382   25.603958398    3.265753033  -15.552694797
    1.237597106   -2.402394382   27.484987954   16.022392586  -14.344801664
    1.427996661   -2.402394382   31.418914562   24.322903289  -11.887592378
    1.618396215   -2.402394382   36.340666311   26.301592998   -8.799299994
    1.808795770   -2.402394382   41.060804781   22.454539208   -5.707392360
    1.999195325   -2.402394382   44.644569015   14.731531060   -2.982321773
    2.189594880   -2.402394382   46.557475070    5.203260249   -0.644401927
    2.379994435   -2.402394382   46.601815812   -4.716126227    1.554669086
    2.570393989   -2.402394382   44.792721106  -14.132167955    3.944855935
    2.760793544   -2.402394382   41.313744659  -22.055987485    6.732613422
    2.951193099   -2.402394382   36.579211823  -27.079481493    9.866262652

   -3.141592654   -2.032795246   35.554563940  -23.008845845   10.325220359
   -2.951193099   -2.032795246   31.396813595  -20.036066999   12.211619572
   -2.760793544   -2.032795246   28.172078640  -13.388971324   13.279407665
   -2.570393989   -2.032795246   26.412992123   -5.018773691   13.412178103
   -2.379994435   -2.032795246   26.203638163    2.469207835   12.747894896
   -2.189594880   -2.032795246   27.164681355    7.041707675   11.604450115
   -1.999195325   -2.032795246   28.662163100    8.159741903   10.321012623
   -1.808795770   -2.032795246   30.118985993    6.900013195    9.108129123
   -1.618396215   -2.032795246   31.262556185    5.210486476    7.985942722
   -1.427996661   -2.032795246   32.185275345    4.796206537    6.836092136
   -1.237597106   -2.032795246   33.208091058    6.261863597    5.523785741
   -1.047197551   -2.032795246   34.643739500    8.915481631    4.011880172
   -0.856797996   -2.032795246   36.581514064   11.228373746    2.395008916
   -0.666398442   -2.032795246   38.793209441   11.502904925    0.818457061
   -0.475998887   -2.032795246   40.767052883    8.582087741   -0.628346620
   -0.285599332   -2.032795246   41.848781037    2.180867223   -2.016840264
   -0.095199777   -2.032795246   41.426221740   -6.995270109   -3.559770914
    0.095199777   -2.032795246   39.126130745  -17.128739481   -5.518719462
    0.285599332   -2.032795246   35.024106208  -25.385831863   -8.015060891
    0.475998887   -2.032795246   29.790268820  -28.502959180  -10.879092812
    0.666398442   -2.032795246   24.654727353  -24.118895211  -13.602682480
    0.856797996   -2.032795246   21.088035371  -12.302592003  -15.488094464
    1.047197551   -2.032795246   20.256258821    3.871491744  -15.940984854
    1.237597106   -2.032795246   22.522634618   19.367864292  -14.766533428
    1.427996661   -2.032795246   27.288252375   29.514508538  -12.272112556
    1.618396215   -2.032795246   33.275512087   32.095955483   -9.100808931
    1.808795770   -2.032795246   39.072500231   27.848801251   -5.926311708
    1.999195325   -2.032795246   43.609026521   19.335763720   -3.165293067
    2.189594880   -2.032795246   46.338103891    9.248178882   -0.878057190
    2.379994435   -2.032795246   47.143659574   -0.664807619    1.147969210
    2.570393989   -2.032795246   46.148646280   -9.576181959    3.209571315
    2.760793544   -2.032795246   43.597486407  -16.895972767    5.492679832
    2.951193099   -2.032795246   39.873275754  -21.744932916    7.955290398

   -3.141592654   -1.663196111   36.668039335  -21.775939366    9.815840813
   -2.951193099   -1.663196111   32.703834664  -19.296384583   11.160281637
   -2.760793544   -1.663196111   29.554616225  -13.367520862   11.491125226
   -2.570393989   -1.663196111   27.721674900   -5.818994727   10.722970202
   -2.379994435   -1.663196111   27.286023294    0.918519020    9.041687984
   -2.189594880   -1.663196111   27.896649375    4.955197378    6.818456857
   -1.999195325   -1.663196111   28.967315454    5.807121913    4.456506559
   -1.808795770   -1.663196111   29.970091417    4.516676019    2.261204063
   -1.618396215   -1.663196111   30.670619009    2.963768528    0.389213904
   -1.427996661   -1.663196111   31.189161449    2.820763752   -1.121666012
   -1.237597106   -1.663196111   31.872933468    4.707553430   -2.285864888
   -1.047197551   -1.663196111   33.064988231    7.942314045   -3.115242315
   -0.856797996   -1.663196111   34.880389612   10.917885687   -3.609010955
   -0.666398442   -1.663196111   37.088098128   11.734832728   -3.805425456
   -0.475998887   -1.663196111   39.129016308    8.965216294   -3.820000765
   -0.285599332   -1.663196111   40.252074026    2.130764000   -3.882153548
   -0.095199777   -1.663196111   39.728124075   -8.107078646   -4.283843915
    0.095199777   -1.663196111   37.080728076  -19.695028812   -5.295770388
    0.285599332   -1.663196111   32.353191868  -29.326168561   -7.019034767
    0.475998887   -1.663196111   26.289942222  -33.106579709   -9.272906223
    0.666398442   -1.663196111   20.309526939  -28.163999726  -11.565395392
    0.856797996   -1.663196111   16.132094347  -14.476066549  -13.232155671
    1.047197551   -1.663196111   15.136633073    4.395097656  -13.697146025
    1.237597106   -1.663196111   17.763823320   22.539747121  -12.746998995
    1.427996661   -1.663196111   23.320860071   34.457040330  -10.623597722
    1.618396215   -1.663196111   30.318083077   37.548712421   -7.878946860
    1.808795770   -1.663196111   37.112967856   32.738233245   -5.099948052
    1.999195325   -1.663196111   42.479725127   23.127214354   -2.646180770
    2.189594880   -1.663196111   45.824231707   11.959231300   -0.560748346
    2.379994435   -1.663196111   47.069275264    1.310532372    1.350058413
    2.570393989   -1.663196111   46.412343005   -7.942850365    3.336982161
    2.760793544   -1.663196111   44.161053744  -15.357899859    5.522718292
    2.951193099   -1.663196111   40.724762529  -20.275151836    7.793796071

   -3.141592654   -1.293596975   37.691034745  -21.698108521    6.392792706
   -2.951193099   -1.293596975   33.654738475  -20.157448314    6.991370476
   -2.760793544   -1.293596975   30.254121084  -15.126086962    6.750242339
   -2.570393989   -1.293596975   28.017428829   -8.254162800    5.598894762
   -2.379994435   -1.293596975   27.077772278   -1.888779128    3.658077261
   -2.189594880   -1.293596975   27.141308127    2.056953686    1.181740170
   -1.999195325   -1.293596975   27.668594425    3.026616145   -1.533351162
   -1.808795770   -1.293596975   28.165809783    2.011360452   -4.206355655
   -1.618396215   -1.293596975   28.427839134    0.892124901   -6.583902920
   -1.427996661   -1.293596975   28.608249738    1.374889047   -8.433172153
   -1.237597106   -1.293596975   29.091689337    4.082619543   -9.558450360
   -1.047197551   -1.293596975   30.252529658    8.255892105   -9.847064515
   -0.856797996   -1.293596975   32.213266473   12.103522606   -9.323842128
   -0.666398442   -1.293596975   34.706708435   13.481992044   -8.184538465
   -0.475998887   -1.293596975   37.092478681   10.733707382   -6.760192275
   -0.285599332   -1.293596975   38.502653755    3.266112112   -5.457262176
   -0.095199777   -1.293596975   38.084601737   -8.222851420   -4.652087177
    0.095199777   -1.293596975   35.263640335  -21.432207960   -4.611525505
    0.285599332   -1.293596975   30.052896781  -32.605554593   -5.390957657
    0.475998887   -1.293596975   23.266836151  -37.262165894   -6.788827774
    0.666398442   -1.293596975   16.501931553  -32.035302891   -8.355511777
    0.856797996   -1.293596975   11.718233309  -16.777936076   -9.525927522
    1.047197551   -1.293596975   10.508631241    4.523233875   -9.828301094
    1.237597106   -1.293596975   13.404333988   25.159776452   -9.095486811
    1.427996661   -1.293596975   19.643757102   38.830808850   -7.515320710
    1.618396215   -1.293596975   27.551120098   42.539613162   -5.508265237
    1.808795770   -1.293596975   35.272844203   37.350858991   -3.510072910
    1.999195325   -1.293596975   41.436610973   26.845644536   -1.776858755
    2.189594880   -1.293596975   45.399778940   14.768118239   -0.330121241
    2.379994435   -1.293596975   47.112728915    3.467055403    0.975360188
    2.570393989   -1.293596975   46.824738791   -6.195159533    2.314608235
    2.760793544   -1.293596975   44.873011255  -13.973014400    3.760001149
    2.951193099   -1.293596975   41.654058464  -19.417091814    5.206675509

   -3.141592654   -0.923997839   38.521283694  -21.659884572    2.144225404
   -2.951193099   -0.923997839   34.407234079  -21.048003853    1.789245540
   -2.760793544   -0.923997839   30.741647213  -17.009709399    0.870728694
   -2.570393989   -0.923997839   28.062328983  -10.979452768   -0.628923861
   -2.379994435   -0.923997839   26.546185363   -5.165707436   -2.644984593
   -2.189594880   -0.923997839   25.958049412   -1.463522463   -5.048667885
   -1.999195325   -0.923997839   25.812817930   -0.477876336   -7.655850258
   -1.808795770   -0.923997839   25.662834956   -1.241624571  -10.215939067
   -1.618396215   -0.923997839   25.350972978   -1.830595601  -12.409048835
   -1.427996661   -0.923997839   25.090597636   -0.472193227  -13.887722638
   -1.237597106   -0.923997839   25.332493637    3.443659124  -14.372009289
   -1.047197551   -0.923997839   26.502438379    9.003827722  -13.755342695
   -0.856797996   -0.923997839   28.731310132   14.127525085  -12.163207033
   -0.666398442   -0.923997839   31.699265426   16.350953905   -9.929262959
   -0.475998887   -0.923997839   34.659568721   13.775444747   -7.490486305
   -0.285599332   -0.923997839   36.606629818    5.746945801   -5.269591828
   -0.095199777   -0.923997839   36.557072600   -6.921989144   -3.570751017
    0.095199777   -0.923997839   33.843276206  -21.627063523   -2.545233610
    0.285599332   -0.923997839   28.457685196  -34.190470722   -2.172689562
    0.475998887   -0.923997839   21.280258357  -39.658221051   -2.291836925
    0.666398442   -0.923997839   14.053847135  -34.325801065   -2.642926100
    0.856797996   -0.923997839    8.920662490  -18.025435027   -2.948776709
    1.047197551   -0.923997839    7.622800926    4.879888124   -2.998301183
    1.237597106   -0.923997839   10.742288035   27.087681085   -2.722900839
    1.427996661   -0.923997839   17.456659311   41.766036033   -2.187568151
    1.618396215   -0.923997839   25.957773863   45.713378727   -1.533756684
    1.808795770   -0.923997839   34.256071874   40.160584113   -0.896502178
    1.999195325   -0.923997839   40.897620130   29.044401111   -0.337814753
    2.189594880   -0.923997839   45.225857780   16.436226767    0.156911200
    2.379994435   -0.923997839   47.223508861    4.829428623    0.641834212
    2.570393989   -0.923997839   47.180482089   -4.967244078    1.152362256
    2.760793544   -0.923997839   45.450251732  -12.895315900    1.657965023
    2.951193099   -0.923997839   42.406600218  -18.700227895    2.044283045

   -3.141592654   -0.554398704   38.561053953  -22.793071166   -1.794830067
   -2.951193099   -0.554398704   34.158787353  -22.947000127   -3.003566966
   -2.760793544   -0.554398704   30.059586129  -19.651034295   -4.498298741
   -2.570393989   -0.554398704   26.814430214  -14.261691734   -6.232038476
   -2.379994435   -0.554398704   24.622170664   -8.963980900   -8.174882618
   -2.189594880   -0.554398704   23.273234417   -5.625721867  -10.309675112
   -1.999195325   -0.554398704   22.320385733   -4.739785253  -12.569953924
   -1.808795770   -0.554398704   21.384932153   -5.133548893  -14.755278261
   -1.618396215   -0.554398704   20.418674608   -4.695151498  -16.504040503
   -1.427996661   -0.554398704   19.764402361   -1.649771616  -17.381362555
   -1.237597106   -0.554398704   19.976484241    4.337667108  -17.059179169
   -1.047197551   -0.554398704   21.510874301   11.883156916  -15.482879839
   -0.856797996   -0.554398704   24.435320099   18.433266981  -12.918999805
   -0.666398442   -0.554398704   28.293874426   21.255491567   -9.845588206
   -0.475998887   -0.554398704   32.178471847   18.452336008   -6.761405697
   -0.285599332   -0.554398704   34.943771134    9.587954166   -4.018499389
   -0.095199777   -0.554398704   35.519408207   -4.227199202   -1.749387590
    0.095199777   -0.554398704   33.206992171  -20.086696457    0.091841016
    0.285599332   -0.554398704   28.020789727  -33.585566947    1.640630178
    0.475998887   -0.554398704   20.897910890  -39.628163041    3.004980872
    0.666398442   -0.554398704   13.654830200  -34.479794180    4.187423551
    0.856797996   -0.554398704    8.501038697  -18.056414474    5.072158385
    1.047197551   -0.554398704    7.222046605    5.103693089    5.497446976
    1.237597106   -0.554398704   10.407707141   27.535885287    5.356316589
    1.427996661   -0.554398704   17.218733830   42.307185878    4.692462225
    1.618396215   -0.554398704   25.821310352   46.217852936    3.694663666
    1.808795770   -0.554398704   34.207160963   40.573893589    2.616711080
    1.999195325   -0.554398704   40.919774583   29.386260173    1.674837840
    2.189594880   -0.554398704   45.310558409   16.759984382    0.972824899
    2.379994435   -0.554398704   47.369805996    5.150946643    0.490928162
    2.570393989   -0.554398704   47.382793593   -4.718115147    0.118141325
    2.760793544   -0.554398704   45.679972922  -12.890539784   -0.297615327
    2.951193099   -0.554398704   42.595983512  -19.164714761   -0.902979480

   -3.141592654   -0.184799568   37.378164105  -25.277442506   -4.531734741
   -2.951193099   -0.184799568   32.467077141  -25.770709187   -6.184984841
   -2.760793544   -0.184799568   27.808300028  -22.684098166   -7.877983036
   -2.570393989   -0.184799568   23.970350689  -17.458330706   -9.546330180
   -2.379994435   -0.184799568   21.149262201  -12.388736504  -11.209938811
   -2.189594880   -0.184799568   19.121161626   -9.331872456  -12.940134054
   -1.999195325   -0.184799568   17.447027760   -8.550677662  -14.748149509
   -1.808795770   -0.184799568   15.817452116   -8.488117541  -16.461998365
   -1.618396215   -0.184799568   14.323731575   -6.726726181  -17.697667263
   -1.427996661   -0.184799568   13.476959004   -1.528738881  -17.985084599
   -1.237597106   -0.184799568   13.951553585    6.978069399  -16.999313842
   -1.047197551   -0.184799568   16.208091715   16.712845995  -14.753225119
   -0.856797996   -0.184799568   20.190849677   24.538523340  -11.621500505
   -0.666398442   -0.184799568   25.245516074   27.537116343   -8.162886180
   -0.475998887   -0.184799568   30.272194408   24.058141599   -4.871289828
   -0.285599332   -0.184799568   34.007635082   14.153376549   -1.982568560
   -0.095199777   -0.184799568   35.359613095   -0.594358832    0.558154522
    0.095199777   -0.184799568   33.680191464  -17.000861554    2.984433215
    0.285599332   -0.184799568   29.060623702  -30.674880930    5.518764211
    0.475998887   -0.184799568   22.487246156  -36.783932348    8.184794407
    0.666398442   -0.184799568   15.762404368  -31.965380240   10.712512292
    0.856797996   -0.184799568   11.016587009  -16.390476782   12.603899290
    1.047197551   -0.184799568    9.934261992    5.429830240   13.360182676
    1.237597106   -0.184799568   13.039660705   26.379017199   12.738223788
    1.427996661   -0.184799568   19.510767852   39.980345043   10.907813699
    1.618396215   -0.184799568   27.608051827   43.351950545    8.372106606
    1.808795770   -0.184799568   35.449620461   37.816162593    5.736556011
    1.999195325   -0.184799568   41.681526747   27.134925102    3.458326464
    2.189594880   -0.184799568   45.698981478   15.074935881    1.714067161
    2.379994435   -0.184799568   47.475888275    3.822177001    0.419692627
    2.570393989   -0.184799568   47.243610782   -6.018957846   -0.654332996
    2.760793544   -0.184799568   45.270518909  -14.467895463   -1.750625882
    2.951193099   -0.184799568   41.844455979  -21.193250582   -3.030971229

   -3.141592654    0.184799568   35.577830682  -28.137131963   -6.198537333
   -2.951193099    0.184799568   30.124661723  -28.548196146   -7.881075586
   -2.760793544    0.184799568   24.957489903  -25.230219883   -9.357301232
   -2.570393989    0.184799568   20.655395866  -19.811202978  -10.582999426
   -2.379994435    0.184799568   17.389314699  -14.748643733  -11.646487583
   -2.189594880    0.184799568   14.896790761  -11.859351607  -12.702649950
   -1.999195325    0.184799568   12.733328125  -11.103844045  -13.829216527
   -1.808795770    0.184799568   10.657391271  -10.496436459  -14.892136543
   -1.618396215    0.184799568    8.899472289   -7.351260227  -15.530391732
   -1.427996661    0.184799568    8.124070767   -0.077047806  -15.306599210
   -1.237597106    0.184799568    9.088312727   10.625770245  -13.949979999
   -1.047197551    0.184799568   12.207092641   21.965127854  -11.537543526
   -0.856797996    0.184799568   17.260952134   30.350215336   -8.481035436
   -0.666398442    0.184799568   23.394385531   32.917828592   -5.307601570
   -0.475998887    0.184799568   29.360834329   28.516325430   -2.397674763
   -0.285599332    0.184799568   33.864123255   17.828806026    0.189602893
   -0.095199777    0.184799568   35.887060364    2.894725665    2.690651853
    0.095199777    0.184799568   34.910061530  -13.017579461    5.460958597
    0.285599332    0.184799568   31.128178547  -25.850518476    8.721485447
    0.475998887    0.184799568   25.536000962  -31.417418632   12.350378557
    0.666398442    0.184799568   19.812905674  -27.026280404   15.813393954
    0.856797996    0.184799568   15.865110982  -13.169844813   18.316672438
    1.047197551    0.184799568   15.147589218    5.918585026   19.146242144
    1.237597106    0.184799568   18.062124661   23.937056049   18.016741880
    1.427996661    0.184799568   23.840099253   35.327723514   15.235945274
    1.618396215    0.184799568   30.940992837   37.765140597   11.550097494
    1.808795770    0.184799568   37.730365489   32.521627871    7.803183852
    1.999195325    0.184799568   43.043234463   22.841384116    4.595968903
    2.189594880    0.184799568   46.349125745   11.863379770    2.132372611
    2.379994435    0.184799568   47.590541398    1.328950122    0.274699853
    2.570393989    0.184799568   46.911787429   -8.292934609   -1.279643229
    2.760793544    0.184799568   44.494586852  -16.898980538   -2.811175508
    2.951193099    0.184799568   40.578416628  -23.901203676   -4.460578177

   -3.141592654    0.554398704   34.751951452  -29.638101602   -5.552276289
   -2.951193099    0.554398704   29.001021799  -30.150589056   -6.871976140
   -2.760793544    0.554398704   23.519926240  -26.919016140   -7.922341944
   -2.570393989    0.554398704   18.886003824  -21.617114149   -8.677823470
   -2.379994435    0.554398704   15.260006978  -16.731724893   -9.227481605
   -2.189594880    0.554398704   12.372827985  -14.005541097   -9.715455669
   -1.999195325    0.554398704    9.801208344  -13.183227233  -10.223820984
   -1.808795770    0.554398704    7.373767536  -12.006975216  -10.670723271
   -1.618396215    0.554398704    5.433369041   -7.655751501  -10.804873789
   -1.427996661    0.554398704    4.754474247    1.283254149  -10.325416584
   -1.237597106    0.554398704    6.139701181   13.630295055   -9.064253105
   -1.047197551    0.554398704    9.946519864   26.051546291   -7.114612990
   -0.856797996    0.554398704   15.815099909   34.681713292   -4.803470707
   -0.666398442    0.554398704   22.740832912   36.831987586   -2.503752597
   -0.475998887    0.554398704   29.397117601   31.878698637   -0.426074518
   -0.285599332    0.554398704   34.518739498   21.067487868    1.511502586
   -0.095199777    0.554398704   37.205171787    6.754064442    3.628097245
    0.095199777    0.554398704   37.073908533   -7.931623451    6.303376687
    0.285599332    0.554398704   34.386643047  -19.498317163    9.715198225
    0.475998887    0.554398704   30.069123958  -24.582338720   13.643155075
    0.666398442    0.554398704   25.580522717  -21.183454467   17.417753324
    0.856797996    0.554398704   22.520126308   -9.943793539   20.114516191
    1.047197551    0.554398704   22.077667796    5.485331578   20.937100007
    1.237597106    0.554398704   24.556400419   19.909296525   19.597642796
    1.427996661    0.554398704   29.309062982   28.843927712   16.470878269
    1.618396215    0.554398704   35.073820135   30.498588453   12.400900685
    1.808795770    0.554398704   40.527170231   25.954232629    8.317766346
    1.999195325    0.554398704   44.726567537   17.784743849    4.866670560
    2.189594880    0.554398704   47.225089304    8.404862823    2.257755023
    2.379994435    0.554398704   47.931147614   -0.922006877    0.341330554
    2.570393989    0.554398704   46.895720825   -9.872869863   -1.195032054
    2.760793544    0.554398704   44.204362525  -18.254306960   -2.629785329
    2.951193099    0.554398704   40.028834328  -25.290103125   -4.093345649

   -3.141592654    0.923997839   33.441144929  -31.133410797   -5.167341489
   -2.951193099    0.923997839   27.440263654  -31.235572672   -5.915333884
   -2.760793544    0.923997839   21.797992554  -27.521269259   -6.256605018
   -2.570393989    0.923997839   17.089648503  -21.825760290   -6.238325515
   -2.379994435    0.923997839   13.443168716  -16.785130805   -6.014283143
   -2.189594880    0.923997839   10.538874785  -14.168811263   -5.770642255
   -1.999195325    0.923997839    7.914729248  -13.569430305   -5.630330026
   -1.808795770    0.923997839    5.403063636  -12.455010521   -5.585802942
   -1.618396215    0.923997839    3.401841892   -7.772190881   -5.498955635
   -1.427996661    0.923997839    2.765886238    1.903171752   -5.174672109
   -1.237597106    0.923997839    4.354958366   15.140999617   -4.470724053
   -1.047197551    0.923997839    8.520736321   28.240009638   -3.384034069
   -0.856797996    0.923997839   14.836406934   37.111416318   -2.050892822
   -0.666398442    0.923997839   22.218381390   39.159592350   -0.644121809
   -0.475998887    0.923997839   29.307080852   34.135927597    0.749830134
   -0.285599332    0.923997839   34.885152644   23.705406645    2.229159138
   -0.095199777    0.923997839   38.162607514   10.432713446    4.043621287
    0.095199777    0.923997839   38.871901982   -2.742597371    6.474914977
    0.285599332    0.923997839   37.313769907  -12.909760625    9.619184488
    0.475998887    0.923997839   34.318640622  -17.496367170   13.217274384
    0.666398442    0.923997839   31.107998343  -15.134028845   16.614048655
    0.856797996    0.923997839   28.969294544   -6.558188364   18.949046461
    1.047197551    0.923997839   28.829978581    5.196564256   19.511344576
    1.237597106    0.923997839   30.900894260   16.032641558   18.085037798
    1.427996661    0.923997839   34.657532579   22.511393321   15.061162068
    1.618396215    0.923997839   39.112671511   23.353081433   11.235561483
    1.808795770    0.923997839   43.246336032   19.429765244    7.450451839
    1.999195325    0.923997839   46.329497790   12.646971232    4.262669021
    2.189594880    0.923997839   47.990666109    4.706811486    1.830173188
    2.379994435    0.923997839   48.100055369   -3.575816199    0.002456404
    2.570393989    0.923997839   46.618912057  -11.973435314   -1.486469180
    2.760793544    0.923997839   43.551616047  -20.133111755   -2.836722105
    2.951193099    0.923997839   39.030188969  -27.033181357   -4.094180512

   -3.141592654    1.293596975   31.375860251  -33.140595625   -7.070152781
   -2.951193099    1.293596975   25.065239384  -32.424737888   -7.895347887
   -2.760793544    1.293596975   19.288090648  -27.746861012   -7.989741599
   -2.570393989    1.293596975   14.619158534  -21.232578088   -7.368432357
   -2.379994435    1.293596975   11.135727795  -15.736375253   -6.226237347
   -2.189594880    1.293596975    8.440978367  -13.080797072   -4.847567142
   -1.999195325    1.293596975    6.002303632  -12.743019080   -3.490500667
   -1.808795770    1.293596975    3.614442684  -11.975599468   -2.309347328
   -1.618396215    1.293596975    1.680737371   -7.505828585   -1.341484411
   -1.427996661    1.293596975    1.096180514    2.225294130   -0.545636242
   -1.237597106    1.293596975    2.774901174   15.795407295    0.141659036
   -1.047197551    1.293596975    7.111541187   29.388151077    0.758256752
   -0.856797996    1.293596975   13.694867262   38.762785523    1.306459333
   -0.666398442    1.293596975   21.432759282   41.222331083    1.798462006
   -0.475998887    1.293596975   28.947545501   36.544298576    2.308301207
   -0.285599332    1.293596975   35.019489686   26.499006164    3.028441519
   -0.095199777    1.293596975   38.876642650   13.755726985    4.230582702
    0.095199777    1.293596975   40.277592626    1.194531090    6.170034493
    0.285599332    1.293596975   39.516360743   -8.541561877    8.897050110
    0.475998887    1.293596975   37.350292871  -13.289997381   12.117651140
    0.666398442    1.293596975   34.854878978  -11.986181554   15.174391535
    0.856797996    1.293596975   33.144512369   -5.325498324   17.242816815
    1.047197551    1.293596975   33.021598273    4.126260464   17.665086787
    1.237597106    1.293596975   34.686810242   12.949010774   16.267138459
    1.427996661    1.293596975   37.728739590   18.250186285   13.436982361
    1.618396215    1.293596975   41.340128291   18.905977714    9.916912085
    1.808795770    1.293596975   44.669891752   15.515743303    6.462157125
    1.999195325    1.293596975   47.081778560    9.511243964    3.538321048
    2.189594880    1.293596975   48.208264274    2.173618598    1.233192775
    2.379994435    1.293596975   47.863373173   -5.879223231   -0.640796311
    2.570393989    1.293596975   45.939209372  -14.358148044   -2.349288483
    2.760793544    1.293596975   42.402098188  -22.666384592   -4.049171813
    2.951193099    1.293596975   37.398826287  -29.501545483   -5.696121667

   -3.141592654    1.663196111   27.954822127  -36.173516425   -9.010478295
   -2.951193099    1.663196111   21.204796425  -33.913451463  -10.151033179
   -2.760793544    1.663196111   15.316195877  -27.427874148  -10.265174105
   -2.570393989    1.663196111   10.864030480  -19.354447134   -9.231716861
   -2.379994435    1.663196111    7.839056025  -12.918696268   -7.187520765
   -2.189594880    1.663196111    5.713325619  -10.031845185   -4.470259611
   -1.999195325    1.663196111    3.831772940  -10.008998813   -1.505837343
   -1.808795770    1.663196111    1.910879153   -9.825376195    1.293267242
   -1.618396215    1.663196111    0.329047338   -5.942214713    3.593387366
   -1.427996661    1.663196111    0.000000000    3.384896737    5.177384703
   -1.237597106    1.663196111    1.882082077   16.811440241    5.968385723
   -1.047197551    1.663196111    6.417221380   30.477939384    6.033378057
   -0.856797996    1.663196111   13.224957579   40.031800825    5.558043943
   -0.666398442    1.663196111   21.222822443   42.667335654    4.812956557
   -0.475998887    1.663196111   29.029627580   38.171206954    4.096688909
   -0.285599332    1.663196111   35.435978535   28.407150283    3.713346340
   -0.095199777    1.663196111   39.699648516   16.158586610    3.923231418
    0.095199777    1.663196111   41.619257032    4.246109152    4.896906549
    0.285599332    1.663196111   41.495023215   -4.959861239    6.611876127
    0.475998887    1.663196111   40.022468132   -9.711892105    8.786325584
    0.666398442    1.663196111   38.141731218   -9.253942552   10.885510167
    0.856797996    1.663196111   36.804129231   -4.254792723   12.280092052
    1.047197551    1.663196111   36.692318453    3.160016720   12.486364891
    1.237597106    1.663196111   37.994170478   10.194428981   11.395882961
    1.427996661    1.663196111   40.397869250   14.444672982    9.306642546
    1.618396215    1.663196111   43.253370646   14.904406902    6.757641303
    1.808795770    1.663196111   45.851488148   11.891869730    4.269485897
    1.999195325    1.663196111   47.622086472    6.379925050    2.125169323
    2.189594880    1.663196111   48.178791570   -0.747112394    0.317964515
    2.379994435    1.663196111   47.263535851   -9.018352530   -1.357027261
    2.570393989    1.663196111   44.696239519  -17.994212986   -3.135941696
    2.760793544    1.663196111   40.423695607  -26.700534454   -5.122028326
    2.951193099    1.663196111   34.652271805  -33.415135146   -7.191699342

   -3.141592654    2.032795246   24.110935392  -40.044530253   -8.342521528
   -2.951193099    2.032795246   16.776775763  -36.021274081   -9.198873358
   -2.760793544    2.032795246   10.712064375  -27.099366380   -8.991209511
   -2.570393989    2.032795246    6.569080832  -16.466064394   -7.589196792
   -2.379994435    2.032795246    4.305417608   -7.927426528   -5.115039081
   -2.189594880    2.032795246    3.263908084   -3.797804452   -1.892277726
   -1.999195325    2.032795246    2.607465834   -3.542388431    1.647455676
   -1.808795770    2.032795246    1.864045680   -4.064575687    5.041841509
   -1.618396215    2.032795246    1.253434874   -1.592715475    7.853905620
   -1.427996661    2.032795246    1.586460432    5.961255764    9.732807053
   -1.237597106    2.032795246    3.789724616   17.643737358   10.490481545
   -1.047197551    2.032795246    8.345380893   29.936296284   10.159859711
   -0.856797996    2.032795246   14.964186413   38.686359243    8.988808906
   -0.666398442    2.032795246   22.677712357   41.106459707    7.368408031
   -0.475998887    2.032795246   30.208431191   36.896401175    5.708747111
   -0.285599332    2.032795246   36.430030977   27.783376304    4.354455192
   -0.095199777    2.032795246   40.657231977   16.427290113    3.519702660
    0.095199777    2.032795246   42.720726305    5.480938771    3.283789271
    0.285599332    2.032795246   42.913039274   -2.923467338    3.570272649
    0.475998887    2.032795246   41.869736271   -7.340488890    4.165816441
    0.666398442    2.032795246   40.417426548   -7.241510107    4.762108966
    0.856797996    2.032795246   39.371783702   -3.297202458    5.059004107
    1.047197551    2.032795246   39.307272371    2.679605553    4.867395808
    1.237597106    2.032795246   40.383015876    8.358804670    4.195165838
    1.427996661    2.032795246   42.345014810   11.744013455    3.209397460
    1.618396215    2.032795246   44.653140707   11.954252346    2.133992755
    1.808795770    2.032795246   46.701739323    9.112802758    1.132262273
    1.999195325    2.032795246   47.967082019    3.829473437    0.227137402
    2.189594880    2.032795246   48.039405256   -3.350058999   -0.689788696
    2.379994435    2.032795246   46.590124253  -12.093498017   -1.790171721
    2.570393989    2.032795246   43.367082705  -21.831981353   -3.207486471
    2.760793544    2.032795246   38.293793181  -31.221412181   -4.936572064
    2.951193099    2.032795246   31.636355488  -38.068648878   -6.774081660

   -3.141592654    2.402394382   20.712532580  -43.395406787   -3.827855014
   -2.951193099    2.402394382   12.890262000  -37.643494279   -3.695907091
   -2.760793544    2.402394382    6.744129404  -26.249448165   -2.821414060
   -2.570393989    2.402394382    3.020039768  -12.932513551   -1.154361093
   -2.379994435    2.402394382    1.657722993   -2.104862073    1.228703299
   -2.189594880    2.402394382    1.876465671    3.445532895    4.156854368
   -1.999195325    2.402394382    2.647469309    4.018081677    7.382967847
   -1.808795770    2.402394382    3.285300612    2.711419074   10.568979821
   -1.618396215    2.402394382    3.815950896    3.493630934   13.282437333
   -1.427996661    2.402394382    4.909291898    8.804533221   15.063888655
   -1.237597106    2.402394382    7.428783271   18.144271235   15.572182989
   -1.047197551    2.402394382   11.881913407   28.446434760   14.731820636
   -0.856797996    2.402394382   18.080648390   35.890596781   12.783351418
   -0.666398442    2.402394382   25.201529539   37.793421456   10.197883040
   -0.475998887    2.402394382   32.109153353   33.752757782    7.496326254
   -0.285599332    2.402394382   37.785548877   25.237984557    5.089521327
   -0.095199777    2.402394382   41.598967176   14.628818968    3.187404650
    0.095199777    2.402394382   43.384587568    4.326264775    1.813750616
    0.285599332    2.402394382   43.399500234   -3.679619321    0.858425199
    0.475998887    2.402394382   42.227880011   -7.970283074    0.164809931
    0.666398442    2.402394382   40.651244368   -7.923573639   -0.399348456
    0.856797996    2.402394382   39.466894496   -4.058772416   -0.889291879
    1.047197551    2.402394382   39.258263003    1.962894156   -1.286136994
    1.237597106    2.402394382   40.213518992    7.839208891   -1.521314019
    1.427996661    2.402394382   42.101992562   11.494407610   -1.555100209
    1.618396215    2.402394382   44.383076236   11.897646722   -1.413087100
    1.808795770    2.402394382   46.422536116    9.027572173   -1.192150977
    1.999195325    2.402394382   47.644778403    3.406785721   -1.030422659
    2.189594880    2.402394382   47.577896267   -4.442492310   -1.057453709
    2.379994435    2.402394382   45.834721054  -14.123607692   -1.355181046
    2.570393989    2.402394382   42.126667409  -24.891381540   -1.926749245
    2.760793544    2.402394382   36.387202333  -35.091974814   -2.675021266
    2.951193099    2.402394382   28.960892773  -42.143127187   -3.398344276

   -3.141592654    2.771993518   19.925282579  -43.519907783    2.471929926
   -2.951193099    2.771993518   12.150697776  -36.981958550    3.838204808
   -2.760793544    2.771993518    6.221887589  -24.611600603    5.488693830
   -2.570393989    2.771993518    2.908412413  -10.257575986    7.393662560
   -2.379994435    2.771993518    2.150717666    1.553930057    9.546442668
   -2.189594880    2.771993518    3.147959304    7.926400201   11.946668043
   -1.999195325    2.771993518    4.826454721    8.998007277   14.527388264
   -1.808795770    2.771993518    6.417718180    7.632321319   17.060991703
   -1.618396215    2.771993518    7.818867665    7.574867368   19.129384757
   -1.427996661    2.771993518    9.542785552   11.222942982   20.222626906
   -1.237597106    2.771993518   12.316512889   18.341490684   19.944439945
   -1.047197551    2.771993518   16.587877262   26.381539518   18.210198724
   -0.856797996    2.771993518   22.215580411   32.078908267   15.308732041
   -0.666398442    2.771993518   28.510816074   33.079992959   11.780910130
   -0.475998887    2.771993518   34.502916943   28.966923265    8.193403525
   -0.285599332    2.771993518   39.307139261   20.919786733    4.935732181
   -0.095199777    2.771993518   42.358898455   10.950781868    2.134569256
    0.095199777    2.771993518   43.499128493    1.199269798   -0.287115994
    0.285599332    2.771993518   42.959025325   -6.399961090   -2.478511817
    0.475998887    2.771993518   41.303849212  -10.317068909   -4.510063667
    0.666398442    2.771993518   39.325114953   -9.756626408   -6.288108558
    0.856797996    2.771993518   37.858788292   -5.142422394   -7.575909854
    1.047197551    2.771993518   37.530159413    1.818931580   -8.121234820
    1.237597106    2.771993518   38.547347438    8.615219291   -7.802869053
    1.427996661    2.771993518   40.652771174   12.941725580   -6.734367311
    1.618396215    2.771993518   43.241223459   13.607585334   -5.221847752
    1.808795770    2.771993518   45.597223404   10.579171290   -3.636599625
    1.999195325    2.771993518   47.074290069    4.494561057   -2.269238085
    2.189594880    2.771993518   47.157828921   -3.960253360   -1.244153449
    2.379994435    2.771993518   45.449099161  -14.229993589   -0.521730894
    2.570393989    2.771993518   41.675564491  -25.441302695    0.044805660
    2.760793544    2.771993518   35.808475747  -35.834565478    0.637039658
    2.951193099    2.771993518   28.248531613  -42.752220518    1.413983440
