   0.0140724587
   0.0143142962
   0.0199885090
   0.0039285634
   0.0136252949
   0.0140496897
   0.0220288631
   0.0107670741
   0.0021268336
  -0.0107246380
  -0.0289912884
  -0.0238373062
  -0.0119597236
  -0.0373594835
  -0.0432881673
  -0.0418854846
  -0.0257958359
  -0.0173236199
  -0.0417105309
  -0.0478803052
  -0.0497235438
  -0.0467771427
  -0.0281173726
  -0.0279742263
  -0.0446268522
  -0.0490149984
  -0.0490653350
  -0.0386097316
  -0.0324878593
  -0.0430941834
  -0.0415164441
  -0.0239532415
  -0.0120622520
  -0.0306311518
  -0.0080088600
   0.0016677841
   0.0054895852
  -0.0157916694
  -0.0146834132
  -0.0225190586
  -0.0173436679
   0.0070879837
  -0.0178107980
  -0.0223604037
  -0.0057356115
  -0.0176573971
  -0.0114337995
  -0.0047679930
  -0.0016474820
   0.0072411314
   0.0156691636
   0.0150900729
   0.0097552447
   0.0141876632
   0.0167859870
   0.0177944283
   0.0141509705
   0.0045827688
   0.0207463850
   0.0134358982
   0.0177688060
   0.0170430041
   0.0164098621
   0.0180352085
   0.0160865570
   0.0161234216
   0.0163398388
   0.0181893865
   0.0158079678
   0.0146487568
   0.0162194997
   0.0155072367
   0.0107490020
   0.0003049322
   0.0061839572
   0.0113477164
  -0.0033323540
   0.0096988939
   0.0136853141
   0.0142994209
  -0.0093092217
   0.0085270975
   0.0134096208
   0.0136319949
  -0.0054797034
   0.0091236082
   0.0123490716
   0.0074887927
   0.0279941183
   0.0188909910
   0.0386838479
   0.0298845536
   0.0306953418
   0.0396222406
   0.0274919050
   0.0331484482
   0.0320137259
   0.0082395593
   0.0178088810
   0.0185145969
   0.0044019531
   0.0118617300
   0.0118430125
   0.0124664292
   0.0128545704
   0.0001663954
   0.0118766895
   0.0039533444
   0.0110291136
   0.0135736312
   0.0033458572
   0.0099492639
   0.0071897570
   0.0137060215
   0.0068722410
  -0.0011528966
  -0.0057786160
  -0.0193002523
  -0.0150155929
  -0.0050440011
  -0.0257416434
  -0.0315760139
  -0.0294414838
  -0.0157034448
  -0.0046771552
  -0.0284523218
  -0.0360184127
  -0.0380562525
  -0.0360048712
  -0.0252025016
  -0.0122288467
  -0.0316809058
  -0.0382455706
  -0.0402121912
  -0.0387402636
  -0.0296465919
  -0.0206825275
  -0.0341086989
  -0.0384386422
  -0.0376772739
  -0.0288383604
  -0.0091773498
   0.0027814169
  -0.0241791728
  -0.0328235586
  -0.0312329279
  -0.0183783844
  -0.0103327435
  -0.0231062278
  -0.0030707570
   0.0012185837
   0.0040774407
  -0.0080947069
  -0.0085331489
  -0.0138478160
  -0.0115113122
   0.0033246785
  -0.0144305774
  -0.0141216894
  -0.0014009026
  -0.0124984840
  -0.0123262485
   0.0015048467
  -0.0084854923
  -0.0053574525
   0.0004749410
   0.0014717915
   0.0060039128
   0.0130813306
   0.0109545871
   0.0043539442
   0.0128662045
   0.0135873095
   0.0132415948
   0.0102263923
   0.0014700879
   0.0126805813
   0.0143208635
   0.0139561297
   0.0105757332
   0.0050600238
   0.0148140717
   0.0099539016
   0.0126072598
   0.0141046076
   0.0130318706
   0.0126902587
   0.0140625526
   0.0124497128
   0.0130171851
   0.0128031547
   0.0142031761
   0.0142042148
   0.0121265053
   0.0098073010
   0.0117288539
   0.0133234857
   0.0138065996
   0.0123603534
   0.0079780134
   0.0015125215
   0.0132135216
   0.0120926203
   0.0080090468
   0.0077788393
  -0.0060572914
   0.0043462700
   0.0094283969
   0.0112798756
  -0.0052832812
   0.0056920334
   0.0100594208
   0.0113565115
  -0.0191942539
   0.0008218560
   0.0081464759
   0.0103637009
  -0.0090496132
   0.0027912822
   0.0080763016
   0.0184710950
   0.0141234317
   0.0274117132
   0.0219127850
   0.0036897413
   0.0221863359
   0.0305357007
   0.0242305548
   0.0022295526
   0.0161989440
   0.0276885945
   0.0284184940
   0.0187767841
   0.0253414222
   0.0215860267
   0.0076434265
   0.0160368717
   0.0122696673
   0.0039350917
   0.0078267871
   0.0103316722
   0.0111972164
   0.0002427620
   0.0102187341
   0.0108060463
   0.0099895885
   0.0021874024
   0.0077127884
   0.0099341596
   0.0028141613
   0.0076941277
  -0.0027449107
   0.0071626716
   0.0035973396
   0.0087754232
   0.0042865808
  -0.0024179623
  -0.0145743252
  -0.0109672400
  -0.0011904609
  -0.0186420293
  -0.0247358743
  -0.0243863372
  -0.0168271835
   0.0002440649
  -0.0206153778
  -0.0283118933
  -0.0307450623
  -0.0297393339
  -0.0233702445
  -0.0063620612
  -0.0236013436
  -0.0303771796
  -0.0326506576
  -0.0319493833
  -0.0265046925
  -0.0145295680
  -0.0262831366
  -0.0308737406
  -0.0310650817
  -0.0260776084
  -0.0137549382
  -0.0183747987
  -0.0262098887
  -0.0247147621
  -0.0136821435
  -0.0070685214
  -0.0178099991
  -0.0003389442
   0.0024222974
   0.0038898611
  -0.0038298347
  -0.0047909328
  -0.0022339968
  -0.0096502688
  -0.0059250029
   0.0051099500
  -0.0032741880
  -0.0104336572
  -0.0082067031
   0.0021394801
  -0.0089070658
  -0.0065981205
   0.0046325674
  -0.0053677159
  -0.0006251654
   0.0022647101
   0.0025438073
   0.0110148668
   0.0081738213
   0.0113943392
   0.0115330527
   0.0104101865
   0.0066866788
   0.0100802378
   0.0113784927
   0.0119130762
   0.0107039243
   0.0070132267
   0.0103243121
   0.0114237181
   0.0102612790
   0.0100386776
   0.0113447557
   0.0096662767
   0.0102844830
   0.0104168874
   0.0117095035
   0.0115618356
   0.0094739812
   0.0092748428
   0.0108163324
   0.0116147660
   0.0113237554
   0.0092573490
   0.0044888903
   0.0114000811
   0.0096916856
   0.0045484692
   0.0064053957
   0.0001186932
   0.0060878411
   0.0088750548
  -0.0118115207
   0.0009717933
   0.0065644601
   0.0089342631
   0.0101407269
  -0.0050365929
   0.0040572044
   0.0077057684
   0.0094788735
   0.0009028005
   0.0066014369
   0.0140688455
   0.0099073515
   0.0212406719
   0.0167092268
   0.0024683536
   0.0179360058
   0.0237135835
   0.0183296201
   0.0012972925
   0.0142276652
   0.0221037459
   0.0217588368
   0.0138154679
   0.0202787610
   0.0158474457
   0.0021113507
   0.0121321604
   0.0036949509
   0.0068544641
  -0.0022609016
   0.0087346704
   0.0097047396
   0.0088282689
   0.0090794070
   0.0096283761
   0.0096050723
   0.0076982788
   0.0019323267
   0.0090728080
   0.0092152873
   0.0062900350
   0.0010641926
   0.0066345998
   0.0053571875
   0.0076466706
   0.0037053595
   0.0023984013
   0.0061473102
  -0.0013250890
  -0.0053510000
   0.0063603786
   0.0015706950
   0.0056941849
   0.0025801919
  -0.0028405027
  -0.0099570208
  -0.0070643900
  -0.0002142512
  -0.0123854857
  -0.0178530305
  -0.0184487934
  -0.0143242240
  -0.0138257182
  -0.0210804619
  -0.0237675201
  -0.0234127429
  -0.0194494122
  -0.0152420021
  -0.0225735240
  -0.0257937133
  -0.0266399366
  -0.0252433804
  -0.0204421856
  -0.0060210764
  -0.0184750424
  -0.0244351071
  -0.0267981764
  -0.0266970818
  -0.0236079142
  -0.0158377413
  -0.0118513470
  -0.0203071353
  -0.0244158966
  -0.0251614540
  -0.0225452990
  -0.0157379319
  -0.0007556373
  -0.0144736276
  -0.0206208044
  -0.0193680719
  -0.0110654298
  -0.0063072195
  -0.0140445795
   0.0011194966
   0.0021570303
   0.0032077272
  -0.0009728029
  -0.0022549736
   0.0096951181
  -0.0026608835
  -0.0058172649
  -0.0027001212
   0.0040127525
  -0.0036658395
  -0.0071415544
  -0.0046166224
   0.0027335815
  -0.0061477137
  -0.0061833130
  -0.0010956692
   0.0081594838
  -0.0006173444
  -0.0049931896
  -0.0021842316
   0.0062173807
   0.0015412588
  -0.0018341926
   0.0022233407
   0.0065966191
   0.0032387440
   0.0029983891
   0.0101385865
   0.0095365424
   0.0076529052
   0.0028902124
   0.0100363416
   0.0099002095
   0.0085692635
   0.0051287665
   0.0084695132
   0.0096007856
   0.0099758947
   0.0090349206
   0.0065123685
   0.0085136610
   0.0093199600
   0.0084351856
   0.0080239319
   0.0093610267
   0.0080144806
   0.0084279797
   0.0088338335
   0.0098546490
   0.0096618193
   0.0080681000
   0.0080757759
   0.0094217384
   0.0100610047
   0.0097695813
   0.0081086358
   0.0047385292
   0.0100947874
   0.0095288766
   0.0075220181
   0.0027555911
   0.0001761616
   0.0049331806
   0.0076370268
  -0.0019019874
   0.0038859467
   0.0068102532
   0.0083959328
  -0.0039288511
   0.0029434479
   0.0062526398
   0.0079509038
  -0.0061220157
   0.0020773935
   0.0058044076
  -0.0002468498
   0.0098843173
   0.0155279085
   0.0120409788
   0.0129050945
   0.0183972995
   0.0144429040
   0.0031085793
   0.0116450857
   0.0173022602
   0.0184495504
   0.0134496292
   0.0128717722
   0.0179476222
   0.0158000517
   0.0085526450
   0.0152813921
   0.0108816408
