   0.0273584427
   0.0285198284
   0.0215032436
   0.0309187472
   0.0090378856
   0.0087599044
   0.0113369517
   0.0096339499
   0.0247684204
   0.0140476140
   0.0287668700
   0.0184038630
   0.0113870920
  -0.0092238693
  -0.0214764135
  -0.0172803738
  -0.0332894760
  -0.0202681719
  -0.0322813020
  -0.0330162945
  -0.0047008414
  -0.0347108386
  -0.0184394675
  -0.0096123422
  -0.0256203451
  -0.0167426817
  -0.0126390925
   0.0041606121
   0.0055498594
   0.0187313672
   0.0026803086
   0.0098633183
  -0.0021283835
   0.0019322489
   0.0023676293
   0.0165119173
   0.0055211349
   0.0076224662
   0.0091781316
   0.0014461333
   0.0053348474
  -0.0014196609
  -0.0046756210
   0.0148502078
   0.0047836265
  -0.0024853268
   0.0074842562
  -0.0250642679
  -0.0289524860
  -0.0401535327
  -0.0339697245
  -0.0423227370
  -0.0465365612
  -0.0387614412
  -0.0414447530
  -0.0473449186
  -0.0462083714
  -0.0406301627
  -0.0457274582
  -0.0400916038
  -0.0230371295
  -0.0376434115
  -0.0325184253
  -0.0205979459
   0.0012287612
  -0.0006003224
   0.0132640930
   0.0008622532
   0.0032652197
   0.0196505674
   0.0036996106
   0.0057212956
   0.0166179256
  -0.0034285370
   0.0196436031
  -0.0007891855
   0.0095354969
  -0.0290440131
  -0.0378143907
  -0.0465433510
  -0.0367770102
  -0.0513527438
  -0.0537288693
  -0.0496054213
  -0.0448604595
  -0.0541967278
  -0.0553003562
  -0.0528317877
  -0.0399820546
  -0.0497968452
  -0.0526069606
  -0.0477375454
  -0.0346515411
  -0.0434473664
  -0.0305390013
  -0.0223339882
   0.0039894142
   0.0032473595
   0.0134663459
   0.0029794388
   0.0026628965
   0.0046984233
   0.0096020019
   0.0003464380
   0.0094525887
   0.0119495394
   0.0030180433
   0.0035422900
  -0.0022183843
  -0.0017545233
   0.0041828921
   0.0056191996
   0.0035837208
  -0.0377865766
   0.0028858468
  -0.0009115807
  -0.0029319424
   0.0296322463
   0.0353459848
   0.0315862560
   0.0303142846
   0.0496705403
   0.0366968510
   0.0320576154
   0.0300978059
   0.0375125438
   0.0306967890
   0.0375756518
   0.0222357059
   0.0029045403
   0.0273786988
   0.0205644524
   0.0096146648
  -0.0083660272
  -0.0027070765
   0.0232984803
   0.0175350368
   0.0119899252
   0.0179804521
   0.0246354864
   0.0200706029
   0.0183787896
   0.0222567849
   0.0151048012
   0.0073454913
   0.0165114527
   0.0227037617
   0.0258391149
   0.0198293821
   0.0069746894
  -0.0187856723
   0.0049534330
   0.0365654986
   0.0256244355
   0.0440411156
   0.0252185554
   0.0360319081
   0.0441769320
   0.0260132563
   0.0365669629
   0.0371268757
   0.0272462118
  -0.0098840571
   0.0021351229
   0.0102879378
   0.0048011241
  -0.0171179023
   0.0101893355
   0.0046911176
  -0.0190198562
   0.0013104503
   0.0056959181
   0.0055348377
   0.0024624156
  -0.0031993632
   0.0063609337
   0.0070870619
  -0.0148231539
   0.0022408148
   0.0083093193
   0.0081458488
  -0.0238193010
   0.0009448429
  -0.0248655246
  -0.0003609611
  -0.0260811354
  -0.0097481335
   0.0033744485
   0.0085895693
   0.0052405333
   0.0041356510
   0.0010253677
   0.0073260020
   0.0067054605
   0.0065032067
   0.0026708664
   0.0008663306
   0.0022243905
   0.0026613034
  -0.0041318924
   0.0009241323
   0.0031159279
   0.0033642073
  -0.0026841578
  -0.0186924998
  -0.0066324690
  -0.0377555484
   0.0043813515
  -0.0055912670
  -0.0330465352
   0.0022443995
   0.0034164045
  -0.0019559735
  -0.0188253040
   0.0009430183
   0.0018299512
   0.0026300747
  -0.0050487353
   0.0014801072
   0.0023079701
  -0.0212032046
  -0.0041846135
  -0.0229410687
  -0.0013911196
   0.0043544885
  -0.0265244877
  -0.0023706639
   0.0036747157
  -0.0067877197
   0.0224304639
   0.0247176639
   0.0321596942
   0.0233258220
   0.0177181563
   0.0238018364
   0.0252120316
   0.0086713309
   0.0075051369
   0.0108547125
   0.0074873485
   0.0189052012
   0.0102929036
   0.0335053917
   0.0141926831
   0.0219530194
   0.0134158227
   0.0090311579
  -0.0054165183
  -0.0132957464
  -0.0103040743
  -0.0210418402
  -0.0128778049
  -0.0233794386
  -0.0192840503
   0.0025779204
  -0.0240106787
  -0.0189717790
  -0.0150550384
  -0.0222663367
  -0.0114489084
  -0.0072434271
  -0.0162063264
  -0.0100814814
  -0.0075423359
   0.0026390253
   0.0028970795
   0.0106872595
   0.0006190902
   0.0057222685
  -0.0033532595
   0.0006963815
   0.0027753826
   0.0095491740
   0.0037667662
   0.0054566866
   0.0054438775
   0.0024467323
   0.0016009409
  -0.0018729449
  -0.0056840686
   0.0084691487
   0.0029739118
  -0.0034448875
   0.0035977677
  -0.0179256558
  -0.0196283544
  -0.0289337669
  -0.0245130873
  -0.0305176031
  -0.0348917159
  -0.0287287067
  -0.0287533079
  -0.0360833545
  -0.0363224826
  -0.0277228940
  -0.0356050656
  -0.0362406326
  -0.0279692543
  -0.0338346033
  -0.0295565252
  -0.0137810383
  -0.0262777095
  -0.0230426251
  -0.0140957982
   0.0009932790
  -0.0025928228
   0.0078327031
  -0.0011455497
   0.0005751793
   0.0110303589
   0.0030528861
   0.0013425858
   0.0093749573
  -0.0044689191
  -0.0023336532
  -0.0128244601
   0.0045457519
  -0.0214437614
  -0.0272493778
  -0.0346701112
  -0.0267373558
  -0.0385626343
  -0.0416270051
  -0.0370769112
  -0.0403511089
  -0.0442032348
  -0.0435693449
  -0.0377980737
  -0.0396204707
  -0.0437497493
  -0.0430741094
  -0.0369015317
  -0.0369892354
  -0.0401059743
  -0.0344000747
  -0.0247126964
  -0.0315855948
  -0.0209743206
  -0.0161566263
   0.0032714439
   0.0016218202
   0.0077007992
  -0.0001662317
   0.0024170860
   0.0023837116
   0.0072895076
   0.0080905171
   0.0074126004
   0.0085562725
   0.0063207229
   0.0003437124
   0.0016111088
  -0.0033328544
   0.0010264542
   0.0026737269
   0.0019039496
   0.0021838618
  -0.0036471158
   0.0256963620
   0.0288780216
   0.0267119290
   0.0256982707
   0.0376525265
   0.0302868042
   0.0274718417
   0.0258065646
   0.0381754611
   0.0309737113
   0.0272956084
   0.0255879551
   0.0399410364
   0.0313171847
   0.0264780766
   0.0306186816
   0.0198479152
   0.0105965487
  -0.0047238458
   0.0224423877
   0.0174528012
   0.0101168922
  -0.0007630657
  -0.0058516108
   0.0193675614
   0.0150719701
   0.0100125686
   0.0118557909
   0.0169897133
   0.0208293116
   0.0162692066
   0.0143754640
   0.0179971083
   0.0129841448
   0.0060237518
   0.0092061506
   0.0152433042
   0.0189692108
   0.0210510549
   0.0163888445
   0.0077253072
  -0.0076516606
   0.0196851007
   0.0105071289
  -0.0068122927
   0.0296359643
   0.0221172979
   0.0363766558
   0.0214679714
   0.0296383074
   0.0392162369
   0.0156674964
   0.0260027659
   0.0325108898
   0.0364972528
   0.0083228533
   0.0224614797
   0.0302743589
   0.0300974670
   0.0234231793
  -0.0012597457
   0.0059250623
  -0.0000868211
   0.0079145607
   0.0043474637
  -0.0055598039
   0.0057649140
  -0.0006483222
   0.0041530329
  -0.0028924142
   0.0029616857
   0.0035116685
   0.0017063297
  -0.0045613459
  -0.0000781652
   0.0045443714
   0.0043862784
  -0.0206889167
  -0.0050827050
   0.0031001923
   0.0058496226
   0.0048965605
  -0.0098981966
   0.0013989811
   0.0064920264
  -0.0302135569
  -0.0087892983
   0.0014422393
   0.0067379603
  -0.0127872228
  -0.0023947425
   0.0039112241
   0.0061520063
   0.0032516567
   0.0028177352
  -0.0006887123
   0.0021413650
   0.0050889579
   0.0041306454
   0.0038938279
   0.0002951993
  -0.0004866194
   0.0000127816
   0.0009643668
  -0.0022843142
  -0.0046672628
  -0.0001454896
  -0.0001112570
   0.0014109641
  -0.0009511042
  -0.0083469351
  -0.0203624628
   0.0016630952
  -0.0039983101
  -0.0164296586
   0.0012983856
  -0.0033945357
  -0.0149135405
  -0.0007154362
   0.0012711424
  -0.0006839362
  -0.0082246278
  -0.0224063467
  -0.0004917467
  -0.0003483205
   0.0008288630
  -0.0025725780
  -0.0052183222
   0.0003711948
   0.0000913113
  -0.0168936802
  -0.0076338013
  -0.0239777710
  -0.0060103843
   0.0003876225
  -0.0120091876
  -0.0016948839
   0.0022064272
  -0.0077124225
  -0.0005206369
  -0.0105483905
   0.0188053581
   0.0209115886
   0.0251295391
   0.0233804309
   0.0194625145
   0.0205750569
   0.0157603033
   0.0074049633
  -0.0112641383
   0.0201407073
   0.0223535572
   0.0212029850
   0.0080302674
   0.0069156924
   0.0100472726
   0.0064615196
   0.0152310647
   0.0083552089
   0.0257850197
   0.0102270940
   0.0209919469
   0.0066814915
   0.0287247321
   0.0176022240
   0.0107066643
   0.0078005404
  -0.0028748863
  -0.0082219481
  -0.0058238537
  -0.0079111200
  -0.0134151331
  -0.0078501117
  -0.0153490914
  -0.0125746108
  -0.0165476351
  -0.0073480878
  -0.0161097289
  -0.0121676992
  -0.0105508636
  -0.0143875711
  -0.0067860178
  -0.0049826851
  -0.0102502843
  -0.0056773974
  -0.0041740294
   0.0020913937
   0.0025467347
   0.0066859176
   0.0002184214
   0.0038156101
  -0.0028714598
   0.0005499556
   0.0028956461
   0.0060849776
   0.0035896388
   0.0047233460
   0.0038386095
   0.0030564671
   0.0000161234
  -0.0015738011
  -0.0053284812
   0.0051384801
   0.0025401593
  -0.0077156872
  -0.0033319135
   0.0019231116
  -0.0130954149
  -0.0131900325
  -0.0219934442
  -0.0185363959
  -0.0217214745
  -0.0271424244
  -0.0244517023
  -0.0192915878
  -0.0275732061
  -0.0290941475
  -0.0180878665
  -0.0270150731
  -0.0289177604
  -0.0236545955
  -0.0187550366
  -0.0259224948
  -0.0245743561
  -0.0194642876
  -0.0173479783
  -0.0097524542
   0.0003666784
   0.0047348337
  -0.0017215889
  -0.0006634448
   0.0067418795
   0.0020833143
  -0.0007033845
   0.0054367466
  -0.0045205149
  -0.0028238954
  -0.0092605231
   0.0020020271
  -0.0163153217
  -0.0205937750
  -0.0274052265
  -0.0202606034
  -0.0266955075
  -0.0332612186
  -0.0326415510
  -0.0247321694
  -0.0286033951
  -0.0350369237
  -0.0362398418
  -0.0336724106
  -0.0345808234
  -0.0358094332
  -0.0330448257
  -0.0253892242
  -0.0319541995
  -0.0308988721
  -0.0187691930
  -0.0246940463
  -0.0120920372
   0.0023055801
   0.0010756121
   0.0048349507
  -0.0008978139
   0.0018729352
   0.0014684754
   0.0007175598
  -0.0057499697
   0.0054071755
  -0.0130486783
  -0.0008301376
   0.0042691157
   0.0059756756
   0.0053361314
   0.0057130992
   0.0040863997
  -0.0004193892
   0.0008027680
  -0.0034373538
  -0.0004980369
   0.0005244002
   0.0003222795
   0.0008534486
  -0.0005691078
  -0.0061065590
  -0.0204280224
   0.0000348061
  -0.0037209496
   0.0228627653
   0.0256425125
   0.0234920890
   0.0320500866
   0.0263616098
   0.0240485636
   0.0225682828
   0.0326666001
   0.0269342715
   0.0239665347
   0.0224764964
   0.0338671396
   0.0272095694
   0.0234730510
   0.0272068611
   0.0096852727
  -0.0028941667
   0.0201517423
   0.0153135526
   0.0089325184
  -0.0004482875
   0.0168947177
   0.0122409642
   0.0071892242
   0.0092323149
   0.0145867961
   0.0186995480
   0.0136296322
   0.0116407371
   0.0153650114
   0.0101149565
   0.0031885469
   0.0065843583
   0.0127415012
   0.0166273808
   0.0186637481
   0.0142373642
   0.0069776633
  -0.0056986716
   0.0096945345
  -0.0041463727
   0.0257082575
   0.0183907847
   0.0319825831
   0.0078608671
   0.0191756999
   0.0258637028
   0.0346124563
   0.0145844770
   0.0226995169
   0.0282954649
   0.0320097845
   0.0094017067
   0.0199586656
   0.0263403566
   0.0260637934
   0.0195318656
  -0.0020284115
   0.0033339364
  -0.0031650860
   0.0052427363
   0.0013321798
  -0.0091018266
   0.0030898987
  -0.0039751258
  -0.0036945286
   0.0013077066
   0.0022040818
   0.0004627730
  -0.0061724154
  -0.0019028137
   0.0027394089
   0.0029112089
  -0.0128596784
  -0.0022723499
   0.0028396939
   0.0043418460
  -0.0204797056
  -0.0049410403
   0.0022744952
  -0.0180168589
  -0.0046056045
   0.0022783594
  -0.0177971548
  -0.0084856397
  -0.0007410139
   0.0033913717
   0.0047048147
   0.0019122211
   0.0015673438
  -0.0023118665
   0.0002929524
   0.0033651112
   0.0027565237
   0.0022969893
  -0.0010732713
  -0.0015369578
  -0.0011718139
  -0.0005244974
  -0.0037965049
  -0.0059235886
  -0.0011171351
   0.0000862204
  -0.0010019801
  -0.0056495494
  -0.0147206830
  -0.0024627177
  -0.0103958783
  -0.0272831287
   0.0006072371
  -0.0023011367
  -0.0094222172
  -0.0255422858
  -0.0001909737
  -0.0009141846
  -0.0054068461
  -0.0151926950
  -0.0014678560
  -0.0014902146
  -0.0006361393
  -0.0040342090
  -0.0063414246
  -0.0003336527
  -0.0011576479
  -0.0080823075
  -0.0089970745
  -0.0020061095
  -0.0153885097
  -0.0045385834
  -0.0001507477
  -0.0108418545
  -0.0028721512
  -0.0107260717
   0.0158686109
   0.0203133538
   0.0196643293
   0.0197059331
   0.0167351264
   0.0176725598
   0.0135395313
   0.0066700623
  -0.0075760086
   0.0180394421
   0.0139972444
   0.0175484894
   0.0191861121
   0.0243647007
   0.0180339416
   0.0072362370
   0.0101490536
   0.0063472805
   0.0090939408
   0.0058075738
   0.0126381007
   0.0071620191
   0.0205899139
   0.0081031481
   0.0164598242
   0.0077610530
   0.0228701116
   0.0105569040
   0.0145293707
   0.0057712292
   0.0089965677
   0.0069716908
  -0.0012458600
  -0.0050429708
  -0.0030068011
  -0.0053084285
  -0.0085844932
  -0.0045159394
  -0.0106001317
  -0.0065615663
  -0.0100326158
  -0.0105066674
  -0.0020751717
  -0.0103636663
  -0.0104642480
  -0.0015103567
  -0.0110271577
  -0.0058842247
  -0.0072949854
  -0.0093178327
  -0.0037015791
  -0.0032561849
  -0.0064360327
  -0.0028415211
  -0.0020040032
   0.0017807690
   0.0025956905
   0.0002049851
   0.0027181672
   0.0006705335
   0.0027168010
   0.0040176888
   0.0035626589
   0.0043092753
   0.0029002047
   0.0032450866
  -0.0006687134
  -0.0011804073
  -0.0047028522
   0.0024407388
  -0.0051089621
  -0.0029491318
   0.0011629563
  -0.0097924589
  -0.0093038271
  -0.0162988639
  -0.0140937674
  -0.0150727400
  -0.0203785862
  -0.0200088334
  -0.0125017337
  -0.0207282634
  -0.0230672324
  -0.0201937362
  -0.0195270583
  -0.0232728012
  -0.0228390286
  -0.0196207897
  -0.0225947808
  -0.0205895979
  -0.0114804475
  -0.0187400567
  -0.0194681436
  -0.0151241578
  -0.0138024963
  -0.0128209960
  -0.0068315179
  -0.0003063324
   0.0027599558
  -0.0013518139
   0.0043105903
   0.0011612851
  -0.0016994950
   0.0030580638
  -0.0043132510
  -0.0029564220
  -0.0070875907
   0.0006042103
  -0.0128147957
  -0.0159282552
  -0.0211873628
  -0.0156773610
  -0.0247717408
  -0.0266637458
  -0.0238354233
  -0.0265512550
  -0.0294401594
  -0.0288868057
  -0.0246317188
  -0.0281229008
  -0.0302085114
  -0.0296455904
  -0.0262004212
  -0.0257951943
  -0.0287639668
  -0.0280408028
  -0.0232146976
  -0.0235102588
  -0.0250971100
  -0.0213405023
  -0.0143275579
  -0.0186720033
   0.0013904349
   0.0007759083
   0.0031670886
   0.0012985024
   0.0009519836
   0.0002485854
  -0.0039584453
   0.0034179589
  -0.0070193769
   0.0004257649
   0.0035187659
   0.0043442186
   0.0008848121
   0.0036517045
   0.0044732851
   0.0039837438
   0.0035789752
   0.0026906406
  -0.0005759410
   0.0003542115
  -0.0033286023
  -0.0107765735
  -0.0049429377
  -0.0011756854
  -0.0004974661
  -0.0003526675
  -0.0009012496
  -0.0039817545
  -0.0118073657
  -0.0005123006
  -0.0008113648
  -0.0017707047
  -0.0063537687
  -0.0036445501
   0.0207460213
   0.0270334443
   0.0229995706
   0.0211987751
   0.0199509230
   0.0276436207
   0.0234732080
   0.0213865155
   0.0200263732
   0.0282132353
   0.0237777718
   0.0212285933
   0.0288406823
   0.0238928983
   0.0209622053
   0.0236872072
  -0.0028937002
   0.0152749861
   0.0093675640
   0.0009779348
   0.0172452044
   0.0131024312
   0.0077908631
   0.0007901140
  -0.0046178441
   0.0145371567
   0.0104216141
   0.0064302003
   0.0080407630
   0.0126166770
   0.0160730123
   0.0116587511
   0.0096482616
   0.0128944680
   0.0083036441
   0.0029605997
   0.0055337584
   0.0107431535
   0.0140408704
   0.0157330637
   0.0118253416
   0.0056922198
  -0.0039005918
   0.0146112598
   0.0086768484
  -0.0009383365
   0.0270171957
   0.0157660137
   0.0217567897
   0.0304036721
   0.0134867846
   0.0199280388
   0.0247647173
   0.0303494494
   0.0138720725
   0.0201705878
   0.0249053474
   0.0270519376
   0.0166047861
   0.0222417493
   0.0219447562
   0.0163852873
   0.0021339951
  -0.0031006569
   0.0031889701
  -0.0007997584
   0.0030981042
  -0.0010014613
   0.0017299116
  -0.0040689728
  -0.0034028674
   0.0002462554
   0.0013538915
  -0.0003904518
  -0.0053646292
  -0.0024424299
   0.0013704427
   0.0018629790
  -0.0107364843
  -0.0027659380
   0.0014910300
   0.0029026507
   0.0020653327
  -0.0102389660
  -0.0019791462
   0.0022155389
  -0.0129133906
  -0.0083264989
  -0.0013617407
   0.0025255963
  -0.0123312333
  -0.0068236440
  -0.0011682125
   0.0021452346
   0.0032143506
   0.0012174146
   0.0007479362
  -0.0022102251
  -0.0004433500
   0.0020742538
   0.0018538159
   0.0012494963
  -0.0019037803
  -0.0019355411
  -0.0017666589
  -0.0015236723
  -0.0040882547
  -0.0053939722
  -0.0018150429
  -0.0009593199
  -0.0018454890
  -0.0054598363
  -0.0118228443
  -0.0017681469
  -0.0059790693
  -0.0142354150
  -0.0067898649
  -0.0176467035
  -0.0005373169
  -0.0017561575
  -0.0055723349
  -0.0136084689
  -0.0011741814
  -0.0018189863
  -0.0053864437
  -0.0123443402
  -0.0018075972
  -0.0019919709
  -0.0016171206
  -0.0042624290
  -0.0055577660
  -0.0010813338
  -0.0018979624
  -0.0075494331
  -0.0087639883
  -0.0029715740
  -0.0164837830
  -0.0064274227
  -0.0019017290
  -0.0177952516
  -0.0069678866
  -0.0022017488
  -0.0107084769
  -0.0038876946
  -0.0097730545
