   3.9473461803   -0.4426229967    1.6525707340
   5.2818038342    1.4426223386   -0.1660826140
   4.6152821485    2.1949697956   -0.1660826140
   3.9473461803   -0.4426229967   -1.9847359619
   2.2405488158   -0.3761229960    1.9397760876
   1.7155488158    0.5332036780   -1.9788772603
   2.2405488158   -0.3761229960   -2.2602239124
   2.1871958839   -1.7007963849    1.8424732316
   3.2371958839   -1.7007963849    1.5611265795
   2.7121958839   -2.6101230589    1.5611265795
   3.2371958839   -1.7007963849   -2.0761801164
   2.7121958839   -2.6101230589   -2.0761801164
   2.1871958839   -1.7007963849   -2.3575267684
   0.9738454614   -2.1937612229    1.8762326184
   0.4488454614   -3.1030878969    1.5948859664
   1.4988454614   -3.1030878969    1.5948859664
   0.7150241043   -3.9939033021    0.8262326184
   1.7293413656   -3.8480664967    0.8262326184
   0.2291751986   -4.1572953326   -0.2237673816
   1.2269724900   -4.2784498585   -0.2237673816
   2.1667814296   -3.9220273413   -0.2237673816
   0.7150241043   -3.9939033021   -1.2737673816
   1.7293413656   -3.8480664967   -1.2737673816
  -0.0761545386   -2.1937612229   -2.0424207295
   0.4488454614   -3.1030878969   -2.0424207295
   1.4988454614   -3.1030878969   -2.0424207295
   0.9738454614   -2.1937612229   -2.3237673816
   0.1902994552   -1.1070771235    2.0047450440
   1.2402994552   -1.1070771235    1.7233983919
  -0.3347005448   -0.1977504496    1.7233983919
  -0.3347005448   -2.0164037975    1.7233983919
  -0.3347005448   -0.1977504496   -1.9139083039
  -0.3347005448   -2.0164037975   -1.9139083039
   0.1902994552   -1.1070771235   -2.1952549560
   0.9237061372    0.0337125291    2.0477216731
  -0.1262938628    0.0337125291    1.7663750211
   1.4487061372   -0.8756141449    1.7663750211
   1.4487061372    0.9430392031   -1.8709316748
  -0.1262938628    0.0337125291   -1.8709316748
   0.9237061372    0.0337125291   -2.1522783269
   0.3419024273    1.3359065923    2.1812056107
   1.3919024273    1.3359065923    1.8998589587
  -0.1830975727    2.2452332663    1.8998589587
  -0.1830975727    0.4265799184    1.8998589587
   1.3919024273    1.3359065923   -1.7374477372
  -0.1830975727    2.2452332663   -1.7374477372
   0.3419024273    1.3359065923   -2.0187943893
   0.9458631480    2.3740717676    2.0846386582
   1.9258631480    2.3740717676    1.8220484496
   1.4358631480    3.2227766633    1.8220484496
   0.4558631480    3.2227766633    1.8220484496
   2.3190965157    3.3717842101    1.1046386582
   1.4703916200    3.9884044105    1.1046386582
   0.4213346761    3.9884044105    1.1046386582
   2.6432729395    3.3540717676    0.1246386582
   1.9258631480    4.0714815590    0.1246386582
   0.9458631480    4.3340717676    0.1246386582
   2.3190965157    3.3717842101   -0.8553613418
   1.4703916200    3.9884044105   -0.8553613418
   0.4213346761    3.9884044105   -0.8553613418
   1.9258631480    2.3740717676   -1.5727711333
   1.4358631480    3.2227766633   -1.5727711333
   0.4558631480    3.2227766633   -1.5727711333
   0.9458631480    2.3740717676   -1.8353613418
  -1.0495900613    1.2706724236    2.2579509342
  -0.5245900613    2.1799990975    1.9766042822
  -0.5245900613    0.3613457496    1.9766042822
  -0.5245900613    2.1799990975   -1.6607024137
  -2.0995900613    1.2706724236   -1.6607024137
  -0.5245900613    0.3613457496   -1.6607024137
  -1.0495900613    1.2706724236   -1.9420490658
  -1.8235195320    0.1150707150    2.2159890149
  -0.7735195320    0.1150707150    1.9346423629
  -2.3485195320   -0.7942559590    1.9346423629
  -0.7735195320    0.1150707150   -1.7026643330
  -2.3485195320    1.0243973890   -1.7026643330
  -1.8235195320    0.1150707150   -1.9840109851
  -3.0183067059    0.1732820678    2.1509890077
  -3.5083067059    1.0219869635    1.8883987991
  -3.9983067059    0.1732820678    1.8883987991
  -3.5083067059   -0.6754228279    1.8883987991
  -4.3915400736    1.1709945103    1.1709890077
  -4.7157164974    0.1732820678    1.1709890077
  -4.3915400736   -0.8244303747    1.1709890077
  -3.9983067059    1.8706918593    0.1909890077
  -4.7157164974    1.1532820678    0.1909890077
  -4.9783067059    0.1732820678    0.1909890077
  -4.7157164974   -0.8067179322    0.1909890077
  -3.9983067059   -1.5241277236    0.1909890077
  -4.3915400736    1.1709945103   -0.7890109923
  -4.7157164974    0.1732820678   -0.7890109923
  -4.3915400736   -0.8244303747   -0.7890109923
  -3.5083067059    1.0219869635   -1.5064207837
  -3.9983067059    0.1732820678   -1.5064207837
  -3.5083067059   -0.6754228279   -1.5064207837
  -3.0183067059    0.1732820678   -1.7690109923
  -1.1762331788   -1.0878247656    2.0865604901
  -0.6512331788   -1.9971514396    1.8052138381
  -0.6512331788   -0.1784980917   -1.8320928578
  -0.6512331788   -1.9971514396   -1.8320928578
  -1.1762331788   -1.0878247656   -2.1134395099
  -0.9291410808   -2.3044086324    1.7606493055
  -2.2379624379   -4.1045507115    0.9919959576
  -4.0181188974   -2.8069715274   -0.0580040424
  -3.5510136519   -3.6969662147   -0.0580040424
  -2.7238113436   -4.2679427420   -0.0580040424
  -0.9291410808   -2.3044086324   -1.8766573904
  -1.4541410808   -3.2137353064   -1.8766573904
  -0.7515172165    2.5192587718    2.1155855470
  -1.2765172165    3.4285854458    2.1155855470
  -2.0603385736    4.3194008509    1.3469321990
  -2.5461874793    4.4827928814    0.2969321990
  -3.3733897877    3.9118163541    0.2969321990
  -3.8404950331    2.0166958768    0.2969321990
  -2.0603385736    4.3194008509   -0.7530678010
  -0.7515172165    2.5192587718   -1.5217211489
  -1.2765172165    3.4285854458   -1.5217211489
   5.2801866863   -0.1670447914    1.0945669661
   4.5978553242   -1.1061933419    1.0945669661
   5.8904824098   -0.1670447914    0.2545669661
   5.5166740822    0.8599851478    0.2545669661
   4.5701581704   -1.7405459471    0.2545669661
   5.5166740822   -1.1940747306    0.2545669661
   5.8904824098   -0.1670447914   -0.7837301350
   5.5166740822    0.8599851478   -0.7837301350
   5.5166740822   -1.1940747306   -0.7837301350
   5.2801866863   -0.1670447914   -1.6237301350
   4.5978553242   -1.1061933419   -1.6237301350
   4.6050615739    2.1865036020   -0.4747950599
   3.6585456620    2.7329748185   -0.4747950599
   4.9788699014    1.1594736628   -1.5130921610
   4.6050615739    2.1865036020   -1.5130921610
   3.6585456620    2.7329748185   -1.5130921610
   2.5822074804    2.5431873567   -1.5130921610
   1.8796776263    1.7059448793   -1.5130921610
   4.3685741779    1.1594736628   -2.3530921610
   3.6862428158    2.0986222133   -2.3530921610
   2.5822074804    1.7398993875   -2.3530921610
   2.5822074804    0.5790479381   -2.3530921610
   3.6862428158    0.2203251122   -2.3530921610
   3.3810949541    1.1594736628   -2.6739436104
   3.4833818630    1.0282330487    2.4347423898
   4.4708610869    1.0282330487    2.1138909404
   3.7885297248    1.9673815993    2.1138909404
   2.6844943893    1.6086587734    2.1138909404
   2.6844943893    0.4478073240    2.1138909404
   3.7885297248    0.0890844982    2.1138909404
   5.0811568104    1.0282330487    1.2738909404
   4.7073484828    2.0552629879    1.2738909404
   3.7608325710    2.6017342044    1.2738909404
   2.6844943893    2.4119467427    1.2738909404
   3.7608325710    2.6017342044    0.2355938393
   4.0600076979   -2.2963740407    1.0045408543
   3.3776763358   -3.2355225913    1.0045408543
   4.6703034214   -2.2963740407    0.1645408543
   3.3499791820   -3.8698751965    0.1645408543
   4.2964950938   -3.3234039800    0.1645408543
   4.6703034214   -2.2963740407   -0.8737562468
   3.3499791820   -3.8698751965   -0.8737562468
   4.2964950938   -3.3234039800   -0.8737562468
   4.0600076979   -2.2963740407   -1.7137562468
   3.3776763358   -3.2355225913   -1.7137562468
  -0.3200581458   -3.1407702157    1.1978421374
  -1.0023895079   -4.0799187662    1.1978421374
  -2.1064248433   -4.5244839096    0.3578421374
  -1.0300866617   -4.7142713714    0.3578421374
  -0.0835707499   -4.1678001549    0.3578421374
  -2.1064248433   -4.5244839096   -0.6804549637
  -1.0300866617   -4.7142713714   -0.6804549637
  -0.0835707499   -4.1678001549   -0.6804549637
  -1.0023895079   -4.0799187662   -1.5204549637
  -2.5552622632   -2.4019533730    2.5313426599
  -1.5677830393   -2.4019533730    2.2104912105
  -2.2501144014   -1.4628048225    2.2104912105
  -3.3541497369   -1.8215276483    2.2104912105
  -3.3541497369   -2.9823790977    2.2104912105
  -2.2501144014   -3.3411019236    2.2104912105
  -4.0566795909   -1.8554821565    1.3704912105
  -4.0566795909   -2.9484245895    1.3704912105
  -3.3541497369   -3.7856670670    1.3704912105
  -2.2778115553   -3.9754545288    1.3704912105
  -4.0566795909   -1.8554821565    0.3321941094
  -4.0566795909   -2.9484245895    0.3321941094
  -4.1604283234   -1.7228038169   -0.3784279804
  -4.1604283234   -2.8157462499   -0.3784279804
  -3.4578984693   -0.8855613394   -1.4167250815
  -4.1604283234   -1.7228038169   -1.4167250815
  -4.1604283234   -2.8157462499   -1.4167250815
  -3.4578984693   -3.6529887274   -1.4167250815
  -1.6715317718   -2.2692750334   -2.2567250815
  -2.3538631339   -1.3301264829   -2.2567250815
  -3.4578984693   -1.6888493087   -2.2567250815
  -3.4578984693   -2.8497007581   -2.2567250815
  -2.3538631339   -3.2084235840   -2.2567250815
  -2.6590109956   -2.2692750334   -2.5775765309
  -2.3771780517    2.5021341948    2.8912184973
  -1.3896988279    2.5021341948    2.5703670478
  -2.0720301900    3.4412827453    2.5703670478
  -3.1760655254    3.0825599195    2.5703670478
  -3.1760655254    1.9217084700    2.5703670478
  -2.0720301900    1.5629856442    2.5703670478
  -2.0997273438    4.0756353505    1.7303670478
  -3.1760655254    3.8858478887    1.7303670478
  -3.8785953795    3.0486054113    1.7303670478
  -3.8785953795    1.9556629783    1.7303670478
  -3.8785953795    3.0486054113    0.6920699467
  -3.8785953795    1.9556629783    0.6920699467
  -3.2791617596    4.0180680835   -0.0167819808
  -3.9816916136    3.1808256061   -0.0167819808
  -3.9816916136    2.0878831731   -0.0167819808
  -2.2028235780    4.2078555453   -1.0550790819
  -3.2791617596    4.0180680835   -1.0550790819
  -3.9816916136    3.1808256061   -1.0550790819
  -3.9816916136    2.0878831731   -1.0550790819
  -1.4927950621    2.6343543896   -1.8950790819
  -2.1751264242    3.5735029401   -1.8950790819
  -3.2791617596    3.2147801143   -1.8950790819
  -3.2791617596    2.0539286648   -1.8950790819
  -2.1751264242    1.6952058390   -1.8950790819
  -2.4802742859    2.6343543896   -2.2159305314
  -0.1064580162    3.3289670685    1.6756270736
  -0.7887893783    4.2681156190    1.6756270736
   0.1300293798    4.3559970077    0.8356270736
  -0.8164865321    4.9024682242    0.8356270736
  -1.8928247137    4.7126807624    0.8356270736
   0.1300293798    4.3559970077   -0.2026700275
  -0.8164865321    4.9024682242   -0.2026700275
  -1.8928247137    4.7126807624   -0.2026700275
  -0.7887893783    4.2681156190   -1.0426700275
   3.9430066673   -0.4351067396    1.9962426690
   5.2987417382    0.4667036773    1.3302929105
   4.2018290654   -1.2401257582    1.3302929105
   5.5304574539    1.4819165602    0.3679676275
   4.8812044462    2.2960540810    0.3679676275
   5.5304574539    1.4819165602   -0.7001328555
   3.9430066673   -0.4351067396   -2.3284078970
   2.2405488158   -0.3761229960    2.2397760876
   1.7198883289    0.5256874209   -2.3225491953
   2.2405488158   -0.3761229960   -2.5602239124
   2.1871958839   -1.7007963849    2.1424732316
   3.2285168578   -1.7007963849    1.9047985145
   2.7078563708   -2.6026068018    1.9047985145
   4.0635914418   -1.7007963849    1.2388487560
   2.9666787690   -3.4076258203    1.2388487560
   3.2285168578   -1.7007963849   -2.4198520514
   2.7078563708   -2.6026068018   -2.4198520514
   2.1871958839   -1.7007963849   -2.6575267684
   0.9738454614   -2.1937612229    2.1762326184
   0.4531849745   -3.0955716398    1.9385579014
   1.4945059484   -3.0955716398    1.9385579014
   0.7068065311   -4.0510577796    1.2726081429
   1.7533283465   -3.9005906584    1.2726081429
   0.4531849745   -4.4749238644    0.3102828599
   1.4945059484   -4.4749238644    0.3102828599
   2.4327037273   -4.0231116266    0.3102828599
   0.4531849745   -4.4749238644   -0.7578176231
   1.4945059484   -4.4749238644   -0.7578176231
  -0.2549323108   -3.6118463671   -1.7201429060
   0.7068065311   -4.0510577796   -1.7201429060
   1.7533283465   -3.9005906584   -1.7201429060
  -0.0674755125   -2.1937612229   -2.3860926645
   0.4531849745   -3.0955716398   -2.3860926645
   1.4945059484   -3.0955716398   -2.3860926645
   0.9738454614   -2.1937612229   -2.6237673816
   0.1902994552   -1.1070771235    2.3047450440
   1.2316204291   -1.1070771235    2.0670703270
  -0.3303610317   -0.2052667067    2.0670703270
  -0.3303610317   -2.0088875404    2.0670703270
  -0.3303610317   -0.2052667067   -2.2575802390
  -0.3303610317   -2.0088875404   -2.2575802390
   0.1902994552   -1.1070771235   -2.4952549560
   0.9237061372    0.0337125291    2.3477216731
  -0.1176148367    0.0337125291    2.1100469561
   1.4443666241   -0.8680978878    2.1100469561
   1.4443666241    0.9355229460   -2.2146036099
  -0.1176148367    0.0337125291   -2.2146036099
   0.9237061372    0.0337125291   -2.4522783269
   0.3419024273    1.3359065923    2.4812056107
   1.3832234012    1.3359065923    2.2435308937
  -0.1787580596    2.2377170092    2.2435308937
  -0.1787580596    0.4340961755    2.2435308937
   1.3832234012    1.3359065923   -2.0811196723
  -0.1787580596    2.2377170092   -2.0811196723
   0.3419024273    1.3359065923   -2.3187943893
   0.9458631480    2.3740717676    2.3646386582
   1.9177627237    2.3740717676    2.1428089223
   1.4318129359    3.2157614900    2.1428089223
   0.4599133602    3.2157614900    2.1428089223
   2.3626966496    3.4034615616    1.5212558143
   1.4870453892    4.0396594419    1.5212558143
   0.4046809069    4.0396594419    1.5212558143
   2.8795561275    3.3889521334    0.6230855502
   2.1864248257    4.1713356380    0.6230855502
   1.2090957939    4.5419876492    0.6230855502
   2.8795561275    3.3889521334   -0.3738082339
   2.1864248257    4.1713356380   -0.3738082339
   1.2090957939    4.5419876492   -0.3738082339
   2.3626966496    3.4034615616   -1.2719784980
   1.4870453892    4.0396594419   -1.2719784980
   0.4046809069    4.0396594419   -1.2719784980
   1.9177627237    2.3740717676   -1.8935316059
   1.4318129359    3.2157614900   -1.8935316059
   0.4599133602    3.2157614900   -1.8935316059
   0.9458631480    2.3740717676   -2.1153613418
  -1.0495900613    1.2706724236    2.5579509342
  -0.5289295743    2.1724828404    2.3202762172
  -0.5289295743    0.3688620067    2.3202762172
  -0.5289295743    2.1724828404   -2.0043743487
  -2.0909110351    1.2706724236   -2.0043743487
  -0.5289295743    0.3688620067   -2.0043743487
  -1.0495900613    1.2706724236   -2.2420490658
  -1.8235195320    0.1150707150    2.5159890149
  -0.7821985581    0.1150707150    2.2783142979
  -2.3441800190   -0.7867397019    2.2783142979
  -2.3441800190    1.0168811319   -2.0463362680
  -2.8648405059    0.1150707150   -2.0463362680
  -1.8235195320    0.1150707150   -2.2840109851
  -3.0183067059    0.1732820678    2.4309890077
  -3.5042564938    1.0149717903    2.2091592718
  -3.9902062816    0.1732820678    2.2091592718
  -3.5042564938   -0.6684076546    2.2091592718
  -4.4351402075    1.2026718618    1.5876061639
  -4.7696092267    0.1732820678    1.5876061639
  -4.4351402075   -0.8561077261    1.5876061639
  -4.6529333129    1.6214348746    0.6894358998
  -5.1386868507    0.6959088347    0.6894358998
  -5.1386868507   -0.3493446991    0.6894358998
  -4.6529333129   -1.2748707389    0.6894358998
  -4.6529333129    1.6214348746   -0.3074578844
  -5.1386868507    0.6959088347   -0.3074578844
  -5.1386868507   -0.3493446991   -0.3074578844
  -4.6529333129   -1.2748707389   -0.3074578844
  -4.4351402075    1.2026718618   -1.2056281485
  -4.7696092267    0.1732820678   -1.2056281485
  -4.4351402075   -0.8561077261   -1.2056281485
  -3.5042564938    1.0149717903   -1.8271812564
  -3.9902062816    0.1732820678   -1.8271812564
  -3.5042564938   -0.6684076546   -1.8271812564
  -3.0183067059    0.1732820678   -2.0490109923
  -1.1762331788   -1.0878247656    2.3865604901
  -0.6555726918   -1.9896351825    2.1488857731
  -0.6555726918   -0.1860143488   -2.1757647928
  -0.6555726918   -1.9896351825   -2.1757647928
  -1.1762331788   -1.0878247656   -2.4134395099
  -0.9378201069   -2.3044086324    2.1043212406
  -3.4379993467   -4.1337590361    0.4760461991
  -2.4998015677   -4.5855712739    0.4760461991
  -3.4379993467   -4.1337590361   -0.5920542839
  -2.4998015677   -4.5855712739   -0.5920542839
  -2.2461800111   -4.1617051891   -1.5543795669
  -0.9378201069   -2.3044086324   -2.2203293254
  -1.4584805938   -3.2062190493   -2.2203293254
  -0.7601962426    2.5192587718    2.4592574820
  -2.0685561469    4.3765553285    1.7933077235
  -2.3221777034    4.8004214133    0.8309824405
  -3.2603754824    4.3486091755    0.8309824405
  -2.3221777034    4.8004214133   -0.2371180425
  -1.2808567296    3.4210691887   -1.8653930839
   5.2527074624   -0.1670447914    1.3981871908
   4.7727074624   -0.9984291790    1.3981871908
   5.9554762377   -0.1670447914    0.6954184156
   5.6379156593    0.8103061727    0.6954184156
   4.8065312717   -1.7484318702    0.6954184156
   5.6379156593   -1.1443957555    0.6954184156
   6.2127074624   -0.1670447914   -0.2645815844
   5.9554762377    0.7929552086   -0.2645815844
   5.2527074624   -1.8298135667   -0.2645815844
   5.9554762377   -1.1270447914   -0.2645815844
   5.9554762377   -0.1670447914   -1.2245815844
   5.6379156593    0.8103061727   -1.2245815844
   4.8065312717   -1.7484318702   -1.2245815844
   5.6379156593   -1.1443957555   -1.2245815844
   5.2527074624   -0.1670447914   -1.9273503597
   4.7727074624   -0.9984291790   -1.9273503597
   5.0438637293    2.1194736628   -0.9939436104
   4.3410949541    2.8222424381   -0.9939436104
   3.3810949541    3.0794736628   -0.9939436104
   5.0438637293    1.1594736628   -1.9539436104
   4.7263031510    2.1368246269   -1.9539436104
   3.8949187633    2.7408607416   -1.9539436104
   2.8672711448    2.7408607416   -1.9539436104
   2.0358867572    2.1368246269   -1.9539436104
   4.3410949541    1.1594736628   -2.6567123857
   3.8610949541    1.9908580504   -2.6567123857
   2.9010949541    1.9908580504   -2.6567123857
   2.4210949541    1.1594736628   -2.6567123857
   2.9010949541    0.3280892752   -2.6567123857
   3.8610949541    0.3280892752   -2.6567123857
   3.3810949541    1.1594736628   -2.9139436104
   3.4833818630    1.0282330487    2.6747423898
   4.4433818630    1.0282330487    2.4175111651
   3.9633818630    1.8596174363    2.4175111651
   3.0033818630    1.8596174363    2.4175111651
   2.5233818630    1.0282330487    2.4175111651
   3.0033818630    0.1968486611    2.4175111651
   3.9633818630    0.1968486611    2.4175111651
   5.1461506383    1.0282330487    1.7147423898
   4.8285900599    2.0055840128    1.7147423898
   3.9972056723    2.6096201275    1.7147423898
   2.9695580538    2.6096201275    1.7147423898
   5.1461506383    1.9882330487    0.7547423898
   4.4433818630    2.6910018240    0.7547423898
   3.4833818630    2.9482330487    0.7547423898
   4.0325284740   -2.2963740407    1.3081610790
   3.5525284740   -3.1277584284    1.3081610790
   4.7352972493   -2.2963740407    0.6053923037
   3.5863522833   -3.8777611195    0.6053923037
   4.4177366709   -3.2737250048    0.6053923037
   4.9925284740   -2.2963740407   -0.3546076963
   3.0725284740   -4.2163740407   -0.3546076963
   4.0325284740   -3.9591428160   -0.3546076963
   4.7352972493   -3.2563740407   -0.3546076963
   4.7352972493   -2.2963740407   -1.3146076963
   2.5587046648   -3.8777611195   -1.3146076963
   3.5863522833   -3.8777611195   -1.3146076963
   4.4177366709   -3.2737250048   -1.3146076963
   4.0325284740   -2.2963740407   -2.0173764715
   3.5525284740   -3.1277584284   -2.0173764715
  -0.8275373696   -3.9721546033    1.5014623621
  -1.8213611789   -4.7221572945    0.7986935868
  -0.7937135604   -4.7221572945    0.7986935868
  -2.2675373696   -4.8035389910   -0.1613064132
  -1.3075373696   -5.0607702157   -0.1613064132
  -0.3475373696   -4.8035389910   -0.1613064132
  -1.8213611789   -4.7221572945   -1.1213064132
  -0.7937135604   -4.7221572945   -1.1213064132
  -1.7875373696   -3.9721546033   -1.8240751885
  -0.8275373696   -3.9721546033   -1.8240751885
  -2.5552622632   -2.4019533730    2.7713426599
  -1.5952622632   -2.4019533730    2.5141114352
  -2.0752622632   -1.5705689854    2.5141114352
  -3.0352622632   -1.5705689854    2.5141114352
  -3.5152622632   -2.4019533730    2.5141114352
  -3.0352622632   -3.2333377607    2.5141114352
  -2.0752622632   -3.2333377607    2.5141114352
  -3.9004704601   -1.4246024089    1.8113426599
  -4.2180310385   -2.4019533730    1.8113426599
  -3.9004704601   -3.3793043371    1.8113426599
  -3.0690860725   -3.9833404518    1.8113426599
  -2.0414384539   -3.9833404518    1.8113426599
  -4.4752622632   -2.4019533730    0.8513426599
  -4.2180310385   -3.3619533730    0.8513426599
  -3.5152622632   -4.0647221483    0.8513426599
  -4.3217797709   -1.3092750334   -0.8975765309
  -4.5790109956   -2.2692750334   -0.8975765309
  -4.3217797709   -3.2292750334   -0.8975765309
  -3.6190109956   -3.9320438087   -0.8975765309
  -4.0042191925   -1.2919240693   -1.8575765309
  -4.3217797709   -2.2692750334   -1.8575765309
  -4.0042191925   -3.2466259975   -1.8575765309
  -3.1728348049   -3.8506621122   -1.8575765309
  -1.6990109956   -2.2692750334   -2.5603453062
  -2.1790109956   -1.4378906458   -2.5603453062
  -3.1390109956   -1.4378906458   -2.5603453062
  -3.6190109956   -2.2692750334   -2.5603453062
  -3.1390109956   -3.1006594210   -2.5603453062
  -2.1790109956   -3.1006594210   -2.5603453062
  -2.6590109956   -2.2692750334   -2.8175765309
  -2.3771780517    2.5021341948    3.1312184973
  -1.4171780517    2.5021341948    2.8739872725
  -1.8971780517    3.3335185824    2.8739872725
  -2.8571780517    3.3335185824    2.8739872725
  -3.3371780517    2.5021341948    2.8739872725
  -2.8571780517    1.6707498071    2.8739872725
  -1.8971780517    1.6707498071    2.8739872725
  -1.8633542425    4.0835212736    2.1712184973
  -2.8910018610    4.0835212736    2.1712184973
  -3.7223862486    3.4794851588    2.1712184973
  -4.0399468270    2.5021341948    2.1712184973
  -3.7223862486    1.5247832307    2.1712184973
  -3.3371780517    4.1649029700    1.2112184973
  -4.0399468270    3.4621341948    1.2112184973
  -4.2971780517    2.5021341948    1.2112184973
  -3.4402742859    4.2971231648   -0.5359305314
  -4.1430430612    3.5943543896   -0.5359305314
  -4.4002742859    2.6343543896   -0.5359305314
  -1.9664504766    4.2157414684   -1.4959305314
  -2.9940980952    4.2157414684   -1.4959305314
  -3.8254824828    3.6117053536   -1.4959305314
  -4.1430430612    2.6343543896   -1.4959305314
  -3.8254824828    1.6570034255   -1.4959305314
  -1.5202742859    2.6343543896   -2.1986993066
  -2.0002742859    3.4657387772   -2.1986993066
  -2.9602742859    3.4657387772   -2.1986993066
  -3.4402742859    2.6343543896   -2.1986993066
  -2.9602742859    1.8029700019   -2.1986993066
  -2.0002742859    1.8029700019   -2.1986993066
  -2.4802742859    2.6343543896   -2.4559305314
  -0.1339372400    3.3289670685    1.9792472983
  -0.6139372400    4.1603514561    1.9792472983
   0.2512709569    4.3063180325    1.2764785230
  -0.5801134308    4.9103541473    1.2764785230
  -1.6077610493    4.9103541473    1.2764785230
  -0.1339372400    4.9917358437    0.3164785230
  -1.0939372400    5.2489670685    0.3164785230
  -2.0539372400    4.9917358437    0.3164785230
  -0.5801134308    4.9103541473   -0.6435214770
  -1.6077610493    4.9103541473   -0.6435214770
  -0.6139372400    4.1603514561   -1.3462902522
   3.9389688140   -0.4281129726    2.3283921238
   5.3315344895    0.4667036773    1.7431056952
   4.2154516666   -1.2699550939    1.7431056952
   5.0284575903   -0.5654814509    1.7431056952
   5.6697902608    1.5490157036    0.8671626534
   5.9168209181    1.4999489447   -0.1660826140
   5.3315344895    2.3758919865   -0.1660826140
   4.4555914477    2.9611784150   -0.1660826140
   3.4223461803    3.1667036773   -0.1660826140
   5.6697902608    1.5490157036   -1.1993278814
   5.3315344895    0.4667036773   -2.0752709232
   3.9389688140   -0.4281129726   -2.6605573518
   2.2405488158   -0.3761229960    2.5397760876
   1.7239261821    0.5186936539   -2.6546986501
   2.2405488158   -0.3761229960   -2.8602239124
   2.1871958839   -1.7007963849    2.4424732316
   3.2204411513   -1.7007963849    2.2369479693
   2.7038185176   -2.5956130348    2.2369479693
   4.0963841931   -1.7007963849    1.6516615408
   2.9803013702   -3.4374551561    1.6516615408
   3.7933072938   -2.7329815131    1.6516615408
   2.7422687323   -4.1327294330    0.7757184989
   4.0963841931   -1.7007963849   -2.1667150776
   3.2204411513   -1.7007963849   -2.7520015062
   2.7038185176   -2.5956130348   -2.7520015062
   2.1871958839   -1.7007963849   -2.9575267684
   0.9738454614   -2.1937612229    2.4762326184
   0.4572228277   -3.0885778728    2.2707073562
   1.4904680951   -3.0885778728    2.2707073562
  -0.2764069960   -3.6366294750    1.6854209276
   0.7021396360   -4.0835167480    1.6854209276
   1.7669509477   -3.9304199941    1.6854209276
   0.4187726130   -4.6256942710    0.8094778858
   1.5289183098   -4.6256942710    0.8094778858
   0.9738454614   -4.8937612229   -0.2237673816
   2.0070907288   -4.6882359607   -0.2237673816
   0.4187726130   -4.6256942710   -1.2570126490
   1.5289183098   -4.6256942710   -1.2570126490
  -0.2764069960   -3.6366294750   -2.1329556908
   0.7021396360   -4.0835167480   -2.1329556908
   1.7669509477   -3.9304199941   -2.1329556908
  -0.0593998060   -2.1937612229   -2.7182421194
   0.4572228277   -3.0885778728   -2.7182421194
   1.4904680951   -3.0885778728   -2.7182421194
   0.9738454614   -2.1937612229   -2.9237673816
   0.1902994552   -1.1070771235    2.6047450440
   1.2235447226   -1.1070771235    2.3992197818
  -0.3263231785   -0.2122604736    2.3992197818
  -0.3263231785   -2.0018937734    2.3992197818
  -0.3263231785   -0.2122604736   -2.5897296938
  -0.3263231785   -2.0018937734   -2.5897296938
   0.1902994552   -1.1070771235   -2.7952549560
   0.9237061372    0.0337125291    2.6477216731
  -0.1095391302    0.0337125291    2.4421964109
   1.4403287708   -0.8611041208    2.4421964109
   1.4403287708    0.9285291790   -2.5467530647
  -0.1095391302    0.0337125291   -2.5467530647
   0.9237061372    0.0337125291   -2.7522783269
   0.3419024273    1.3359065923    2.7812056107
   1.3751476947    1.3359065923    2.5756803485
  -0.1747202064    2.2307232422    2.5756803485
  -0.1747202064    0.4410899424    2.5756803485
   1.3751476947    1.3359065923   -2.4132691271
   0.8585250610    2.2307232422   -2.4132691271
  -0.1747202064    2.2307232422   -2.4132691271
   0.3419024273    1.3359065923   -2.6187943893
   0.9458631480    2.3740717676    2.6446386582
   2.0392501706    2.3740717676    2.3950802053
   1.4925566593    3.3209727053    2.3950802053
   0.3991696368    3.3209727053    2.3950802053
   2.6033137597    3.4392505973    1.6958329588
   1.7643201774    4.1662426748    1.6958329588
   0.6654722712    4.3242331521    1.6958329588
   3.1593799853    3.4400452947    0.6853914117
   2.4776643272    4.2948896915    0.6853914117
   1.4925566593    4.7692925411    0.6853914117
   3.1593799853    3.4400452947   -0.4361140954
   2.4776643272    4.2948896915   -0.4361140954
   1.4925566593    4.7692925411   -0.4361140954
   0.3991696368    4.7692925411   -0.4361140954
   2.6033137597    3.4392505973   -1.4465556425
   1.7643201774    4.1662426748   -1.4465556425
   0.6654722712    4.3242331521   -1.4465556425
   1.4925566593    3.3209727053   -2.1458028890
   0.3991696368    3.3209727053   -2.1458028890
   0.9458631480    2.3740717676   -2.3953613418
  -1.0495900613    1.2706724236    2.8579509342
  -0.5329674276    0.3758557737    2.6524256720
  -0.5329674276    2.1654890735   -2.3365238035
  -2.0828353287    1.2706724236   -2.3365238035
  -0.5329674276    0.3758557737   -2.3365238035
  -1.0495900613    1.2706724236   -2.5420490658
  -1.8235195320    0.1150707150    2.8159890149
  -0.7902742646    0.1150707150    2.6104637527
  -2.3401421657   -0.7797459349    2.6104637527
  -2.3401421657    1.0098873649   -2.3784857228
  -2.8567647994    0.1150707150   -2.3784857228
  -1.8235195320    0.1150707150   -2.5840109851
  -3.0183067059    0.1732820678    2.7109890077
  -3.5650002172    1.1201830056    2.4614305548
  -4.1116937285    0.1732820678    2.4614305548
  -3.5650002172   -0.7736188699    2.4614305548
  -4.3085233668    1.6622714693    1.7621833084
  -4.9087144772    0.7283558719    1.7621833084
  -4.9087144772   -0.3817917362    1.7621833084
  -4.3085233668   -1.3157073336    1.7621833084
  -4.5501078851    2.0940999917    0.7517417613
  -5.2318235432    1.2392555950    0.7517417613
  -5.4751250446    0.1732820678    0.7517417613
  -5.2318235432   -0.8926914593    0.7517417613
  -5.2318235432    1.2392555950   -0.3697637459
  -5.4751250446    0.1732820678   -0.3697637459
  -5.2318235432   -0.8926914593   -0.3697637459
  -4.3085233668    1.6622714693   -1.3802052930
  -4.9087144772    0.7283558719   -1.3802052930
  -4.9087144772   -0.3817917362   -1.3802052930
  -3.5650002172    1.1201830056   -2.0794525394
  -4.1116937285    0.1732820678   -2.0794525394
  -3.0183067059    0.1732820678   -2.3290109923
  -1.1762331788   -1.0878247656    2.6865604901
  -0.6596105451   -1.9826414155    2.4810352279
  -0.6596105451   -0.1930081157   -2.5079142476
  -0.6596105451   -1.9826414155   -2.5079142476
  -1.1762331788   -1.0878247656   -2.7134395099
  -0.9458958134   -2.3044086324    2.4364706954
  -1.1860355945   -4.0410674036    1.8511842668
  -0.3730296708   -3.3365937606    1.8511842668
  -2.5342139292   -4.7363416805    0.9752412250
  -4.6791410808   -2.3044086324   -0.0580040424
  -4.4736158186   -3.3376538998   -0.0580040424
  -3.8883293900   -4.2135969416   -0.0580040424
  -3.0123863482   -4.7988833702   -0.0580040424
  -3.5344206408   -4.2546675146   -1.0912493098
  -2.5342139292   -4.7363416805   -1.0912493098
  -2.2508469062   -4.1941641574   -1.9671923516
  -0.9458958134   -2.3044086324   -2.5524787802
  -1.4625184471   -3.1992252823   -2.5524787802
  -0.7682719491    2.5192587718    2.7914069368
  -2.0732230420    4.4090142968    2.2061205082
  -2.3565900649    4.9511918199    1.3301774664
  -3.3567967765    4.4695176540    1.3301774664
  -2.8347624839    5.0137335096    0.2969321990
  -3.7107055257    4.4284470810    0.2969321990
  -4.2959919543    3.5525040392    0.2969321990
  -4.5015172165    2.5192587718    0.2969321990
  -2.3565900649    4.9511918199   -0.7363130683
  -1.2848945828    3.4140754217   -2.1975425387
   5.3727074624   -0.1670447914    1.6060332877
   4.8327074624   -1.1023522275    1.6060332877
   6.1633223346   -0.1670447914    0.8154184156
   5.0697889639   -1.8686159301    0.8154184156
   5.8663688322   -1.1783755450    0.8154184156
   6.4527074624   -0.1670447914   -0.2645815844
   6.2052924779    0.8367572602   -0.2645815844
   5.5197273154   -1.9446899417   -0.2645815844
   6.2052924779   -1.1708468430   -0.2645815844
   6.1633223346   -0.1670447914   -1.3445815844
   5.8663688322    0.8442859622   -1.3445815844
   5.0697889639   -1.8686159301   -1.3445815844
   5.8663688322   -1.1783755450   -1.3445815844
   5.3727074624   -0.1670447914   -2.1351964566
   4.8327074624   -1.1023522275   -2.1351964566
   4.6081148070    2.9371188131   -0.9939436104
   3.6414541834    3.3037248308   -0.9939436104
   5.2517098262    1.1594736628   -2.0739436104
   4.9547563238    2.1708044164   -2.0739436104
   4.1581764555    2.8610448015   -2.0739436104
   3.1148787011    3.0110483728   -2.0739436104
   4.4610949541    1.1594736628   -2.8645584826
   3.9210949541    2.0947810989   -2.8645584826
   2.8410949541    2.0947810989   -2.8645584826
   2.3010949541    1.1594736628   -2.8645584826
   2.8410949541    0.2241662267   -2.8645584826
   3.9210949541    0.2241662267   -2.8645584826
   3.3810949541    1.1594736628   -3.1539436104
   3.4833818630    1.0282330487    2.9147423898
   4.5633818630    1.0282330487    2.6253572620
   4.0233818630    1.9635404848    2.6253572620
   2.9433818630    1.9635404848    2.6253572620
   2.4033818630    1.0282330487    2.6253572620
   2.9433818630    0.0929256126    2.6253572620
   4.0233818630    0.0929256126    2.6253572620
   5.3539967352    1.0282330487    1.8347423898
   5.0570432328    2.0395638023    1.8347423898
   4.2604633645    2.7298041874    1.8347423898
   3.2171656100    2.8798077587    1.8347423898
   4.7104017160    2.8058781990    0.7547423898
   3.7437410924    3.1724842168    0.7547423898
   4.1525284740   -2.2963740407    1.5160071759
   3.6125284740   -3.2316814768    1.5160071759
   4.9431433462   -2.2963740407    0.7253923037
   2.8063122210   -4.1479487507    0.7253923037
   3.8496099755   -3.9979451794    0.7253923037
   4.6461898438   -3.3077047944    0.7253923037
   5.2325284740   -2.2963740407   -0.3546076963
   3.3328877034   -4.4406252088   -0.3546076963
   4.2995483270   -4.0740191911   -0.3546076963
   4.9851134894   -3.3001760923   -0.3546076963
   4.9431433462   -2.2963740407   -1.4346076963
   2.8063122210   -4.1479487507   -1.4346076963
   3.8496099755   -3.9979451794   -1.4346076963
   4.6461898438   -3.3077047944   -1.4346076963
   4.1525284740   -2.2963740407   -2.2252225684
   3.6125284740   -3.2316814768   -2.2252225684
  -0.7675373696   -4.0760776518    1.7093084590
  -1.5737536227   -4.9923449257    0.9186935868
  -0.5304558682   -4.8423413544    0.9186935868
  -2.0734839257   -5.1604052999   -0.1613064132
  -1.0471781403   -5.2850213837   -0.1613064132
  -0.0805175167   -4.9184153660   -0.1613064132
  -1.5737536227   -4.9923449257   -1.2413064132
  -0.5304558682   -4.8423413544   -1.2413064132
  -0.7675373696   -4.0760776518   -2.0319212854
  -2.5552622632   -2.4019533730    3.0113426599
  -1.4752622632   -2.4019533730    2.7219575321
  -2.0152622632   -1.4666459369    2.7219575321
  -3.0952622632   -1.4666459369    2.7219575321
  -3.6352622632   -2.4019533730    2.7219575321
  -3.0952622632   -3.3372608091    2.7219575321
  -2.0152622632   -3.3372608091    2.7219575321
  -4.3501040894   -1.8749402622    1.9313426599
  -4.3501040894   -2.9289664838    1.9313426599
  -3.7802544913   -3.8156697664    1.9313426599
  -2.8214785162   -4.2535280830    1.9313426599
  -4.6524965888   -1.8850315382    0.8513426599
  -4.6524965888   -2.9188752079    0.8513426599
  -4.1720454792   -3.8342983148    0.8513426599
  -4.7562453213   -1.7523531985   -0.8975765309
  -4.7562453213   -2.7861968683   -0.8975765309
  -4.2757942117   -3.7016199752   -0.8975765309
  -3.8840032237   -0.8555586400   -1.9775765309
  -4.4538528218   -1.7422619226   -1.9775765309
  -4.4538528218   -2.7962881442   -1.9775765309
  -3.8840032237   -3.6829914268   -1.9775765309
  -2.9252272486   -4.1208497434   -1.9775765309
  -1.5790109956   -2.2692750334   -2.7681914031
  -2.1190109956   -1.3339675973   -2.7681914031
  -3.1990109956   -1.3339675973   -2.7681914031
  -3.7390109956   -2.2692750334   -2.7681914031
  -3.1990109956   -3.2045824695   -2.7681914031
  -2.1190109956   -3.2045824695   -2.7681914031
  -2.6590109956   -2.2692750334   -3.0575765309
  -2.3771780517    2.5021341948    3.3712184973
  -1.2971780517    2.5021341948    3.0818333694
  -1.8371780517    3.4374416309    3.0818333694
  -2.9171780517    3.4374416309    3.0818333694
  -3.4571780517    2.5021341948    3.0818333694
  -2.9171780517    1.5668267587    3.0818333694
  -1.8371780517    1.5668267587    3.0818333694
  -2.6433943047    4.3537089047    2.2912184973
  -3.6021702799    3.9158505882    2.2912184973
  -4.1720198779    3.0291473056    2.2912184973
  -4.1720198779    1.9751210840    2.2912184973
  -3.9939612678    3.9344791366    1.2112184973
  -4.4744123774    3.0190560296    1.2112184973
  -4.4744123774    1.9852123599    1.2112184973
  -3.2462208419    4.6539894738   -0.5359305314
  -4.0970575020    4.0666993314   -0.5359305314
  -4.5775086116    3.1512762244   -0.5359305314
  -4.5775086116    2.1174325547   -0.5359305314
  -2.7464905389    4.4859290995   -1.6159305314
  -3.7052665140    4.0480707830   -1.6159305314
  -4.2751161121    3.1613675004   -1.6159305314
  -4.2751161121    2.1073412788   -1.6159305314
  -1.4002742859    2.6343543896   -2.4065454035
  -1.9402742859    3.5696618256   -2.4065454035
  -3.0202742859    3.5696618256   -2.4065454035
  -3.5602742859    2.6343543896   -2.4065454035
  -3.0202742859    1.6990469535   -2.4065454035
  -1.9402742859    1.6990469535   -2.4065454035
  -2.4802742859    2.6343543896   -2.6959305314
  -0.5539372400    4.2642745045    2.1870933952
  -0.3168557386    5.0305382072    1.3964785230
  -1.3601534930    5.1805417784    1.3964785230
   0.1330826129    5.1066122188    0.3164785230
  -0.8335780107    5.4732182365    0.3164785230
  -1.8598837960    5.3486021527    0.3164785230
  -0.3168557386    5.0305382072   -0.7635214770
  -1.3601534930    5.1805417784   -0.7635214770
  -0.5539372400    4.2642745045   -1.5541363491
   3.9353763953   -0.4218907209    2.6529952484
   4.2234170500   -1.2873968507    2.1320507154
   5.0445882229   -0.5758479790    2.1320507154
   6.0204223917    0.4667036773    1.3339173860
   5.7958069018    1.5234364739    1.3339173860
   6.1772638233    1.5339644580    0.3548619190
   5.6056913140    2.4570857564    0.3548619190
   4.7392459461    3.1113949259    0.3548619190
   3.6949459676    3.4085238875    0.3548619190
   6.1772638233    1.5339644580   -0.6870271470
   5.6056913140    2.4570857564   -0.6870271470
   5.7958069018    1.5234364739   -1.6660826140
   5.3507090094    0.4667036773   -2.4642159433
   4.2234170500   -1.2873968507   -2.4642159433
   3.9353763953   -0.4218907209   -2.9851604763
   2.2405488158   -0.3761229960    2.8397760876
   2.7535790308   -1.2647173942    2.6588539500
   1.7275186009    0.5124714022   -2.9793017747
   2.2405488158   -0.3761229960   -3.1602239124
   2.1871958839   -1.7007963849    2.7424732316
   3.2132563139   -1.7007963849    2.5615510939
   2.7002260989   -2.5893907831    2.5615510939
   4.1155587130   -1.7007963849    2.0406065609
   2.9882667536   -3.4548969129    2.0406065609
   3.8094379264   -2.7433480412    2.0406065609
   2.9900455859   -4.1717136955    1.2424732316
   4.1155587130   -1.7007963849   -2.5556600978
   2.9882667536   -3.4548969129   -2.5556600978
   3.2132563139   -1.7007963849   -3.0766046308
   1.6741656689   -0.8122019867   -3.0766046308
   2.7002260989   -2.5893907831   -3.0766046308
   2.1871958839   -1.7007963849   -3.2575267684
   0.9738454614   -2.1937612229    2.7762326184
   0.4608152464   -3.0823556211    2.5953104808
   1.4868756764   -3.0823556211    2.5953104808
  -0.2889636361   -3.6511206102    2.0743659478
   0.6994108173   -4.1024960989    2.0743659478
   1.7749163311   -3.9478617509    2.0743659478
   0.7022725476   -4.7776049010    1.2762326184
   1.7766951634   -4.6646785336    1.2762326184
   0.1653291584   -5.0354012743    0.2971771514
   1.2464452487   -5.1355814332    0.2971771514
   2.2907452272   -4.8384524715    0.2971771514
   0.1653291584   -5.0354012743   -0.7447119146
   1.2464452487   -5.1355814332   -0.7447119146
   2.2907452272   -4.8384524715   -0.7447119146
   0.7022725476   -4.7776049010   -1.7237673816
   1.7766951634   -4.6646785336   -1.7237673816
  -0.2889636361   -3.6511206102   -2.5219007109
   0.6994108173   -4.1024960989   -2.5219007109
   1.7749163311   -3.9478617509   -2.5219007109
  -0.0522149685   -2.1937612229   -3.0428452439
   0.4608152464   -3.0823556211   -3.0428452439
   1.4868756764   -3.0823556211   -3.0428452439
   0.9738454614   -2.1937612229   -3.2237673816
   0.1902994552   -1.1070771235    2.9047450440
   1.2163598852   -1.1070771235    2.7238229064
  -0.3227307598   -1.9956715217    2.7238229064
  -0.3227307598   -0.2184827254   -2.9143328184
   0.1902994552   -1.1070771235   -3.0952549560
   0.9237061372    0.0337125291    2.9477216731
  -0.1023542928    0.0337125291    2.7667995355
   1.4367363521   -0.8548818691    2.7667995355
   1.4367363521    0.9223069273   -2.8713561892
  -0.1023542928    0.0337125291   -2.8713561892
   0.9237061372    0.0337125291   -3.0522783269
   0.3419024273    1.3359065923    3.0812056107
   1.3679628573    1.3359065923    2.9002834731
  -0.1711277877    2.2245009905    2.9002834731
   1.3679628573    1.3359065923   -2.7378722516
   0.8549326423    2.2245009905   -2.7378722516
  -0.1711277877    2.2245009905   -2.7378722516
   0.3419024273    1.3359065923   -2.9187943893
   0.9458631480    2.3740717676    2.9246386582
   2.0173767587    2.3740717676    2.7115013492
   1.4816199534    3.3020297749    2.7115013492
   0.4101063427    3.3020297749    2.7115013492
   2.6605059680    3.3640212612    2.1045376455
   1.9358126417    4.0887145875    2.1045376455
   0.9458631480    4.3539707549    2.1045376455
   3.3090798090    3.4262436146    1.1961522688
   2.6768121491    4.2964853906    1.1961522688
   1.7452476817    4.8343243866    1.1961522688
   0.6754623663    4.9467633541    1.1961522688
   3.0150881163    4.2604195698    0.1246386582
   2.1939305442    4.8805289834    0.1246386582
   1.2042145545    5.1621274612    0.1246386582
   2.6768121491    4.2964853906   -0.9468749525
   1.7452476817    4.8343243866   -0.9468749525
   0.6754623663    4.9467633541   -0.9468749525
   2.6605059680    3.3640212612   -1.8552603292
   1.9358126417    4.0887145875   -1.8552603292
   0.9458631480    4.3539707549   -1.8552603292
  -0.0440863456    4.0887145875   -1.8552603292
   1.4816199534    3.3020297749   -2.4622240329
   0.4101063427    3.3020297749   -2.4622240329
   0.9458631480    2.3740717676   -2.6753613418
  -1.0495900613    1.2706724236    3.1579509342
  -0.5365598463    0.3820780254    2.9770287966
  -2.0756504912    1.2706724236   -2.6611269281
  -0.5365598463    0.3820780254   -2.6611269281
  -1.0495900613    1.2706724236   -2.8420490658
  -1.8235195320    0.1150707150    3.1159890149
  -0.7974591020    0.1150707150    2.9350668773
  -2.3365497470   -0.7735236832    2.9350668773
  -2.3365497470    1.0036651132   -2.7030888474
  -2.8495799620    0.1150707150   -2.7030888474
  -1.8235195320    0.1150707150   -2.8840109851
  -3.0183067059    0.1732820678    2.9909890077
  -3.5540635113    1.1012400751    2.7778516987
  -4.0898203166    0.1732820678    2.7778516987
  -3.5540635113   -0.7546759395    2.7778516987
  -4.7329495259    1.1632315615    2.1708879950
  -4.9982056933    0.1732820678    2.1708879950
  -4.7329495259   -0.8166674258    2.1708879950
  -5.1111225851    1.6938018073    1.2625026183
  -5.5486402406    0.7111210638    1.2625026183
  -5.5486402406   -0.3645569282    1.2625026183
  -5.1111225851   -1.3472376717    1.2625026183
  -5.3989146860    1.6472921239    0.1909890077
  -5.7706313851    0.6877807177    0.1909890077
  -5.7706313851   -0.3412165820    0.1909890077
  -5.3989146860   -1.3007279882    0.1909890077
  -5.1111225851    1.6938018073   -0.8805246029
  -5.5486402406    0.7111210638   -0.8805246029
  -5.5486402406   -0.3645569282   -0.8805246029
  -5.1111225851   -1.3472376717   -0.8805246029
  -4.7329495259    1.1632315615   -1.7889099796
  -4.9982056933    0.1732820678   -1.7889099796
  -4.7329495259   -0.8166674258   -1.7889099796
  -3.5540635113    1.1012400751   -2.3958736833
  -4.0898203166    0.1732820678   -2.3958736833
  -1.1762331788   -1.0878247656    2.9865604901
  -0.6632029638   -1.9764191638    2.8056383525
  -0.6632029638   -0.1992303675   -2.8325173722
  -1.1762331788   -1.0878247656   -3.0134395099
  -0.9530806508   -2.3044086324    2.7610738200
  -1.1780702111   -4.0585091604    2.2401292870
  -0.3568990382   -3.3469602887    2.2401292870
  -2.2507139946   -4.8882523104    1.4419959576
  -4.8832596695   -2.8472824817    0.4629404906
  -4.4910423618   -3.8597120587    0.4629404906
  -3.7595788672   -4.6620892898    0.4629404906
  -2.7876573838   -5.1460486837    0.4629404906
  -4.4910423618   -3.8597120587   -0.5789485754
  -3.7595788672   -4.6620892898   -0.5789485754
  -2.7876573838   -5.1460486837   -0.5789485754
  -3.2781791864   -4.5544086324   -1.5580040424
  -2.2507139946   -4.8882523104   -1.5580040424
  -2.2535757249   -4.2131435083   -2.3561373718
  -0.9530806508   -2.3044086324   -2.8770819048
  -1.4661108658   -3.1930030306   -2.8770819048
  -0.7754567865    2.5192587718    3.1160100614
  -0.1792751740    3.5618104281    2.5950655284
  -1.0004463468    4.2733592998    2.5950655284
  -2.0730901303    5.1031024498    1.7969321990
  -3.1005553222    4.7692587718    1.7969321990
  -2.6100335195    5.3608988231    0.8178767320
  -3.5819550029    4.8769394292    0.8178767320
  -4.3134184975    4.0745621981    0.8178767320
  -4.7056358052    3.0621326211    0.8178767320
  -2.6100335195    5.3608988231   -0.2240123340
  -3.5819550029    4.8769394292   -0.2240123340
  -2.0730901303    5.1031024498   -1.2030678010
  -1.0004463468    4.2733592998   -2.0012011303
  -1.2884870015    3.4078531700   -2.5221456633
   6.1691030204   -0.1670447914    1.2317939400
   5.0721903475   -1.8738742268    1.2317939400
   5.8712318545   -1.1815008197    1.2317939400
   6.6325344517   -0.1670447914    0.2694686571
   6.4008187360    0.8481680916    0.2694686571
   5.7515657283   -1.9963951951    0.2694686571
   6.4008187360   -1.1822576744    0.2694686571
   6.6325344517   -0.1670447914   -0.7986318259
   6.4008187360    0.8481680916   -0.7986318259
   5.7515657283   -1.9963951951   -0.7986318259
   6.4008187360   -1.1822576744   -0.7986318259
   6.1691030204   -0.1670447914   -1.7609571089
   5.0721903475   -1.8738742268   -1.7609571089
   5.8712318545   -1.1815008197   -1.7609571089
   5.3340284363   -0.1670447914   -2.4269068674
   4.8133679494   -1.0688552083   -2.4269068674
   3.9017554410    3.4406363043   -0.4598933689
   5.4892062276    2.1746865458   -1.5279938519
   4.8399532200    2.9888240665   -1.5279938519
   3.9017554410    3.4406363043   -1.5279938519
   5.2574905120    1.1594736628   -2.4903191349
   4.9596193462    2.1739296911   -2.4903191349
   4.1605778392    2.8663030982   -2.4903191349
   3.1140560237    3.0167702195   -2.4903191349
   2.1523171818    2.5775588070   -2.4903191349
   4.4224159279    1.1594736628   -3.1562688934
   3.9017554410    2.0612840797   -3.1562688934
   2.8604344671    2.0612840797   -3.1562688934
   2.3397739802    1.1594736628   -3.1562688934
   2.8604344671    0.2576632459   -3.1562688934
   3.9017554410    0.2576632459   -3.1562688934
   3.3810949541    1.1594736628   -3.3939436104
   3.4833818630    1.0282330487    3.1547423898
   4.5247028369    1.0282330487    2.9170676728
   4.0040423500    1.9300434656    2.9170676728
   2.9627213761    1.9300434656    2.9170676728
   2.4420608892    1.0282330487    2.9170676728
   2.9627213761    0.1264226318    2.9170676728
   4.0040423500    0.1264226318    2.9170676728
   5.3597774210    1.0282330487    2.2511179143
   5.0619062551    2.0426890770    2.2511179143
   4.2628647481    2.7350624841    2.2511179143
   3.2163429327    2.8855296054    2.2511179143
   5.5914931366    2.0434459317    1.2887926313
   4.9422401289    2.8575834524    1.2887926313
   4.0040423500    3.3093956902    1.2887926313
   4.9489240320   -2.2963740407    1.1417678282
   3.8520113591   -4.0032034762    1.1417678282
   4.6510528661   -3.3108300690    1.1417678282
   5.4123554633   -2.2963740407    0.1794425452
   3.5931889610   -4.5775366822    0.1794425452
   4.5313867399   -4.1257244444    0.1794425452
   5.1806397476   -3.3115869237    0.1794425452
   5.4123554633   -2.2963740407   -0.8886579377
   3.5931889610   -4.5775366822   -0.8886579377
   4.5313867399   -4.1257244444   -0.8886579377
   5.1806397476   -3.3115869237   -0.8886579377
   4.9489240320   -2.2963740407   -1.8509832207
   3.8520113591   -4.0032034762   -1.8509832207
   4.6510528661   -3.3108300690   -1.8509832207
   4.1138494479   -2.2963740407   -2.5169329792
   3.5931889610   -3.1981844576   -2.5169329792
  -1.5745763000   -4.9980667724    1.3350691113
  -0.5280544846   -4.8475996511    1.3350691113
  -1.8281978566   -5.4219328572    0.3727438283
  -0.7868768827   -5.4219328572    0.3727438283
  -1.8281978566   -5.4219328572   -0.6953566547
  -0.7868768827   -5.4219328572   -0.6953566547
  -1.5745763000   -4.9980667724   -1.6576819376
  -0.5280544846   -4.8475996511   -1.6576819376
  -0.7868768827   -4.0425806326   -2.3236316962
  -2.5552622632   -2.4019533730    3.2513426599
  -1.5139412893   -2.4019533730    3.0136679429
  -2.0346017763   -1.5001429561    3.0136679429
  -3.0759227501   -1.5001429561    3.0136679429
  -3.5965832371   -2.4019533730    3.0136679429
  -3.0759227501   -3.3037637899    3.0136679429
  -2.0346017763   -3.3037637899    3.0136679429
  -4.3556506167   -1.8733116548    2.3477181844
  -4.3556506167   -2.9305950912    2.3477181844
  -3.7840400354   -3.8200385172    2.3477181844
  -2.8223011936   -4.2592499297    2.3477181844
  -1.7757793781   -4.1087828084    2.3477181844
  -4.8950892524   -2.4019533730    1.3853929014
  -4.6633735368   -3.4171662560    1.3853929014
  -4.0141205291   -4.2313037767    1.3853929014
  -4.9988379849   -2.2692750334   -0.3635262894
  -4.9988379849   -2.2692750334   -1.4316267724
  -4.7671222692   -3.2844879164   -1.4316267724
  -4.1178692615   -4.0986254371   -1.4316267724
  -3.8877887679   -0.8511898892   -2.3939520554
  -4.4593993492   -1.7406333152   -2.3939520554
  -4.4593993492   -2.7979167516   -2.3939520554
  -3.8877887679   -3.6873601776   -2.3939520554
  -2.9260499260   -4.1265715901   -2.3939520554
  -1.6176900217   -2.2692750334   -3.0599018139
  -2.1383505087   -1.3674646165   -3.0599018139
  -3.1796714826   -1.3674646165   -3.0599018139
  -3.7003319695   -2.2692750334   -3.0599018139
  -3.1796714826   -3.1710854503   -3.0599018139
  -2.1383505087   -3.1710854503   -3.0599018139
  -2.6590109956   -2.2692750334   -3.2975765309
  -2.3771780517    2.5021341948    3.6112184973
  -1.3358570779    2.5021341948    3.3735437802
  -1.8565175648    3.4039446116    3.3735437802
  -2.8978385387    3.4039446116    3.3735437802
  -3.4184990256    2.5021341948    3.3735437802
  -2.8978385387    1.6003237779    3.3735437802
  -1.8565175648    1.6003237779    3.3735437802
  -2.6442169821    4.3594307514    2.7075940217
  -3.6059558240    3.9202193390    2.7075940217
  -4.1775664053    3.0307759129    2.7075940217
  -4.1775664053    1.9734924766    2.7075940217
  -3.8360363176    4.3314845985    1.7452687388
  -4.4852893253    3.5173470777    1.7452687388
  -4.7170050410    2.5021341948    1.7452687388
  -4.5883855595    3.6495672725   -0.0018802899
  -4.8201012752    2.6343543896   -0.0018802899
  -3.0009347729    4.9155170310   -1.0699807729
  -3.9391325518    4.4637047933   -1.0699807729
  -4.5883855595    3.6495672725   -1.0699807729
  -4.8201012752    2.6343543896   -1.0699807729
  -2.7473132163    4.4916509462   -2.0323060558
  -3.7090520582    4.0524395338   -2.0323060558
  -4.2806626395    3.1629961077   -2.0323060558
  -4.2806626395    2.1057126714   -2.0323060558
  -1.4389533120    2.6343543896   -2.6982558143
  -1.9596137990    3.5361648064   -2.6982558143
  -3.0009347729    3.5361648064   -2.6982558143
  -3.5215952598    2.6343543896   -2.6982558143
  -3.0009347729    1.7325439727   -2.6982558143
  -1.9596137990    1.7325439727   -2.6982558143
  -2.4802742859    2.6343543896   -2.9359305314
  -0.5732767531    4.2307774853    2.4788038060
  -0.3144543549    5.0357965039    1.8128540475
  -1.3609761704    5.1862636251    1.8128540475
   0.3649210259    5.1583174722    0.8505287645
  -0.5732767531    5.6101297099    0.8505287645
  -1.6145977270    5.6101297099    0.8505287645
   0.3649210259    5.1583174722   -0.2175717184
  -0.5732767531    5.6101297099   -0.2175717184
  -1.6145977270    5.6101297099   -0.2175717184
  -0.3144543549    5.0357965039   -1.1798970014
  -1.3609761704    5.1862636251   -1.1798970014
  -0.5732767531    4.2307774853   -1.8458467599
