#! FIELDS phi psi file.free der_phi der_psi
#! SET min_phi -pi
#! SET max_phi pi
#! SET nbins_phi  33
#! SET periodic_phi true
#! SET min_psi -pi
#! SET max_psi pi
#! SET nbins_psi  17
#! SET periodic_psi true
   -3.141592654   -3.141592654   19.588189784  -55.024885986   13.250447216
   -2.951193099   -3.141592654   10.825358365  -36.265161650   16.051106336
   -2.760793544   -3.141592654    5.939046771  -15.324802406   18.269543177
   -2.570393989   -3.141592654    4.775001897    2.063158125   19.921604969
   -2.379994435   -3.141592654    6.255460035   12.113817590   21.291117145
   -2.189594880   -3.141592654    8.890599652   14.418088812   22.840539572
   -1.999195325   -3.141592654   11.426891060   11.733075085   24.961191045
   -1.808795770   -3.141592654   13.325524789    8.478743038   27.688750911
   -1.618396215   -3.141592654   14.880807594    8.660271604   30.568278289
   -1.427996661   -3.141592654   16.969678453   14.163163679   32.787744502
   -1.237597106   -3.141592654   20.566044971   24.109178827   33.526693340
   -1.047197551   -3.141592654   26.251351093   35.439474641   32.337705353
   -0.856797996   -3.141592654   33.917086449   44.274260734   29.317162808
   -0.666398442   -3.141592654   42.760333830   47.309523160   24.983004510
   -0.475998887   -3.141592654   51.478732981   42.820571821   19.984416628
   -0.285599332   -3.141592654   58.613073437   30.860187937   14.791140299
   -0.095199777   -3.141592654   62.880946100   13.155949293    9.567651065
    0.095199777   -3.141592654   63.474100268   -7.080706887    4.248716359
    0.285599332   -3.141592654   60.319454011  -25.401800648   -1.241157808
    0.475998887   -3.141592654   54.256436861  -36.825594766   -6.754104095
    0.666398442   -3.141592654   47.015250490  -37.268128472  -11.808924765
    0.856797996   -3.141592654   40.867619334  -25.461624832  -15.701173574
    1.047197551   -3.141592654   37.939300354   -4.289055248  -17.790901618
    1.237597106   -3.141592654   39.419644148   19.551866430  -17.804801764
    1.427996661   -3.141592654   45.042144102   37.928786518  -15.982929584
    1.618396215   -3.141592654   53.117860691   44.598856949  -12.946795656
    1.808795770   -3.141592654   61.141503925   37.422660001   -9.411905195
    1.999195325   -3.141592654   66.626345504   18.603053633   -5.902164408
    2.189594880   -3.141592654   67.804530083   -6.830062885   -2.623356636
    2.379994435   -3.141592654   63.985307887  -32.903710119    0.482021355
    2.570393989   -3.141592654   55.591781744  -54.028101475    3.581790117
    2.760793544   -3.141592654   44.006755311  -65.851892264    6.790146435
    2.951193099   -3.141592654   31.263731848  -66.040968935   10.075497421

   -3.141592654   -2.771993518   27.706370641  -49.030072658   21.805772481
   -2.951193099   -2.771993518   19.882121077  -32.472982202   24.417289162
   -2.760793544   -2.771993518   15.504123342  -13.721116770   25.901584906
   -2.570393989   -2.771993518   14.486801433    2.164173974   26.445894421
   -2.379994435   -2.771993518   15.935570032   11.898143966   26.523459740
   -2.189594880   -2.771993518   18.600060641   15.121734132   26.728832481
   -1.999195325   -2.771993518   21.422116688   14.081873145   27.505690784
   -1.808795770   -2.771993518   23.916852580   12.273890184   28.904263023
   -1.618396215   -2.771993518   26.246725304   12.752249220   30.497766074
   -1.427996661   -2.771993518   29.011157898   16.883675881   31.528153169
   -1.237597106   -2.771993518   32.869466860   23.945876179   31.224311750
   -1.047197551   -2.771993518   38.177391184   31.598019459   29.145106371
   -0.856797996   -2.771993518   44.764107690   36.881698448   25.344434805
   -0.666398442   -2.771993518   51.923948141   37.217740872   20.287443920
   -0.475998887   -2.771993518   58.554261558   31.190304753   14.613613069
   -0.285599332   -2.771993518   63.416025581   18.794452885    8.849589135
   -0.095199777   -2.771993518   65.413332043    1.496061520    3.278513436
    0.095199777   -2.771993518   63.871929769  -17.754978362   -2.025997906
    0.285599332   -2.771993518   58.814744792  -34.633886539   -7.024954020
    0.475998887   -2.771993518   51.167787885  -44.138238166  -11.532889996
    0.666398442   -2.771993518   42.756714435  -42.149005140  -15.152593385
    0.856797996   -2.771993518   35.943001538  -27.518558059  -17.391103606
    1.047197551   -2.771993518   32.897358109   -3.479622636  -17.891735216
    1.237597106   -2.771993518   34.773135318   22.795854476  -16.637396998
    1.427996661   -2.771993518   41.183959639   42.833084790  -13.984421339
    1.618396215   -2.771993518   50.285476821   50.362753040  -10.485956432
    1.808795770   -2.771993518   59.445379756   43.552061424   -6.647308485
    1.999195325   -2.771993518   66.123831105   25.032156654   -2.742733168
    2.189594880   -2.771993518   68.571280897    0.115111148    1.204338127
    2.379994435   -2.771993518   66.140999404  -25.244741215    5.297760058
    2.570393989   -2.771993518   59.269062373  -45.760950699    9.601977059
    2.760793544   -2.771993518   49.279040713  -57.494165889   14.008980186
    2.951193099   -2.771993518   38.072483385  -58.423626670   18.215171435

   -3.141592654   -2.402394382   36.060020413  -43.956280648   20.609858799
   -2.951193099   -2.402394382   28.989888212  -29.639200270   22.426506797
   -2.760793544   -2.402394382   24.959456296  -12.792422020   23.193855444
   -2.570393989   -2.402394382   24.005666709    2.082921173   23.175889876
   -2.379994435   -2.402394382   25.432870909   11.936686757   22.802829932
   -2.189594880   -2.402394382   28.190665498   16.165170123   22.506267992
   -1.999195325   -2.402394382   31.330921503   16.344531034   22.523168068
   -1.808795770   -2.402394382   34.327048838   15.101157928   22.781358456
   -1.618396215   -2.402394382   37.143142298   14.770914904   22.911909031
   -1.427996661   -2.402394382   40.086644145   16.499689877   22.395773824
   -1.237597106   -2.402394382   43.543270709   19.996794315   20.783097350
   -1.047197551   -2.402394382   47.731300372   23.852047686   17.896633978
   -0.856797996   -2.402394382   52.538466567   26.152866816   13.897086131
   -0.666398442   -2.402394382   57.487344189   25.021027891    9.192502630
   -0.475998887   -2.402394382   61.783347615   19.117948249    4.270378626
   -0.285599332   -2.402394382   64.453845386    7.996005697   -0.496570261
   -0.095199777   -2.402394382   64.558884510   -7.545238481   -4.915062505
    0.095199777   -2.402394382   61.464543908  -25.041215544   -8.935372492
    0.285599332   -2.402394382   55.176276411  -40.279389514  -12.514566919
    0.475998887   -2.402394382   46.613231888  -48.073716114  -15.496302711
    0.666398442   -2.402394382   37.636267184  -44.093331757  -17.583433058
    0.856797996   -2.402394382   30.661873338  -27.221089521  -18.447377559
    1.047197551   -2.402394382   27.883211098   -1.001398653  -17.897544086
    1.237597106   -2.402394382   30.404162816   26.998352879  -16.012663665
    1.427996661   -2.402394382   37.725998299   48.094347492  -13.120787805
    1.618396215   -2.402394382   47.882969276   56.118726429   -9.640595896
    1.808795770   -2.402394382   58.165601900   49.582757718   -5.908776549
    1.999195325   -2.402394382   66.026858501   31.461472326   -2.081185754
    2.189594880   -2.402394382   69.758307103    7.205854501    1.840853886
    2.379994435   -2.402394382   68.751801612  -17.392523664    5.897804651
    2.570393989   -2.402394382   63.429048751  -37.430110662   10.053555706
    2.760793544   -2.402394382   55.019433288  -49.377494274   14.116459128
    2.951193099   -2.402394382   45.266993804  -51.432646553   17.756955384

   -3.141592654   -2.032795246   41.778125369  -40.754989456   13.569961478
   -2.951193099   -2.032795246   35.154741880  -28.152052266   14.625704388
   -2.760793544   -2.032795246   31.261282906  -12.760271739   15.025805562
   -2.570393989   -2.032795246   30.219867705    1.237464978   14.929851820
   -2.379994435   -2.032795246   31.453975536   10.843830198   14.539940122
   -2.189594880   -2.032795246   34.010532404   15.161452109   14.024290313
   -1.999195325   -2.032795246   36.960666787   15.285393856   13.438963921
   -1.808795770   -2.032795246   39.705591741   13.402663082   12.710661334
   -1.618396215   -2.032795246   42.076407701   11.675493006   11.668375071
   -1.427996661   -2.032795246   44.250022000   11.452910442   10.117934510
   -1.237597106   -2.032795246   46.551533998   12.967565808    7.928893276
   -1.047197551   -2.032795246   49.253472049   15.432374365    5.110813217
   -0.856797996   -2.032795246   52.407161967   17.407208643    1.822817920
   -0.666398442   -2.032795246   55.751696046   17.105319211   -1.677927274
   -0.475998887   -2.032795246   58.687636258   12.844330677   -5.111454301
   -0.285599332   -2.032795246   60.341655920    3.582114946   -8.279518512
   -0.095199777   -2.032795246   59.758146887  -10.454140329  -11.094443149
    0.095199777   -2.032795246   56.204153779  -27.057585077  -13.571473013
    0.285599332   -2.032795246   49.576447749  -41.867298732  -15.731254372
    0.475998887   -2.032795246   40.744492979  -49.267989946  -17.498858155
    0.666398442   -2.032795246   31.605509460  -44.509367072  -18.659567518
    0.856797996   -2.032795246   24.667142048  -26.338553640  -18.929122438
    1.047197551   -2.032795246   22.207020252    1.484622011  -18.099962971
    1.237597106   -2.032795246   25.350475175   31.002323745  -16.179033173
    1.427996661   -2.032795246   33.549213048   53.216229650  -13.396924633
    1.618396215   -2.032795246   44.749750800   61.878384023  -10.096906406
    1.808795770   -2.032795246   56.161338935   55.633157267   -6.595836018
    1.999195325   -2.032795246   65.189944185   37.655151518   -3.096546904
    2.189594880   -2.032795246   70.113350325   13.524331868    0.309633645
    2.379994435   -2.032795246   70.320088874  -10.985726672    3.582748443
    2.570393989   -2.032795246   66.212503479  -31.127751646    6.672231599
    2.760793544   -2.032795246   58.963018153  -43.585178076    9.471299327
    2.951193099   -2.032795246   50.222733937  -46.695031486   11.823147398

   -3.141592654   -1.663196111   40.952902432  -40.421854266   12.108562686
   -2.951193099   -1.663196111   34.438713627  -27.341507859   12.545009715
   -2.760793544   -1.663196111   30.737614224  -11.600353822   12.217903511
   -2.570393989   -1.663196111   29.919602435    2.332468432   11.234437220
   -2.379994435   -1.663196111   31.311544859   11.308831536    9.737670954
   -2.189594880   -1.663196111   33.852592091   14.452317315    7.849019248
   -1.999195325   -1.663196111   36.525980731   13.052792366    5.629442579
   -1.808795770   -1.663196111   38.694357207    9.603606385    3.107558278
   -1.618396215   -1.663196111   40.214446816    6.621490393    0.327242294
   -1.427996661   -1.663196111   41.354383639    5.772890611   -2.619495105
   -1.237597106   -1.663196111   42.578826626    7.478028666   -5.591554359
   -1.047197551   -1.663196111   44.316587294   10.913779998   -8.414088022
   -0.856797996   -1.663196111   46.747051514   14.381570550  -10.912036168
   -0.666398442   -1.663196111   49.670297901   15.691723361  -12.941774973
   -0.475998887   -1.663196111   52.471009745   12.755610209  -14.412006092
   -0.285599332   -1.663196111   54.191596740    4.271675771  -15.327046536
   -0.095199777   -1.663196111   53.761732208   -9.635437223  -15.786145987
    0.095199777   -1.663196111   50.331083862  -26.651044996  -15.965298835
    0.285599332   -1.663196111   43.716582696  -42.146610638  -16.024242819
    0.475998887   -1.663196111   34.772724344  -50.107162846  -16.007854549
    0.666398442   -1.663196111   25.460428740  -45.379066276  -15.798565181
    0.856797996   -1.663196111   18.411747960  -26.502232980  -15.175631796
    1.047197551   -1.663196111   16.040463131    2.655122899  -13.944005504
    1.237597106   -1.663196111   19.558422591   33.756916397  -12.066833627
    1.427996661   -1.663196111   28.419238751   57.334422608   -9.672950427
    1.618396215   -1.663196111   40.489882874   66.777333540   -6.971177796
    1.808795770   -1.663196111   52.850411001   60.572615312   -4.147197615
    1.999195325   -1.663196111   62.768460860   41.951166876   -1.309551240
    2.189594880   -1.663196111   68.410221927   16.711891225    1.491689219
    2.379994435   -1.663196111   69.103711905   -9.060921155    4.214935783
    2.570393989   -1.663196111   65.254279989  -30.290736963    6.787449364
    2.760793544   -1.663196111   58.093692658  -43.407627636    9.079708536
    2.951193099   -1.663196111   49.366341257  -46.653095080   10.913660679

   -3.141592654   -1.293596975   40.114462636  -41.312959289    9.726750499
   -2.951193099   -1.293596975   33.402291751  -28.520791541    9.426662097
   -2.760793544   -1.293596975   29.453982290  -13.021709867    8.574446653
   -2.570393989   -1.293596975   28.336300601    0.573511691    7.220824361
   -2.379994435   -1.293596975   29.343679122    8.980468667    5.362986027
   -2.189594880   -1.293596975   31.364403528   11.270018922    2.933536207
   -1.999195325   -1.293596975   33.335968623    8.856731028   -0.149968258
   -1.808795770   -1.293596975   34.616885838    4.533155030   -3.863411728
   -1.618396215   -1.293596975   35.125588949    1.180823429   -7.983043736
   -1.427996661   -1.293596975   35.253886899    0.723813681  -12.086589764
   -1.237597106   -1.293596975   35.617152724    3.604095751  -15.662926274
   -1.047197551   -1.293596975   36.774768691    8.756707543  -18.274826879
   -0.856797996   -1.293596975   38.973669325   14.097713160  -19.694398987
   -0.666398442   -1.293596975   42.004743586   17.043693307  -19.946644292
   -0.475998887   -1.293596975   45.179613775   15.228141125  -19.254702993
   -0.285599332   -1.293596975   47.427075987    7.220110382  -17.950968586
   -0.095199777   -1.293596975   47.550130547   -6.888575832  -16.368661054
    0.095199777   -1.293596975   44.575319301  -24.694043264  -14.775781893
    0.285599332   -1.293596975   38.227954496  -41.323773142  -13.306187252
    0.475998887   -1.293596975   29.335317377  -50.340006068  -11.943453439
    0.666398442   -1.293596975   19.920204766  -46.107641162  -10.555255614
    0.856797996   -1.293596975   12.753426761  -26.868204448   -8.989301341
    1.047197551   -1.293596975   10.412826952    3.434034508   -7.178546963
    1.237597106   -1.293596975   14.223189237   36.054750860   -5.197921815
    1.427996661   -1.293596975   23.657982093   60.991735575   -3.193483478
    1.618396215   -1.293596975   36.512838539   71.238226113   -1.278676837
    1.808795770   -1.293596975   49.744600270   65.142895803    0.530467796
    1.999195325   -1.293596975   60.493663811   46.015479444    2.289452421
    2.189594880   -1.293596975   66.827694656   19.864073116    4.041577330
    2.379994435   -1.293596975   68.019752921   -6.988337304    5.757211185
    2.570393989   -1.293596975   64.464368724  -29.254705988    7.329710782
    2.760793544   -1.293596975   57.415905393  -43.230194542    8.607879226
    2.951193099   -1.293596975   48.658323582  -47.110475096    9.441919409

   -3.141592654   -0.923997839   40.890728565  -43.385178025    5.486859241
   -2.951193099   -0.923997839   33.749457202  -30.904146873    4.168967698
   -2.760793544   -0.923997839   29.337621084  -15.475847955    2.447482221
   -2.570393989   -0.923997839   27.750199243   -1.924062923    0.422752039
   -2.379994435   -0.923997839   28.260978714    6.203600596   -1.915170057
   -2.189594880   -0.923997839   29.695150752    7.814910843   -4.691065651
   -1.999195325   -0.923997839   30.917315529    4.412348074   -8.037607493
   -1.808795770   -0.923997839   31.256628638   -0.865004508  -11.911030673
   -1.618396215   -0.923997839   30.683466714   -4.661124165  -15.970222390
   -1.427996661   -0.923997839   29.725522223   -4.675167648  -19.612387887
   -1.237597106   -0.923997839   29.180750276   -0.375349575  -22.169718770
   -1.047197551   -0.923997839   29.777250215    6.933695730  -23.171496141
   -0.856797996   -0.923997839   31.858991107   14.686345191  -22.524166329
   -0.666398442   -0.923997839   35.212586960   19.751368512  -20.519528813
   -0.475998887   -0.923997839   39.048561203   19.310063121  -17.688490608
   -0.285599332   -0.923997839   42.126479320   11.691699435  -14.587638188
   -0.095199777   -0.923997839   43.059555036   -3.003073950  -11.619601831
    0.095199777   -0.923997839   40.711069209  -22.075852079   -8.960170792
    0.285599332   -0.923997839   34.722955347  -40.143509682   -6.567537549
    0.475998887   -0.923997839   25.948352766  -50.166498989   -4.287329327
    0.666398442   -0.923997839   16.537924938  -46.077346586   -1.991485603
    0.856797996   -0.923997839    9.436405547  -26.092929258    0.304068282
    1.047197551   -0.923997839    7.359181418    5.445429418    2.414566003
    1.237597106   -0.923997839   11.669905496   39.233124558    4.068146643
    1.427996661   -0.923997839   21.784927350   64.852349139    5.087292751
    1.618396215   -0.923997839   35.394418737   75.208275542    5.505565840
    1.808795770   -0.923997839   49.357400850   68.793916895    5.559908451
    1.999195325   -0.923997839   60.750313500   49.090358432    5.557502186
    2.189594880   -0.923997839   67.601952688   22.197237432    5.709082345
    2.379994435   -0.923997839   69.155915942   -5.542719582    6.038666202
    2.570393989   -0.923997839   65.782304316  -28.802000564    6.398119588
    2.760793544   -0.923997839   58.723234933  -43.785038409    6.553186443
    2.951193099   -0.923997839   49.772734647  -48.549960894    6.287756907

   -3.141592654   -0.554398704   42.004115186  -46.889579159    2.458717578
   -2.951193099   -0.554398704   34.117622019  -35.147638228    0.139527083
   -2.760793544   -0.554398704   28.860656061  -20.037548912   -2.444865905
   -2.570393989   -0.554398704   26.395055477   -6.572633807   -5.091688347
   -2.379994435   -0.554398704   26.006555241    1.363048060   -7.759472443
   -2.189594880   -0.554398704   26.475484028    2.461564885  -10.585412056
   -1.999195325   -0.554398704   26.612624144   -1.623105934  -13.728622849
   -1.808795770   -0.554398704   25.759711208   -7.239096781  -17.127645618
   -1.618396215   -0.554398704   24.012033778  -10.425846398  -20.361279232
   -1.427996661   -0.554398704   22.113153475   -8.582684856  -22.738637503
   -1.237597106   -0.554398704   21.085449147   -1.414692696  -23.590278593
   -1.047197551   -0.554398704   21.788723393    9.079468375  -22.599943316
   -0.856797996   -0.554398704   24.546544423   19.495947570  -19.963700185
   -0.666398442   -0.554398704   28.982548361   26.089036604  -16.289020127
   -0.475998887   -0.554398704   34.065699656   25.857986096  -12.326466237
   -0.285599332   -0.554398704   38.321452284   17.374597103   -8.659113684
   -0.095199777   -0.554398704   40.206415656    1.268384123   -5.519893419
    0.095199777   -0.554398704   38.539375710  -19.126676537   -2.782539062
    0.285599332   -0.554398704   33.031152556  -37.922544865   -0.099805700
    0.475998887   -0.554398704   24.673898169  -47.882887956    2.849858174
    0.666398442   -0.554398704   15.755386424  -43.146491320    6.126013991
    0.856797996   -0.554398704    9.284261743  -22.455058142    9.420713412
    1.047197551   -0.554398704    7.932276136    9.290593142   12.159302872
    1.237597106   -0.554398704   12.936657204   42.544653405   13.767645672
    1.427996661   -0.554398704   23.584909097   67.080286645   13.984067477
    1.618396215   -0.554398704   37.506573680   76.283705737   12.990540518
    1.808795770   -0.554398704   51.591563448   69.080970726   11.312377249
    1.999195325   -0.554398704   63.003648887   49.078290290    9.554788272
    2.189594880   -0.554398704   69.850795460   22.182968700    8.133824959
    2.379994435   -0.554398704   71.400141245   -5.615451614    7.146273879
    2.570393989   -0.554398704   67.981188568  -29.277096500    6.398713136
    2.760793544   -0.554398704   60.758052730  -45.095716863    5.550337658
    2.951193099   -0.554398704   51.454107098  -50.978306044    4.286324352

   -3.141592654   -0.184799568   42.399346824  -51.648578346    0.117711569
   -2.951193099   -0.184799568   33.528049092  -40.626062903   -2.529242456
   -2.760793544   -0.184799568   27.200326533  -25.714222776   -5.287224028
   -2.570393989   -0.184799568   23.664617551  -12.103876075   -7.941290792
   -2.379994435   -0.184799568   22.237277497   -4.049431376  -10.452672485
   -2.189594880   -0.184799568   21.667400054   -3.075326257  -12.966054676
   -1.999195325   -0.184799568   20.731580669   -7.316494081  -15.624096440
   -1.808795770   -0.184799568   18.819187805  -12.518236912  -18.313883728
   -1.618396215   -0.184799568   16.197030349  -14.100931327  -20.549192373
   -1.427996661   -0.184799568   13.858368122   -9.325601152  -21.619418953
   -1.237597106   -0.184799568   13.035629447    1.526922741  -20.941833333
   -1.047197551   -0.184799568   14.634112391   15.389928004  -18.412922040
   -0.856797996   -0.184799568   18.812152887   27.818516470  -14.510755626
   -0.666398442   -0.184799568   24.878623082   34.577415031  -10.081192112
   -0.475998887   -0.184799568   31.464077001   32.942337825   -5.964063954
   -0.285599332   -0.184799568   36.869720257   22.333101369   -2.623345505
   -0.095199777   -0.184799568   39.515380278    4.427412102   -0.005997408
    0.095199777   -0.184799568   38.364941068  -16.633524034    2.363629022
    0.285599332   -0.184799568   33.376647258  -34.751255868    5.093123392
    0.475998887   -0.184799568   25.763354753  -43.175824642    8.558321043
    0.666398442   -0.184799568   17.887240940  -37.033914784   12.632308141
    0.856797996   -0.184799568   12.632143635  -16.061988643   16.661436110
    1.047197551   -0.184799568   12.398275925   14.359523753   19.726118968
    1.237597106   -0.184799568   18.134938665   45.017188316   21.062305151
    1.427996661   -0.184799568   28.971215668   66.616135091   20.430498507
    1.618396215   -0.184799568   42.572096320   73.555675912   18.194812108
    1.808795770   -0.184799568   56.018979658   65.328631778   15.116498840
    1.999195325   -0.184799568   66.714273633   45.463651063   11.995809192
    2.189594880   -0.184799568   72.940213942   19.319098053    9.364383431
    2.379994435   -0.184799568   74.015752104   -7.791662227    7.358672544
    2.570393989   -0.184799568   70.206367071  -31.317550662    5.773589261
    2.760793544   -0.184799568   62.550807324  -47.702649500    4.235703574
    2.951193099   -0.184799568   52.654727556  -54.641244645    2.402213604

   -3.141592654    0.184799568   42.191942547  -56.079602670   -2.171007234
   -2.951193099    0.184799568   32.425701999  -45.492901451   -4.281659265
   -2.760793544    0.184799568   25.166957485  -30.544715093   -6.292424745
   -2.570393989    0.184799568   20.740162050  -16.607017360   -8.124157193
   -2.379994435    0.184799568   18.485260916   -8.265915753   -9.836752393
   -2.189594880    0.184799568   17.125810258   -7.165950599  -11.594986882
   -1.999195325    0.184799568   15.429546711  -11.140522527  -13.484932386
   -1.808795770    0.184799568   12.868487925  -15.332192482  -15.314644857
   -1.618396215    0.184799568    9.900854987  -14.705728419  -16.566089148
   -1.427996661    0.184799568    7.744594697   -6.680403485  -16.593772385
   -1.237597106    0.184799568    7.757325684    7.583773384  -14.975988368
   -1.047197551    0.184799568   10.760849323   23.819581520  -11.814205314
   -0.856797996    0.184799568   16.619436877   36.689456369   -7.745094287
   -0.666398442    0.184799568   24.254636060   41.885565024   -3.643073257
   -0.475998887    0.184799568   31.979401863   37.499549684   -0.209715812
   -0.285599332    0.184799568   37.988331099   24.235698439    2.366915386
   -0.095199777    0.184799568   40.839881091    4.972983525    4.455908228
    0.095199777    0.184799568   39.813952423  -15.555333727    6.765869864
    0.285599332    0.184799568   35.215675019  -31.537868910    9.943500979
    0.475998887    0.184799568   28.470727170  -37.305780070   14.178079769
    0.666398442    0.184799568   21.906144243  -29.402093894   18.998306472
    0.856797996    0.184799568   18.121667487   -8.641758216   23.395161550
    1.047197551    0.184799568   19.105249344   19.390072414   26.238720921
    1.237597106    0.184799568   25.451293766   46.262693365   26.777988267
    1.427996661    0.184799568   36.147660100   64.010466933   24.961412843
    1.618396215    0.184799568   48.969197115   68.239739984   21.394664666
    1.808795770    0.184799568   61.279082623   58.993257657   17.022767609
    1.999195325    0.184799568   70.792399430   39.587001213   12.729590875
    2.189594880    0.184799568   76.011031943   14.677510004    9.062787761
    2.379994435    0.184799568   76.324463797  -11.222064273    6.165817344
    2.570393989    0.184799568   71.933326566  -34.126036778    3.869430722
    2.760793544    0.184799568   63.740106180  -50.657994947    1.869665187
    2.951193099    0.184799568   53.220133338  -58.292902812   -0.103079271

   -3.141592654    0.554398704   43.594162264  -58.156636858   -1.818012731
   -2.951193099    0.554398704   33.359422813  -48.296727050   -2.802382315
   -2.760793544    0.554398704   25.512949332  -33.854032964   -3.704743015
   -2.570393989    0.554398704   20.431758639  -20.118066968   -4.587395973
   -2.379994435    0.554398704   17.508096202  -11.747210015   -5.538519882
   -2.189594880    0.554398704   15.503013979  -10.425742976   -6.635972387
   -1.999195325    0.554398704   13.230768995  -13.850605538   -7.843389657
   -1.808795770    0.554398704   10.251346332  -16.895806515   -8.930757799
   -1.618396215    0.554398704    7.153341044  -14.403159153   -9.496793024
   -1.427996661    0.554398704    5.270070705   -4.095497249   -9.134189444
   -1.237597106    0.554398704    5.974495835   12.135816174   -7.654502512
   -1.047197551    0.554398704    9.949235103   29.229955589   -5.241569416
   -0.856797996    0.554398704   16.801718159   41.486077047   -2.386821323
   -0.666398442    0.554398704   25.197210611   44.952223957    0.366304366
   -0.475998887    0.554398704   33.319846064   38.683568425    2.703190080
   -0.285599332    0.554398704   39.441203240   24.459519716    4.725595228
   -0.095199777    0.554398704   42.371178732    5.866050195    6.889463604
    0.095199777    0.554398704   41.709253377  -12.412124133    9.777257522
    0.285599332    0.554398704   37.992682429  -25.400676661   13.750416309
    0.475998887    0.554398704   32.665226411  -28.773059109   18.663242849
    0.666398442    0.554398704   27.814098071  -20.330908776   23.770349669
    0.856797996    0.554398704   25.618463208   -1.427917037   27.931193458
    1.047197551    0.554398704   27.637425996   22.811333543   30.054174356
    1.237597106    0.554398704   34.206611630   45.201638061   29.561560093
    1.427996661    0.554398704   44.320173138   59.174228489   26.622054720
    1.618396215    0.554398704   55.987561118   61.266931577   22.021109874
    1.808795770    0.554398704   66.912693482   51.704022095   16.797553361
    1.999195325    0.554398704   75.122508440   33.362713107   11.853702379
    2.189594880    0.554398704   79.316018928   10.184599770    7.728939373
    2.379994435    0.554398704   78.942423460  -14.005782518    4.579082866
    2.570393989    0.554398704   74.146121242  -35.714534860    2.282736526
    2.760793544    0.554398704   65.704628312  -51.800849721    0.598737252
    2.951193099    0.554398704   54.951228823  -59.694564519   -0.712204824

   -3.141592654    0.923997839   43.547661395  -58.995817498   -1.887118445
   -2.951193099    0.923997839   33.186507761  -48.762657697   -1.420939112
   -2.760793544    0.923997839   25.283378317  -33.984542688   -0.790225606
   -2.570393989    0.923997839   20.199663822  -20.038426208   -0.276448896
   -2.379994435    0.923997839   17.293128135  -11.686600372   -0.079201611
   -2.189594880    0.923997839   15.278248231  -10.616490391   -0.264607058
   -1.999195325    0.923997839   12.937317457  -14.372837866   -0.744465314
   -1.808795770    0.923997839    9.838229083  -17.584043563   -1.313859323
   -1.618396215    0.923997839    6.619317723  -14.930741017   -1.718271669
   -1.427996661    0.923997839    4.673153097   -4.204083023   -1.735582789
   -1.237597106    0.923997839    5.398633621   12.429202702   -1.245851169
   -1.047197551    0.923997839    9.447636618   29.652744645   -0.268298685
   -0.856797996    0.923997839   16.369429140   41.765391851    1.081175845
   -0.666398442    0.923997839   24.806596697   45.160861861    2.682937343
   -0.475998887    0.923997839   33.005746530   39.417473951    4.504959224
   -0.285599332    0.923997839   39.392699296   26.689145827    6.670101884
   -0.095199777    0.923997839   42.967809045   10.546020834    9.404414666
    0.095199777    0.923997839   43.471598291   -4.839684114   12.923449071
    0.285599332    0.923997839   41.443955879  -15.395478792   17.224419467
    0.475998887    0.923997839   38.143110617  -17.812615007   21.919925180
    0.666398442    0.923997839   35.298393661  -10.611327159   26.219822289
    0.856797996    0.923997839   34.656265568    4.840138949   29.146235948
    1.047197551    0.923997839   37.419157640   24.227222257   29.910591236
    1.237597106    0.923997839   43.779634523   41.709479860   28.259089331
    1.427996661    0.923997839   52.850280350   51.999518769   24.568083684
    1.618396215    0.923997839   62.952149600   52.333103794   19.645238328
    1.808795770    0.923997839   72.159314627   42.857464382   14.394781382
    1.999195325    0.923997839   78.797452753   25.839656713    9.526837581
    2.189594880    0.923997839   81.728567465    4.470203113    5.444432693
    2.379994435    0.923997839   80.435029180  -18.008909092    2.291108995
    2.570393989    0.923997839   75.009036648  -38.400799443    0.058266385
    2.760793544    0.923997839   66.145482581  -53.607796565   -1.316045222
    2.951193099    0.923997839   55.103913029  -60.943513502   -1.920156774

   -3.141592654    1.293596975   40.029708107  -57.981554988   -6.025111373
   -2.951193099    1.293596975   30.015550719  -46.234776748   -5.143185275
   -2.760793544    1.293596975   22.672649366  -30.785043672   -3.874905295
   -2.570393989    1.293596975   18.186580566  -17.099851731   -2.508843961
   -2.379994435    1.293596975   15.755273250   -9.720688060   -1.237153323
   -2.189594880    1.293596975   13.992582068   -9.956893396   -0.114230188
   -1.999195325    1.293596975   11.650462867  -15.024145517    0.912401011
   -1.808795770    1.293596975    8.318130691  -19.338206496    1.904416161
   -1.618396215    1.293596975    4.687834597  -17.430330739    2.862788742
   -1.427996661    1.293596975    2.234838394   -6.933843165    3.729182434
   -1.237597106    1.293596975    2.472858756   10.150725401    4.451613192
   -1.047197551    1.293596975    6.192906539   28.592608608    5.049273987
   -0.856797996    1.293596975   13.084934904   42.601910125    5.647107848
   -0.666398442    1.293596975   21.897924692   48.303435925    6.452762431
   -0.475998887    1.293596975   30.920980502   44.908864046    7.698546668
   -0.285599332    1.293596975   38.554331969   34.210941390    9.596429633
   -0.095199777    1.293596975   43.710469764   19.516204787   12.266227678
    0.095199777    1.293596975   45.997446888    4.764465689   15.675092254
    0.285599332    1.293596975   45.777749101   -6.206586971   19.533864327
    0.475998887    1.293596975   44.088463184  -10.290624619   23.257512219
    0.666398442    1.293596975   42.416815328   -5.995115153   26.047430089
    0.856797996    1.293596975   42.306328886    5.726649899   27.139876572
    1.047197551    1.293596975   44.872466016   21.338929205   26.112881502
    1.237597106    1.293596975   50.380677319   35.831245843   23.092627674
    1.427996661    1.293596975   58.148392060   44.408379877   18.685650589
    1.618396215    1.293596975   66.744068453   44.276010211   13.697741111
    1.808795770    1.293596975   74.442441110   35.154926984    8.826235464
    1.999195325    1.293596975   79.677085217   18.821863449    4.486853801
    2.189594880    1.293596975   81.341370437   -1.812170660    0.838136708
    2.379994435    1.293596975   78.925809328  -23.485643861   -2.089685618
    2.570393989    1.293596975   72.553376769  -42.797347470   -4.280553171
    2.760793544    1.293596975   62.989916015  -56.477064671   -5.684968931
    2.951193099    1.293596975   51.578958404  -61.896795410   -6.257212829

   -3.141592654    1.663196111   34.701107641  -57.356990207  -13.856362673
   -2.951193099    1.663196111   24.979386037  -43.880565207  -13.087735822
   -2.760793544    1.663196111   18.192028405  -27.453718314  -11.425293369
   -2.570393989    1.663196111   14.366535407  -13.616929352   -9.122022491
   -2.379994435    1.663196111   12.564609139   -6.656528551   -6.404832199
   -2.189594880    1.663196111   11.327458744   -7.505372909   -3.429597108
   -1.999195325    1.663196111    9.396855323  -13.139307647   -0.318112701
   -1.808795770    1.663196111    6.376153063  -17.947442406    2.740625882
   -1.618396215    1.663196111    2.965626631  -16.516151783    5.453480687
   -1.427996661    1.663196111    0.647090716   -6.414692836    7.506276342
   -1.237597106    1.663196111    0.970183169   10.587302008    8.726682626
   -1.047197551    1.663196111    4.810748715   29.521726368    9.211025794
   -0.856797996    1.663196111   11.979789457   44.676590784    9.321756634
   -0.666398442    1.663196111   21.336919379   51.984890216    9.546533656
   -0.475998887    1.663196111   31.223818426   50.279971885   10.297381282
   -0.285599332    1.663196111   40.017181424   40.932463334   11.771302415
   -0.095199777    1.663196111   46.530206910   26.912397285   13.894753655
    0.095199777    1.663196111   50.216324578   11.885478292   16.360001616
    0.285599332    1.663196111   51.239019867   -0.477176491   18.672767705
    0.475998887    1.663196111   50.419317535   -7.055456609   20.244757945
    0.666398442    1.663196111   49.059675662   -6.026676390   20.535049572
    0.856797996    1.663196111   48.617822196    2.329397320   19.241111095
    1.047197551    1.663196111   50.267725963   15.291837296   16.442857141
    1.237597106    1.663196111   54.470992606   28.400733047   12.615388839
    1.427996661    1.663196111   60.796744525   36.870136306    8.417781709
    1.618396215    1.663196111   68.014830793   37.417734725    4.411132962
    1.808795770    1.663196111   74.487063439   29.105754822    0.861983918
    1.999195325    1.663196111   78.624674120   13.284510161   -2.260650673
    2.189594880    1.663196111   79.255323447   -7.159758301   -5.121987538
    2.379994435    1.663196111   75.835389383  -28.648202815   -7.826179004
    2.570393989    1.663196111   68.526529619  -47.367056221  -10.306288418
    2.760793544    1.663196111   58.201174588  -59.787176490  -12.327021403
    2.951193099    1.663196111   46.328721110  -63.342256418  -13.587027646

   -3.141592654    2.032795246   27.740866557  -58.454594380  -16.894151614
   -2.951193099    2.032795246   18.017015480  -42.806688048  -15.945718193
   -2.760793544    2.032795246   11.630525334  -24.383835438  -13.919110855
   -2.570393989    2.032795246    8.549282304   -8.946431101  -11.084079954
   -2.379994435    2.032795246    7.753037948   -0.839822092   -7.698205238
   -2.189594880    2.032795246    7.697239693   -0.990092103   -3.927708336
   -1.999195325    2.032795246    7.034002694   -6.442713654    0.113236659
   -1.808795770    2.032795246    5.255694030  -11.715446677    4.226726430
   -1.618396215    2.032795246    2.933517104  -11.422207504    8.054528454
   -1.427996661    2.032795246    1.440075870   -2.882716729   11.153681719
   -1.237597106    2.032795246    2.290231183   12.645919805   13.195200481
   -1.047197551    2.032795246    6.431120902   30.746443517   14.150850662
   -0.856797996    2.032795246   13.826601294   45.974148098   14.326591270
   -0.666398442    2.032795246   23.500581669   54.096537273   14.209861234
   -0.475998887    2.032795246   33.891160782   53.439047986   14.227076807
   -0.285599332    2.032795246   43.362141708   44.778378299   14.553827812
   -0.095199777    2.032795246   50.610994115   30.633050110   15.046340306
    0.095199777    2.032795246   54.913632037   14.465756097   15.315785056
    0.285599332    2.032795246   56.243701437    0.031751440   14.867714980
    0.475998887    2.032795246   55.274272026   -9.188445944   13.301187632
    0.666398442    2.032795246   53.252774366  -10.770815910   10.496506061
    0.856797996    2.032795246   51.711104912   -4.299778397    6.726466622
    1.047197551    2.032795246   52.016048839    8.032225053    2.596708671
    1.237597106    2.032795246   54.882380108   21.806640022   -1.164406160
    1.427996661    2.032795246   60.085833443   31.745524102   -4.035304161
    1.618396215    2.032795246   66.474890509   33.772506075   -5.914130938
    1.808795770    2.032795246   72.344364505   26.276479386   -7.117490581
    1.999195325    2.032795246   75.949382255   10.382774226   -8.170639419
    2.189594880    2.032795246   75.965197026  -10.775388056   -9.519371324
    2.379994435    2.032795246   71.775197397  -33.082487819  -11.324769949
    2.570393989    2.032795246   63.575338592  -52.173166847  -13.411455080
    2.760793544    2.032795246   52.362110837  -64.151720963  -15.354333110
    2.951193099    2.032795246   39.770323053  -66.389027173  -16.647647276

   -3.141592654    2.402394382   20.296330242  -60.288546355  -10.997398727
   -2.951193099    2.402394382   10.461948423  -42.098270255   -9.394215767
   -2.760793544    2.402394382    4.462724673  -21.065382861   -7.079201495
   -2.570393989    2.402394382    2.240758541   -3.315109422   -4.316425621
   -2.379994435    2.402394382    2.699603705    6.622322716   -1.265319334
   -2.189594880    2.402394382    4.195646991    7.750067068    2.087540345
   -1.999195325    2.402394382    5.268155533    2.925168554    5.831011601
   -1.808795770    2.402394382    5.270651727   -2.530249383    9.915050106
   -1.618396215    2.402394382    4.607834408   -3.330207038   14.006625721
   -1.427996661    2.402394382    4.487870663    3.347237510   17.543219505
   -1.237597106    2.402394382    6.316744277   16.679905414   19.969422220
   -1.047197551    2.402394382   11.031736001   32.814695872   21.008240274
   -0.856797996    2.402394382   18.684057466   46.718428813   20.778301194
   -0.666398442    2.402394382   28.430727176   54.203516168   19.688085518
   -0.475998887    2.402394382   38.814617905   53.272813389   18.197587351
   -0.285599332    2.402394382   48.221170620   44.188549725   16.585094264
   -0.095199777    2.402394382   55.272099760   29.015227163   14.841756599
    0.095199777    2.402394382   59.105782402   11.028181346   12.717282523
    0.285599332    2.402394382   59.561128586   -5.772441763    9.875439496
    0.475998887    2.402394382   57.262892148  -17.253033293    6.119442163
    0.666398442    2.402394382   53.558722943  -20.141010749    1.588665669
    0.856797996    2.402394382   50.233375025  -13.358898605   -3.179165498
    1.047197551    2.402394382   48.981773947    1.008841768   -7.400498473
    1.237597106    2.402394382   50.799126349   17.915905053  -10.348664343
    1.427996661    2.402394382   55.568825105   30.985990711  -11.702174381
    1.618396215    2.402394382   62.031994246   35.071769949  -11.675578621
    1.808795770    2.402394382   68.216053557   28.004896824  -10.897308293
    1.999195325    2.402394382   72.067441170   11.039123111  -10.098544971
    2.189594880    2.402394382   72.030236927  -12.058258947   -9.796816099
    2.379994435    2.402394382   67.400679266  -36.350645661  -10.129323229
    2.570393989    2.402394382   58.436956183  -56.766782062  -10.864536117
    2.760793544    2.402394382   46.308508757  -68.966264100  -11.547661984
    2.951193099    2.402394382   32.876410842  -70.211534189  -11.698616477

   -3.141592654    2.771993518   16.744311983  -59.608451818    0.862000944
   -2.951193099    2.771993518    7.156014915  -40.234846011    3.106713172
   -2.760793544    2.771993518    1.609243996  -18.234859633    5.459000520
   -2.570393989    2.771993518    0.000000000    0.263432142    7.795747469
   -2.379994435    2.771993518    1.209108110   10.945096109   10.171294726
   -2.189594880    2.771993518    3.616103024   13.041344332   12.811324396
   -1.999195325    2.771993518    5.806180018    9.378914182   15.946970987
   -1.808795770    2.771993518    7.138229559    4.901770528   19.569594092
   -1.618396215    2.771993518    7.929558799    4.349359437   23.288260237
   -1.427996661    2.771993518    9.209326509   10.177282403   26.411490216
   -1.237597106    2.771993518   12.173865053   21.637052693   28.226105391
   -1.047197551    2.771993518   17.606989214   35.360703284   28.319979054
   -0.856797996    2.771993518   25.516590198   46.923785150   26.738342101
   -0.666398442    2.771993518   35.115373151   52.531969545   23.898049848
   -0.475998887    2.771993518   45.041166705   50.187435448   20.347476786
   -0.285599332    2.771993518   53.742468592   39.861652139   16.501205884
   -0.095199777    2.771993518   59.839783202   23.279273195   12.506051890
    0.095199777    2.771993518   62.424962646    3.616792364    8.270886501
    0.285599332    2.771993518   61.308529447  -14.823383849    3.630861559
    0.475998887    2.771993518   57.177734542  -27.281631537   -1.421220583
    0.666398442    2.771993518   51.570664479  -29.833519786   -6.561527439
    0.856797996    2.771993518   46.558804487  -21.112578026  -11.142627547
    1.047197551    2.771993518   44.121481075   -3.520533510  -14.416339837
    1.237597106    2.771993518   45.422972025   17.009364578  -15.859241437
    1.427996661    2.771993518   50.320519218   33.057116114  -15.441699490
    1.618396215    2.771993518   57.352753673   38.720941227  -13.630213042
    1.808795770    2.771993518   64.255990335   31.676589255  -11.163358970
    1.999195325    2.771993518   68.711989021   13.584583769   -8.728687910
    2.189594880    2.771993518   69.008872496  -11.107940749   -6.724374847
    2.379994435    2.771993518   64.418185204  -36.806926662   -5.200598892
    2.570393989    2.771993518   55.280885690  -58.001887187   -3.948143771
    2.760793544    2.771993518   42.907341270  -70.175876464   -2.661335702
    2.951193099    2.771993518   29.306732488  -70.679576238   -1.089028032
