#! FIELDS phi psi file.free der_phi der_psi
#! SET min_phi -pi
#! SET max_phi pi
#! SET nbins_phi  33
#! SET periodic_phi true
#! SET min_psi -pi
#! SET max_psi pi
#! SET nbins_psi  17
#! SET periodic_psi true
   -3.141592654   -3.141592654   20.336285809  -56.593487171   12.780332026
   -2.951193099   -3.141592654   11.245744096  -38.026235557   15.655582144
   -2.760793544   -3.141592654    6.054210653  -16.667648359   18.000814331
   -2.570393989   -3.141592654    4.712224417    1.595140040   19.777267280
   -2.379994435   -3.141592654    6.202079489   12.681635354   21.221262489
   -2.189594880   -3.141592654    9.030437597   15.818649730   22.758542820
   -1.999195325   -3.141592654   11.874516937   13.473202651   24.760459748
   -1.808795770   -3.141592654   14.087240948    9.942915765   27.265014120
   -1.618396215   -3.141592654   15.851811009    9.345450149   29.843356268
   -1.427996661   -3.141592654   17.974289097   13.824390028   31.726547221
   -1.237597106   -3.141592654   21.411601967   22.820893716   32.142268845
   -1.047197551   -3.141592654   26.782467760   33.489331634   30.683340032
   -0.856797996   -3.141592654   34.042245876   42.026985586   27.471932828
   -0.666398442   -3.141592654   42.455655194   45.099870240   23.041769420
   -0.475998887   -3.141592654   50.779748855   40.938685867   18.049472774
   -0.285599332   -3.141592654   57.606124863   29.550145711   12.966718733
   -0.095199777   -3.141592654   61.693062465   12.590506914    7.949246688
    0.095199777   -3.141592654   62.252648136   -6.872717749    2.909419557
    0.285599332   -3.141592654   59.198662448  -24.593189686   -2.262101529
    0.475998887   -3.141592654   53.319222882  -35.765413367   -7.452425167
    0.666398442   -3.141592654   46.269335929  -36.376661886  -12.202504094
    0.856797996   -3.141592654   40.245989367  -25.082061368  -15.809358439
    1.047197551   -3.141592654   37.328928287   -4.538161144  -17.619564694
    1.237597106   -3.141592654   38.714302254   18.868363428  -17.350271931
    1.427996661   -3.141592654   44.201613967   37.295268852  -15.257282809
    1.618396215   -3.141592654   52.207882609   44.601974415  -12.009626988
    1.808795770   -3.141592654   60.327024190   38.468648532   -8.385404454
    1.999195325   -3.141592654   66.112537741   20.675711595   -4.952635881
    2.189594880   -3.141592654   67.748278307   -4.203338204   -1.913540222
    2.379994435   -3.141592654   64.424204890  -30.454034168    0.847005717
    2.570393989   -3.141592654   56.424436306  -52.430162631    3.587227212
    2.760793544   -3.141592654   45.030011183  -65.467051783    6.508908894
    2.951193099   -3.141592654   32.244535841  -66.826317208    9.633204006

   -3.141592654   -2.771993518   28.060828420  -50.141360212   20.953925173
   -2.951193099   -2.771993518   20.016538016  -33.588316437   23.846435838
   -2.760793544   -2.771993518   15.460209215  -14.406289356   25.626729064
   -2.570393989   -2.771993518   14.378346516    2.207081693   26.403158382
   -2.379994435   -2.771993518   15.910271310   12.715782992   26.596676091
   -2.189594880   -2.771993518   18.785481427   16.452116750   26.776425846
   -1.999195325   -2.771993518   21.870760611   15.428746066   27.386139998
   -1.808795770   -2.771993518   24.577740153   13.073759596   28.499391360
   -1.618396215   -2.771993518   26.972302908   12.601278283   29.734773787
   -1.427996661   -2.771993518   29.605278049   15.670284255   30.395129358
   -1.237597106   -2.771993518   33.145871117   21.889466515   29.775251853
   -1.047197551   -2.771993518   38.014228885   29.120691630   27.489198608
   -0.856797996   -2.771993518   44.126136331   34.451431189   23.623679248
   -0.666398442   -2.771993518   50.858462799   35.217082891   18.651383283
   -0.475998887   -2.771993518   57.170052121   29.882475457   13.192964363
   -0.285599332   -2.771993518   61.859910001   18.315594565    7.735842784
   -0.095199777   -2.771993518   63.846056862    1.852319845    2.508514991
    0.095199777   -2.771993518   62.440830025  -16.712149571   -2.473277158
    0.285599332   -2.771993518   57.623938701  -33.207660112   -7.215309544
    0.475998887   -2.771993518   50.253585507  -42.716157188  -11.548351982
    0.666398442   -2.771993518   42.082339371  -41.093703084  -15.054358848
    0.856797996   -2.771993518   35.414337503  -27.057120765  -17.192435740
    1.047197551   -2.771993518   32.396769524   -3.621045643  -17.557650986
    1.237597106   -2.771993518   34.204066085   22.279218253  -16.118785511
    1.427996661   -2.771993518   40.512588382   42.357494405  -13.273237388
    1.618396215   -2.771993518   49.563275872   50.376994435   -9.660466841
    1.808795770   -2.771993518   58.796212774   44.333412648   -5.874576240
    1.999195325   -2.771993518   65.694830195   26.527975271   -2.228844661
    2.189594880   -2.771993518   68.466638430    1.945129757    1.293776078
    2.379994435   -2.771993518   66.373853443  -23.617744960    4.906923538
    2.570393989   -2.771993518   59.754107620  -44.792911657    8.807887606
    2.760793544   -2.771993518   49.866432904  -57.387785294   12.990748882
    2.951193099   -2.771993518   38.602689386  -59.086737803   17.188351282

   -3.141592654   -2.402394382   36.277349443  -44.474435648   20.304332598
   -2.951193099   -2.402394382   29.102845275  -30.165421695   22.493327421
   -2.760793544   -2.402394382   24.991705429  -13.065420882   23.556151139
   -2.570393989   -2.402394382   24.026041639    2.256281411   23.691072345
   -2.379994435   -2.402394382   25.531154240   12.568898048   23.308560757
   -2.189594880   -2.402394382   28.435896689   17.020527651   22.853770960
   -1.999195325   -2.402394382   31.726840239   17.000644483   22.598336973
   -1.808795770   -2.402394382   34.792242673   15.112532040   22.518134100
   -1.618396215   -2.402394382   37.525838093   13.888303633   22.303694761
   -1.427996661   -2.402394382   40.217527603   14.779924651   21.501774599
   -1.237597106   -2.402394382   43.292931144   17.797608963   19.725055682
   -1.047197551   -2.402394382   47.054675656   21.659214932   16.836602738
   -0.856797996   -2.402394382   51.479778691   24.397901854   13.001107701
   -0.666398442   -2.402394382   56.157138587   23.954863862    8.591284885
   -0.475998887   -2.402394382   60.321989543   18.812507245    4.028141520
   -0.285599332   -2.402394382   63.001830837    8.387658958   -0.393352869
   -0.095199777   -2.402394382   63.236086273   -6.605139283   -4.548935440
    0.095199777   -2.402394382   60.355238944  -23.772722298   -8.429756707
    0.285599332   -2.402394382   54.317575622  -38.957093084  -11.993103627
    0.475998887   -2.402394382   45.989049599  -46.963116128  -15.042233028
    0.666398442   -2.402394382   37.186689969  -43.381666375  -17.209088237
    0.856797996   -2.402394382   30.303247479  -26.969107026  -18.089947159
    1.047197551   -2.402394382   27.533446703   -1.131741694  -17.448572130
    1.237597106   -2.402394382   30.006955441   26.672741861  -15.378788582
    1.427996661   -2.402394382   37.268214632   47.831704350  -12.291069584
    1.618396215   -2.402394382   47.400844555   56.165565164   -8.724211610
    1.808795770   -2.402394382   57.733399135   50.076475476   -5.112089373
    1.999195325   -2.402394382   65.728494445   32.353352631   -1.626643062
    2.189594880   -2.402394382   69.650784193    8.274486086    1.815161109
    2.379994435   -2.402394382   68.841060736  -16.439399273    5.406717914
    2.570393989   -2.402394382   63.668511043  -36.830065898    9.263137535
    2.760793544   -2.402394382   55.329359722  -49.233107358   13.277391678
    2.951193099   -2.402394382   45.562854731  -51.700057591   17.109215836

   -3.141592654   -2.032795246   42.159074160  -40.486609885   13.960139344
   -2.951193099   -2.032795246   35.565534450  -28.086064434   15.299975529
   -2.760793544   -2.032795246   31.674543872  -12.764050135   15.852321953
   -2.570393989   -2.032795246   30.639380221    1.337538263   15.747487076
   -2.379994435   -2.032795246   31.908833537   11.116557971   15.210728625
   -2.189594880   -2.032795246   34.523921199   15.465650914   14.460664041
   -1.999195325   -2.032795246   37.509854565   15.304423843   13.608233133
   -1.808795770   -2.032795246   40.203740297   12.807149409   12.626799004
   -1.618396215   -2.032795246   42.389743810   10.344885441   11.385006457
   -1.427996661   -2.032795246   44.251834890    9.572629354    9.725009913
   -1.237597106   -2.032795246   46.176417956   10.982617547    7.549476048
   -1.047197551   -2.032795246   48.529212647   13.827007225    4.885896539
   -0.856797996   -2.032795246   51.439958955   16.498454145    1.883156095
   -0.666398442   -2.032795246   54.683005681   16.940345246   -1.246927499
   -0.475998887   -2.032795246   57.646037303   13.264813280   -4.299331940
   -0.285599332   -2.032795246   59.416067473    4.346693577   -7.160950285
   -0.095199777   -2.032795246   58.992893978   -9.561130663   -9.813738629
    0.095199777   -2.032795246   55.606949037  -26.199380396  -12.300531929
    0.285599332   -2.032795246   49.128752582  -41.164413335  -14.612701997
    0.475998887   -2.032795246   40.409519537  -48.781520097  -16.596510178
    0.666398442   -2.032795246   31.341730196  -44.231971597  -17.934097648
    0.856797996   -2.032795246   24.440534004  -26.206565730  -18.254693195
    1.047197551   -2.032795246   21.997560628    1.548109436  -17.319470826
    1.237597106   -2.032795246   25.150081788   31.041431422  -15.182140576
    1.427996661   -2.032795246   33.355183919   53.247895447  -12.186105069
    1.618396215   -2.032795246   44.561662076   61.918882250   -8.806849088
    1.808795770   -2.032795246   55.983966919   55.723372954   -5.446599642
    1.999195325   -2.032795246   65.038304762   37.849429464   -2.296734829
    2.189594880   -2.032795246   70.012016413   13.867340557    0.660767933
    2.379994435   -2.032795246   70.298978302  -10.486117166    3.545237479
    2.570393989   -2.032795246   66.297604129  -30.519158380    6.440041656
    2.760793544   -2.032795246   59.165571052  -42.971839027    9.288472116
    2.951193099   -2.032795246   50.531461146  -46.208158056   11.885991559

   -3.141592654   -1.663196111   41.799646145  -39.840236679   12.675194300
   -2.951193099   -1.663196111   35.354495484  -27.191699365   13.330711101
   -2.760793544   -1.663196111   31.646627737  -11.780453422   13.053702303
   -2.570393989   -1.663196111   30.780948874    2.060338097   11.957388303
   -2.379994435   -1.663196111   32.127484859   11.126843374   10.246286314
   -2.189594880   -1.663196111   34.641800294   14.333572644    8.121808207
   -1.999195325   -1.663196111   37.280483470   12.766017798    5.711212491
   -1.808795770   -1.663196111   39.355302703    8.873989904    3.079507849
   -1.618396215   -1.663196111   40.684325935    5.363061873    0.282611968
   -1.427996661   -1.663196111   41.547599170    4.187071917   -2.586291141
   -1.237597106   -1.663196111   42.471583206    5.997096602   -5.383373430
   -1.047197551   -1.663196111   43.971602632    9.961129823   -7.935539929
   -0.856797996   -1.663196111   46.289000169   14.162391490  -10.086979673
   -0.666398442   -1.663196111   49.234065041   16.107160993  -11.743335032
   -0.475998887   -1.663196111   52.150228414   13.503320906  -12.889278794
   -0.285599332   -1.663196111   54.016851170    5.014814407  -13.611021783
   -0.095199777   -1.663196111   53.708857878   -9.117954800  -14.064330038
    0.095199777   -1.663196111   50.348128711  -26.422251903  -14.428721085
    0.285599332   -1.663196111   43.753426433  -42.140494516  -14.805383771
    0.475998887   -1.663196111   34.800583032  -50.166347862  -15.136351806
    0.666398442   -1.663196111   25.484752974  -45.319540899  -15.191770409
    0.856797996   -1.663196111   18.469431264  -26.193738504  -14.671976739
    1.047197551   -1.663196111   16.181252639    3.208792313  -13.367898464
    1.237597106   -1.663196111   19.815619005   34.391849095  -11.305184890
    1.427996661   -1.663196111   28.785593447   57.809000989   -8.730131681
    1.618396215   -1.663196111   40.915430481   66.912969253   -5.975360736
    1.808795770   -1.663196111   53.267041456   60.372138820   -3.295819754
    1.999195325   -1.663196111   63.128378292   41.606491800   -0.774400817
    2.189594880   -1.663196111   68.713278923   16.513413476    1.652369818
    2.379994435   -1.663196111   69.402577037   -8.875292171    4.092872279
    2.570393989   -1.663196111   65.630987394  -29.661803131    6.586799228
    2.760793544   -1.663196111   58.620324449  -42.494551875    9.026484213
    2.951193099   -1.663196111   50.069612932  -45.760996922   11.159698783

   -3.141592654   -1.293596975   41.400096068  -40.877721249    9.494627861
   -2.951193099   -1.293596975   34.713376676  -28.684087091    9.420732922
   -2.760793544   -1.293596975   30.685407384  -13.639743224    8.612067378
   -2.570393989   -1.293596975   29.433336444   -0.147770898    7.148508363
   -2.379994435   -1.293596975   30.319275525    8.470796289    5.107627317
   -2.189594880   -1.293596975   32.270725490   11.044114902    2.512796145
   -1.999195325   -1.293596975   34.211244625    8.716042742   -0.650878586
   -1.808795770   -1.293596975   35.448066208    4.167645474   -4.331294413
   -1.618396215   -1.293596975   35.850046433    0.429389714   -8.309232035
   -1.427996661   -1.293596975   35.805466767   -0.290653377  -12.184027047
   -1.237597106   -1.293596975   35.978066286    2.697498049  -15.466536879
   -1.047197551   -1.293596975   37.003736310    8.335688146  -17.740593684
   -0.856797996   -1.293596975   39.182927926   14.318215828  -18.804683378
   -0.666398442   -1.293596975   42.305514772   17.737875110  -18.726158001
   -0.475998887   -1.293596975   45.626838876   16.009066046  -17.784499189
   -0.285599332   -1.293596975   47.997689517    7.684990021  -16.368858538
   -0.095199777   -1.293596975   48.159494924   -6.958599393  -14.845469837
    0.095199777   -1.293596975   45.120583951  -25.260189801  -13.471923770
    0.285599332   -1.293596975   38.636554575  -42.129442054  -12.323839175
    0.475998887   -1.293596975   29.596591314  -51.004231788  -11.297132132
    0.666398442   -1.293596975   20.097239697  -46.269405135  -10.174347585
    0.856797996   -1.293596975   12.964272078  -26.334651841   -8.754487290
    1.047197551   -1.293596975   10.786716754    4.577101343   -6.978428764
    1.237597106   -1.293596975   14.845165291   37.444214449   -4.985211291
    1.427996661   -1.293596975   24.528861037   62.140546241   -3.014811574
    1.618396215   -1.293596975   37.547283751   71.772386253   -1.261288922
    1.808795770   -1.293596975   50.812819954   64.994199142    0.237561598
    1.999195325   -1.293596975   61.486493674   45.446033485    1.596362817
    2.189594880   -1.293596975   67.707082584   19.328349982    2.980040841
    2.379994435   -1.293596975   68.833612805   -7.086059605    4.490440712
    2.570393989   -1.293596975   65.314956949  -28.769669641    6.097801584
    2.760793544   -1.293596975   58.400912356  -42.349980982    7.634584990
    2.951193099   -1.293596975   49.815926835  -46.250220902    8.848811431

   -3.141592654   -0.923997839   42.219981649  -42.401368881    4.887369381
   -2.951193099   -0.923997839   35.177081814  -30.862854756    3.710018491
   -2.760793544   -0.923997839   30.690475355  -16.235154282    1.990194979
   -2.570393989   -0.923997839   28.917720257   -3.010984882   -0.136776560
   -2.379994435   -0.923997839   29.230154316    5.282174328   -2.608752085
   -2.189594880   -0.923997839   30.525377486    7.290774916   -5.472040060
   -1.999195325   -0.923997839   31.678318632    4.175963219   -8.803239981
   -1.808795770   -0.923997839   31.975940151   -1.114251940  -12.542285012
   -1.618396215   -0.923997839   31.335130788   -5.130058856  -16.369134808
   -1.427996661   -0.923997839   30.268885932   -5.305611065  -19.726113597
   -1.237597106   -0.923997839   29.611423860   -0.856548785  -21.993073977
   -1.047197551   -0.923997839   30.156541947    6.925886336  -22.737437784
   -0.856797996   -0.923997839   32.291594077   15.251209520  -21.888893724
   -0.666398442   -0.923997839   35.790692526   20.658533436  -19.754293060
   -0.475998887   -0.923997839   39.796486510   20.116244784  -16.875106996
   -0.285599332   -0.923997839   42.982979036   11.977496179  -13.816571638
   -0.095199777   -0.923997839   43.904583152   -3.408038245  -10.980250971
    0.095199777   -0.923997839   41.421986775  -23.019918967   -8.523756676
    0.285599332   -0.923997839   35.232278618  -41.231205135   -6.367178022
    0.475998887   -0.923997839   26.274389545  -50.915376712   -4.307645179
    0.666398442   -0.923997839   16.784314702  -46.112949078   -2.176674238
    0.856797996   -0.923997839    9.754463118  -25.309901770    0.023251995
    1.047197551   -0.923997839    7.887325259    6.803550924    2.085931682
    1.237597106   -0.923997839   12.470440347   40.638435126    3.690417507
    1.427996661   -0.923997839   22.809152964   65.710910861    4.605109928
    1.618396215   -0.923997839   36.497078828   75.149734679    4.832053813
    1.808795770   -0.923997839   50.361317796   67.877186433    4.620558705
    1.999195325   -0.923997839   61.532685337   47.794690781    4.336488863
    2.189594880   -0.923997839   68.155296641   21.209233707    4.275179219
    2.379994435   -0.923997839   69.596925223   -5.664404916    4.535372457
    2.570393989   -0.923997839   66.298251043  -27.904423401    4.998155077
    2.760793544   -0.923997839   59.483137404  -42.202573401    5.396401655
    2.951193099   -0.923997839   50.847382775  -46.943159600    5.430992286

   -3.141592654   -0.554398704   43.038492456  -45.463841855    1.469934585
   -2.951193099   -0.554398704   35.314657995  -34.879052709   -0.697467119
   -2.760793544   -0.554398704   30.006230692  -20.768848074   -3.220176762
   -2.570393989   -0.554398704   27.348948862   -7.732902675   -5.869824847
   -2.379994435   -0.554398704   26.749385243    0.404154236   -8.558369689
   -2.189594880   -0.554398704   27.085430205    2.053080781  -11.371944052
   -1.999195325   -0.554398704   27.194463439   -1.544073778  -14.433570880
   -1.808795770   -0.554398704   26.376335199   -7.014966281  -17.676064206
   -1.618396215   -0.554398704   24.657942431  -10.373380981  -20.703721122
   -1.427996661   -0.554398704   22.744379240   -8.771907577  -22.872582049
   -1.237597106   -0.554398704   21.672465950   -1.629633985  -23.559946639
   -1.047197551   -0.554398704   22.355439786    9.133773154  -22.479528466
   -0.856797996   -0.554398704   25.161392932   19.954905829  -19.829375794
   -0.666398442   -0.554398704   29.712714888   26.800344933  -16.197438843
   -0.475998887   -0.554398704   34.926443790   26.459675445  -12.302828985
   -0.285599332   -0.554398704   39.255942121   17.505247379   -8.701346977
   -0.095199777   -0.554398704   41.106424548    0.776488518   -5.609865999
    0.095199777   -0.554398704   39.294279337  -20.104521653   -2.900143715
    0.285599332   -0.554398704   33.580531873  -39.024420510   -0.234033035
    0.475998887   -0.554398704   25.035994232  -48.665693238    2.693611333
    0.666398442   -0.554398704   16.026390568  -43.274057073    5.920359527
    0.856797996   -0.554398704    9.600961928  -21.858616227    9.113442312
    1.047197551   -0.554398704    8.411828515   10.334696220   11.677112152
    1.237597106   -0.554398704   13.615018971   43.490418139   13.029332665
    1.427996661   -0.554398704   24.386265677   67.346940730   12.923649337
    1.618396215   -0.554398704   38.265446946   75.561048205   11.582595318
    1.808795770   -0.554398704   52.126447195   67.532971542    9.589963422
    1.999195325   -0.554398704   63.210007577   47.311032310    7.610831106
    2.189594880   -0.554398704   69.762533334   20.992320639    6.104688881
    2.379994435   -0.554398704   71.191085897   -5.621286434    5.181186193
    2.570393989   -0.554398704   67.897354010  -27.980421176    4.625064717
    2.760793544   -0.554398704   61.012499624  -42.945587717    4.044882834
    2.951193099   -0.554398704   52.134932932  -48.794208196    3.062313913

   -3.141592654   -0.184799568   43.023487969  -49.781224062   -0.869259699
   -2.951193099   -0.184799568   34.390481214  -40.006330198   -3.348232043
   -2.760793544   -0.184799568   28.070067195  -26.175578495   -6.005147878
   -2.570393989   -0.184799568   24.388798094  -13.043223060   -8.602463081
   -2.379994435   -0.184799568   22.791437508   -4.791458120  -11.068664777
   -2.189594880   -0.184799568   22.132820069   -3.233430210  -13.512927334
   -1.999195325   -0.184799568   21.220843468   -6.945676502  -16.053941431
   -1.808795770   -0.184799568   19.400437767  -11.995065877  -18.581006817
   -1.618396215   -0.184799568   16.859833387  -13.813499903  -20.639322904
   -1.427996661   -0.184799568   14.538797788   -9.422882984  -21.568875430
   -1.237597106   -0.184799568   13.671636045    1.212869930  -20.832501935
   -1.047197551   -0.184799568   15.213271007   15.168404157  -18.345847710
   -0.856797996   -0.184799568   19.376074808   27.905484696  -14.566710699
   -0.666398442   -0.184799568   25.487636346   34.946006377  -10.291509943
   -0.475998887   -0.184799568   32.151188157   33.352669962   -6.299649322
   -0.285599332   -0.184799568   37.615067596   22.498687600   -3.010813220
   -0.095199777   -0.184799568   40.254709887    4.191974316   -0.358939337
    0.095199777   -0.184799568   39.023011704  -17.217492252    2.108637480
    0.285599332   -0.184799568   33.906621622  -35.459139686    4.949618934
    0.475998887   -0.184799568   26.168992079  -43.714809021    8.479501617
    0.666398442   -0.184799568   18.223841976  -37.188768928   12.516407713
    0.856797996   -0.184799568   12.978224901  -15.821542472   16.370923980
    1.047197551   -0.184799568   12.809151406   14.740086478   19.116981517
    1.237597106   -0.184799568   18.596295477   45.090454166   20.019579269
    1.427996661   -0.184799568   29.381234133   65.951992128   18.903345950
    1.618396215   -0.184799568   42.770022553   72.008225307   16.219548146
    1.808795770   -0.184799568   55.857104155   63.195272516   12.816253511
    1.999195325   -0.184799568   66.141574973   43.422681474    9.552242468
    2.189594880   -0.184799568   72.050989983   18.166880402    6.972352285
    2.379994435   -0.184799568   73.038477310   -7.505184216    5.179188130
    2.570393989   -0.184799568   69.427088718  -29.565220416    3.903437847
    2.760793544   -0.184799568   62.204411904  -45.028780252    2.700981330
    2.951193099   -0.184799568   52.834180194  -51.947611376    1.173135835

   -3.141592654    0.184799568   42.564201620  -53.867872696   -3.066505906
   -2.951193099    0.184799568   33.096776717  -44.580632693   -5.119582128
   -2.760793544    0.184799568   25.896782513  -30.757321006   -7.091067425
   -2.570393989    0.184799568   21.368190961  -17.334341698   -8.873723384
   -2.379994435    0.184799568   18.981678034   -8.813803059  -10.509677513
   -2.189594880    0.184799568   17.570663561   -7.125937060  -12.152271028
   -1.999195325    0.184799568   15.936957906  -10.565154083  -13.884952649
   -1.808795770    0.184799568   13.504875229  -14.635689602  -15.529488800
   -1.618396215    0.184799568   10.643172998  -14.350232495  -16.600729581
   -1.427996661    0.184799568    8.501130399   -6.892057146  -16.497901318
   -1.237597106    0.184799568    8.427415393    6.942847226  -14.836421109
   -1.047197551    0.184799568   11.295180530   23.113014843  -11.726735565
   -0.856797996    0.184799568   17.041558397   36.270324020   -7.775853615
   -0.666398442    0.184799568   24.637516671   41.904452302   -3.801705942
   -0.475998887    0.184799568   32.400732267   37.860613068   -0.444496504
   -0.285599332    0.184799568   38.491768517   24.698826449    2.144565781
   -0.095199777    0.184799568   41.421510082    5.301474094    4.332208681
    0.095199777    0.184799568   40.433251187  -15.489587656    6.784869967
    0.285599332    0.184799568   35.821558053  -31.726080224   10.081500192
    0.475998887    0.184799568   29.023966901  -37.635078079   14.340484880
    0.666398442    0.184799568   22.392335340  -29.752590080   19.034814070
    0.856797996    0.184799568   18.541247173   -8.994808368   23.130584326
    1.047197551    0.184799568   19.445997109   18.879083409   25.513378153
    1.237597106    0.184799568   25.657412404   45.315091313   25.493075968
    1.427996661    0.184799568   36.111582464   62.395895135   23.118261418
    1.618396215    0.184799568   48.561647796   65.994078316   19.111170464
    1.808795770    0.184799568   60.412767692   56.527498277   14.512023738
    1.999195325    0.184799568   69.488847508   37.593994059   10.241372675
    2.189594880    0.184799568   74.430278496   13.870757282    6.811651706
    2.379994435    0.184799568   74.739000427  -10.428830094    4.274259946
    2.570393989    0.184799568   70.646979912  -31.836808772    2.351743291
    2.760793544    0.184799568   62.984763953  -47.497551707    0.657509893
    2.951193099    0.184799568   53.076079844  -55.188643789   -1.111505848

   -3.141592654    0.554398704   43.727346035  -55.652098422   -2.506670176
   -2.951193099    0.554398704   33.845591309  -47.104630280   -3.603251920
   -2.760793544    0.554398704   26.110875692  -33.791451053   -4.594156381
   -2.570393989    0.554398704   20.978659118  -20.592144881   -5.502401148
   -2.379994435    0.554398704   17.968150617  -12.082067707   -6.405454397
   -2.189594880    0.554398704   15.947668133  -10.220617429   -7.388225213
   -1.999195325    0.554398704   13.764865326  -13.159913912   -8.430831596
   -1.808795770    0.554398704   10.931095131  -16.142663931   -9.326907484
   -1.618396215    0.554398704    7.942729867  -14.068797427   -9.705587498
   -1.427996661    0.554398704    6.061048323   -4.418897087   -9.192332264
   -1.237597106    0.554398704    6.650463014   11.313003222   -7.622755722
   -1.047197551    0.554398704   10.453216349   28.339811428   -5.184991386
   -0.856797996    0.554398704   17.166320471   40.982101616   -2.351618347
   -0.666398442    0.554398704   25.523340665   45.076205906    0.365523713
   -0.475998887    0.554398704   33.725683514   39.371235918    2.682477347
   -0.285599332    0.554398704   40.008680606   25.415040412    4.715140423
   -0.095199777    0.554398704   43.115994214    6.716844477    6.912582742
    0.095199777    0.554398704   42.580358573  -11.967039197    9.830114580
    0.285599332    0.554398704   38.896427546  -25.505514410   13.788257712
    0.475998887    0.554398704   33.496280781  -29.404660084   18.598155030
    0.666398442    0.554398704   28.482681919  -21.374675924   23.480569856
    0.856797996    0.554398704   26.056632844   -2.788891448   27.284789588
    1.047197551    0.554398704   27.785836465   21.121574421   28.944891698
    1.237597106    0.554398704   33.994653406   43.095545741   27.951154275
    1.427996661    0.554398704   43.663705575   56.625173470   24.574024755
    1.618396215    0.554398704   54.816618103   58.474658970   19.707415198
    1.808795770    0.554398704   65.222422795   49.149107033   14.463722876
    1.999195325    0.554398704   73.018545760   31.688294376    9.748226793
    2.189594880    0.554398704   77.022859176    9.954275436    6.025721938
    2.379994435    0.554398704   76.764082127  -12.561846369    3.325911755
    2.570393989    0.554398704   72.385884488  -32.842926789    1.401266887
    2.760793544    0.554398704   64.574371868  -48.184682901   -0.068362674
    2.951193099    0.554398704   54.507982216  -56.242770335   -1.331352458

   -3.141592654    0.923997839   43.575116702  -56.517063964   -2.847266940
   -2.951193099    0.923997839   33.554967862  -47.657255893   -2.583615068
   -2.760793544    0.923997839   25.746970670  -34.002219156   -2.090605096
   -2.570393989    0.923997839   20.600490541  -20.554340963   -1.615780083
   -2.379994435    0.923997839   17.603741818  -12.016279033   -1.366696954
   -2.189594880    0.923997839   15.579063830  -10.358769312   -1.438876843
   -1.999195325    0.923997839   13.342320168  -13.580504939   -1.773935975
   -1.808795770    0.923997839   10.413086937  -16.678761628   -2.185851193
   -1.618396215    0.923997839    7.337730702  -14.391493413   -2.428716944
   -1.427996661    0.923997839    5.437627333   -4.263641987   -2.287000489
   -1.237597106    0.923997839    6.105066495   11.944024348   -1.652565179
   -1.047197551    0.923997839   10.054474382   29.186068332   -0.560716983
   -0.856797996    0.923997839   16.925063731   41.758509709    0.857464788
   -0.666398442    0.923997839   25.421321384   45.800087975    2.473450915
   -0.475998887    0.923997839   33.792767983   40.545053046    4.257941775
   -0.285599332    0.923997839   40.409815975   27.909043074    6.346496832
   -0.095199777    0.923997839   44.189856296   11.414787893    8.983371808
    0.095199777    0.923997839   44.797813637   -4.645199683   12.396959714
    0.285599332    0.923997839   42.730908820  -16.000011855   16.581867257
    0.475998887    0.923997839   39.241568574  -19.153642536   21.131435086
    0.666398442    0.923997839   36.082989643  -12.527563007   25.226081942
    0.856797996    0.923997839   35.033262904    2.501899069   27.867441933
    1.047197551    0.923997839   37.316722499   21.539804700   28.275354469
    1.237597106    0.923997839   43.134197946   38.705233421   26.248581552
    1.427996661    0.923997839   51.610095719   48.794441535   22.254651642
    1.618396215    0.923997839   61.105801630   49.250394760   17.201333926
    1.808795770    0.923997839   69.778006107   40.429978354   12.055641461
    1.999195325    0.923997839   76.063053186   24.657335336    7.514624060
    2.189594880    0.923997839   78.921994898    4.946750684    3.888716987
    2.379994435    0.923997839   77.882838956  -15.837249892    1.182364040
    2.570393989    0.923997839   73.001640166  -34.948158088   -0.740198551
    2.760793544    0.923997839   64.857138713  -49.642588607   -2.006568619
    2.951193099    0.923997839   54.546918779  -57.366664489   -2.690380210

   -3.141592654    1.293596975   40.162493490  -56.262424150   -6.895363045
   -2.951193099    1.293596975   30.338571341  -45.919341341   -6.357414911
   -2.760793544    1.293596975   22.952184152  -31.445587995   -5.268231536
   -2.570393989    1.293596975   18.303447531  -18.015521814   -3.906729798
   -2.379994435    1.293596975   15.730608934  -10.194368376   -2.515818787
   -2.189594880    1.293596975   13.952273885   -9.625339715   -1.221184098
   -1.999195325    1.293596975   11.745757957  -13.981721841   -0.026070820
   -1.808795770    1.293596975    8.645897038  -18.025937276    1.109238672
   -1.618396215    1.293596975    5.251000750  -16.332506390    2.190239250
   -1.427996661    1.293596975    2.963342207   -6.304682620    3.170575918
   -1.237597106    1.293596975    3.281880773   10.417055312    3.996613102
   -1.047197551    1.293596975    7.042177247   28.820024791    4.669514602
   -0.856797996    1.293596975   13.997818332   43.081903946    5.287558725
   -0.666398442    1.293596975   22.932095919   49.092260603    6.038851735
   -0.475998887    1.293596975   32.118624376   45.791553074    7.155211379
   -0.285599332    1.293596975   39.900441839   34.833046657    8.869813708
   -0.095199777    1.293596975   45.123402407   19.557121655   11.338394402
    0.095199777    1.293596975   47.347466563    4.056435558   14.564168509
    0.285599332    1.293596975   46.920518203   -7.655853702   18.279392427
    0.475998887    1.293596975   44.893951603  -12.343708574   21.899345768
    0.666398442    1.293596975   42.787274577   -8.472959652   24.607023332
    0.856797996    1.293596975   42.175637181    2.964562133   25.616331318
    1.047197551    1.293596975   44.194350614   18.364069082   24.498139739
    1.237597106    1.293596975   49.120653307   32.716771387   21.404128174
    1.427996661    1.293596975   56.295714635   41.351779934   16.998068765
    1.618396215    1.293596975   64.344389595   41.676831085   12.150576822
    1.808795770    1.293596975   71.632823236   33.550486188    7.589436891
    1.999195325    1.293596975   76.695423185   18.690374966    3.690551169
    2.189594880    1.293596975   78.492825342   -0.272040548    0.500892337
    2.379994435    1.293596975   76.515482598  -20.486097079   -2.094010520
    2.570393989    1.293596975   70.806964460  -38.944220699   -4.190517446
    2.760793544    1.293596975   61.991701787  -52.606314243   -5.766131257
    2.951193099    1.293596975   51.251907446  -58.835377820   -6.703894893

   -3.141592654    1.663196111   34.762578115  -56.735304301  -13.925421690
   -2.951193099    1.663196111   25.052145902  -44.316426766  -13.610553397
   -2.760793544    1.663196111   18.120536723  -28.418810948  -12.223325511
   -2.570393989    1.663196111   14.113522762  -14.446790367  -10.009861442
   -2.379994435    1.663196111   12.212007383   -6.803711492   -7.253353811
   -2.189594880    1.663196111   11.031339106   -6.765650671   -4.187364328
   -1.999195325    1.663196111    9.313074024  -11.709588302   -0.992757545
   -1.808795770    1.663196111    6.593584763  -16.299984463    2.124373174
   -1.618396215    1.663196111    3.477742416  -15.124162816    4.886674854
   -1.427996661    1.663196111    1.377004700   -5.529444310    7.003566966
   -1.237597106    1.663196111    1.823380985   11.037836166    8.303188823
   -1.047197551    1.663196111    5.727199941   29.792192472    8.851198446
   -0.856797996    1.663196111   12.948823691   44.986910827    8.959079018
   -0.666398442    1.663196111   22.371645354   52.358577457    9.071895402
   -0.475998887    1.663196111   32.322113438   50.540052454    9.593028803
   -0.285599332    1.663196111   41.133683903   40.831000156   10.757214818
   -0.095199777    1.663196111   47.577551700   26.273799655   12.564428295
    0.095199777    1.663196111   51.086828921   10.679486742   14.788049113
    0.285599332    1.663196111   51.832207716   -2.156533407   16.989935150
    0.475998887    1.663196111   50.658431623   -9.060196018   18.593226406
    0.666398442    1.663196111   48.895392381   -8.234317164   19.023990634
    0.856797996    1.663196111   48.017986289   -0.028171960   17.924893800
    1.047197551    1.663196111   49.204658776   12.790806961   15.331328696
    1.237597106    1.663196111   52.921770313   25.823488589   11.711516539
    1.427996661    1.663196111   58.766727920   34.461891054    7.758203018
    1.618396215    1.663196111   65.575737099   35.623143410    4.081255123
    1.808795770    1.663196111   71.804367111   28.429176666    0.966355127
    1.999195325    1.663196111   75.947236723   14.052260749   -1.663017523
    2.189594880    1.663196111   76.860862348   -4.988987124   -4.082084317
    2.379994435    1.663196111   73.954918273  -25.514428432   -6.528257661
    2.570393989    1.663196111   67.279021464  -43.974681143   -9.027903499
    2.760793544    1.663196111   57.563805813  -56.874878381  -11.351456086
    2.951193099    1.663196111   46.152967240  -61.470448783  -13.109441548

   -3.141592654    2.032795246   27.946351068  -58.813874516  -16.384585697
   -2.951193099    2.032795246   18.072233418  -43.932608718  -15.860499596
   -2.760793544    2.032795246   11.445176767  -25.668990826  -14.082119114
   -2.570393989    2.032795246    8.153387473   -9.779580544  -11.322060654
   -2.379994435    2.032795246    7.276728299   -0.806687851   -7.895445224
   -2.189594880    2.032795246    7.317855634   -0.025776108   -4.044356612
   -1.999195325    2.032795246    6.906672843   -4.826731193    0.056983920
   -1.808795770    2.032795246    5.459694908   -9.934458943    4.186321844
   -1.618396215    2.032795246    3.454134696   -9.925746455    7.989493924
   -1.427996661    2.032795246    2.196426206   -1.914375275   11.036650296
   -1.237597106    2.032795246    3.180792540   13.117646432   12.996529116
   -1.047197551    2.032795246    7.376852598   30.894184475   13.819574296
   -0.856797996    2.032795246   14.781222823   45.937866283   13.782567788
   -0.666398442    2.032795246   24.430895879   53.873257275   13.362166158
   -0.475998887    2.032795246   34.752119931   52.918055179   13.010196167
   -0.285599332    2.032795246   44.086489481   43.862226386   12.967786176
   -0.095199777    2.032795246   51.123015565   29.337234359   13.177241950
    0.095199777    2.032795246   55.152321572   12.925437270   13.325670665
    0.285599332    2.032795246   56.179500164   -1.577656914   12.954623944
    0.475998887    2.032795246   54.906465615  -10.747447848   11.647130114
    0.666398442    2.032795246   52.593243834  -12.276686452    9.223949093
    0.856797996    2.032795246   50.761615561   -5.854789007    5.882249716
    1.047197551    2.032795246   50.755656238    6.315654382    2.168008661
    1.237597106    2.032795246   53.279791239   19.959292577   -1.210290502
    1.427996661    2.032795246   58.139217513   30.055629440   -3.711235457
    1.618396215    2.032795246   64.259845752   32.744558293   -5.197451738
    1.808795770    2.032795246   70.036811856   26.411431032   -5.973094365
    1.999195325    2.032795246   73.797963268   11.895681267   -6.602076388
    2.189594880    2.032795246   74.217544938   -8.117196827   -7.618481285
    2.379994435    2.032795246   70.594954020  -29.899815927   -9.285647818
    2.570393989    2.032795246   62.988893523  -49.240205981  -11.491559601
    2.760793544    2.032795246   52.256163718  -62.114954282  -13.797645220
    2.951193099    2.032795246   39.937179650  -65.579957421  -15.606414964

   -3.141592654    2.402394382   20.835160269  -61.388704515  -10.376778054
   -2.951193099    2.402394382   10.729929630  -43.733589714   -9.120365950
   -2.760793544    2.402394382    4.418942492  -22.591034377   -6.992571133
   -2.570393989    2.402394382    1.962375930   -4.175332592   -4.268201255
   -2.379994435    2.402394382    2.347479247    6.734236819   -1.158969632
   -2.189594880    2.402394382    3.956891269    8.793864270    2.280005851
   -1.999195325    2.402394382    5.291114009    4.558228815    6.078312175
   -1.808795770    2.402394382    5.620436621   -0.812577370   10.153423945
   -1.618396215    2.402394382    5.254463017   -1.974851342   14.164822329
   -1.427996661    2.402394382    5.335244743    4.086421367   17.556985077
   -1.237597106    2.402394382    7.243691153   16.800354032   19.779605611
   -1.047197551    2.402394382   11.932125871   32.449045461   20.556487608
   -0.856797996    2.402394382   19.479069667   45.998951904   20.008211492
   -0.666398442    2.402394382   29.059159677   53.184013934   18.563488015
   -0.475998887    2.402394382   39.221238799   51.973028928   16.726610192
   -0.285599332    2.402394382   48.358118880   42.683273458   14.841161419
   -0.095199777    2.402394382   55.115731669   27.481206632   12.963941323
    0.095199777    2.402394382   58.672200462    9.692514305   10.887028681
    0.285599332    2.402394382   58.905659969   -6.747158775    8.274900259
    0.475998887    2.402394382   56.457116411  -17.863622670    4.889859503
    0.666398442    2.402394382   52.657665057  -20.563760692    0.804969122
    0.856797996    2.402394382   49.246814457  -13.875229289   -3.506204985
    1.047197551    2.402394382   47.868045179    0.172952801   -7.298587968
    1.237597106    2.402394382   49.493595621   16.772657341   -9.848896229
    1.427996661    2.402394382   54.040928083   29.884009898  -10.816086429
    1.618396215    2.402394382   60.342840698   34.591646288  -10.397682599
    1.808795770    2.402394382   66.537442478   28.670761162   -9.234334579
    1.999195325    2.402394382   70.640032247   13.000582470   -8.107765062
    2.189594880    2.402394382   71.074311319   -9.162630732   -7.610078821
    2.379994435    2.402394382   67.027437981  -33.260976452   -7.943846670
    2.570393989    2.402394382   58.604848816  -54.290376177   -8.898838910
    2.760793544    2.402394382   46.841385016  -67.664142245   -9.980015778
    2.951193099    2.402394382   33.529434109  -70.236903972  -10.616411665

   -3.141592654    2.771993518   17.645891888  -61.065405806    0.781427803
   -2.951193099    2.771993518    7.731547866  -42.087295650    2.859182857
   -2.760793544    2.771993518    1.845757887  -19.831745141    5.171718906
   -2.570393989    2.771993518    0.000000000   -0.552683627    7.568842269
   -2.379994435    2.771993518    1.150341082   11.160353709   10.054506988
   -2.189594880    2.771993518    3.690585704   14.179282278   12.795130768
   -1.999195325    2.771993518    6.153765299   11.027838438   15.970999825
   -1.808795770    2.771993518    7.803171537    6.496328816   19.544844040
   -1.618396215    2.771993518    8.850921620    5.398405693   23.121159174
   -1.427996661    2.771993518   10.253764155   10.406248524   26.022617061
   -1.237597106    2.771993518   13.181623406   21.051659762   27.559469272
   -1.047197551    2.771993518   18.438530935   34.138802573   27.347596492
   -0.856797996    2.771993518   26.072189271   45.288565428   25.463131829
   -0.666398442    2.771993518   35.334565449   50.669348255   22.361432500
   -0.475998887    2.771993518   44.897373582   48.274578169   18.632146205
   -0.285599332    2.771993518   53.245793221   38.115446764   14.727827179
   -0.095199777    2.771993518   59.046331563   21.955977500   10.815860099
    0.095199777    2.771993518   61.436611145    2.922308798    6.799717214
    0.285599332    2.771993518   60.252071356  -14.852120512    2.481747216
    0.475998887    2.771993518   56.165181327  -26.831803414   -2.194570383
    0.666398442    2.771993518   50.660244669  -29.269909221   -6.953356432
    0.856797996    2.771993518   45.733189856  -20.838089987  -11.176802329
    1.047197551    2.771993518   43.298156419   -3.782550464  -14.121692484
    1.237597106    2.771993518   44.500732760   16.281923313  -15.253277977
    1.427996661    2.771993518   49.247059546   32.300008990  -14.534024568
    1.618396215    2.771993518   56.181821110   38.569328158  -12.443135873
    1.808795770    2.771993518   63.156563568   32.646727692   -9.757365689
    1.999195325    2.771993518   67.914775155   15.763203954   -7.214211489
    2.189594880    2.771993518   68.710196066   -8.158181865   -5.250699214
    2.379994435    2.771993518   64.693361163  -33.867555556   -3.923907426
    2.570393989    2.771993518   56.050294003  -55.859712951   -2.992490920
    2.760793544    2.771993518   43.966391866  -69.314547759   -2.087270351
    2.951193099    2.771993518   30.399982465  -71.148887149   -0.882479819
