#! FIELDS phi psi file.free der_phi der_psi
#! SET min_phi -pi
#! SET max_phi pi
#! SET nbins_phi  33
#! SET periodic_phi true
#! SET min_psi -pi
#! SET max_psi pi
#! SET nbins_psi  17
#! SET periodic_psi true
   -3.141592654   -3.141592654   21.111322002  -45.827434531    9.364136662
   -2.951193099   -3.141592654   13.262894115  -35.464285312   12.006153155
   -2.760793544   -3.141592654    7.954133166  -19.806180813   14.383306916
   -2.570393989   -3.141592654    5.762610384   -3.547393479   16.357571495
   -2.379994435   -3.141592654    6.336604295    8.585840764   17.992414320
   -2.189594880   -3.141592654    8.601550532   14.052350229   19.510573931
   -1.999195325   -3.141592654   11.302787406   13.548691191   21.121514423
   -1.808795770   -3.141592654   13.591144319   10.396201552   22.812318214
   -1.618396215   -3.141592654   15.351224865    8.607319471   24.246428358
   -1.427996661   -3.141592654   17.123519818   10.753512403   24.865872496
   -1.237597106   -3.141592654   19.696241194   16.777412226   24.160987243
   -1.047197551   -3.141592654   23.610890505   24.301285492   21.951010807
   -0.856797996   -3.141592654   28.842362019   30.070768913   18.494271815
   -0.666398442   -3.141592654   34.795851668   31.519780461   14.354443265
   -0.475998887   -3.141592654   40.532095401   27.775124148   10.131065830
   -0.285599332   -3.141592654   45.105282352   19.567056840    6.197303106
   -0.095199777   -3.141592654   47.822842946    8.663382431    2.600150694
    0.095199777   -3.141592654   48.386139788   -2.644117762   -0.849637907
    0.285599332   -3.141592654   46.954215912  -11.877137979   -4.361775269
    0.475998887   -3.141592654   44.150313014  -16.721934814   -7.939262943
    0.666398442   -3.141592654   40.973489652  -15.656965084  -11.260487612
    0.856797996   -3.141592654   38.570474615   -8.798505641  -13.762398283
    1.047197551   -3.141592654   37.871676850    1.751105254  -14.892266317
    1.237597106   -3.141592654   39.252089402   12.439450778  -14.392342881
    1.427996661   -3.141592654   42.388497028   19.685535277  -12.459623589
    1.618396215   -3.141592654   46.390622871   21.339487722   -9.650400215
    1.808795770   -3.141592654   50.138206769   17.115891617   -6.628383952
    1.999195325   -3.141592654   52.601796351    8.094954993   -3.888269003
    2.189594880   -3.141592654   53.014201108   -4.164460878   -1.605578800
    2.379994435   -3.141592654   50.909467103  -18.078259132    0.339983115
    2.570393989   -3.141592654   46.140316969  -31.790278971    2.227155393
    2.760793544   -3.141592654   38.971773956  -42.808302157    4.316220032
    2.951193099   -3.141592654   30.194710378  -48.232903722    6.722968653

   -3.141592654   -2.771993518   26.251457953  -39.358250212   15.107941753
   -2.951193099   -2.771993518   19.545945994  -30.082417473   18.201631714
   -2.760793544   -2.771993518   15.105547304  -16.135580893   20.405447850
   -2.570393989   -2.771993518   13.440136902   -1.649193596   21.585428114
   -2.379994435   -2.771993518   14.245594608    9.246853416   21.940414990
   -2.189594880   -2.771993518   16.584843725   14.310880997   21.898703274
   -1.999195325   -2.771993518   19.352163392   14.050384114   21.879565933
   -1.808795770   -2.771993518   21.768809092   11.190760207   22.050810149
   -1.618396215   -2.771993518   23.663309568    9.080538271   22.222047856
   -1.427996661   -2.771993518   25.420005032    9.959895821   21.943908420
   -1.237597106   -2.771993518   27.657497158   13.972925776   20.759845166
   -1.047197551   -2.771993518   30.829537245   19.350213094   18.465766150
   -0.856797996   -2.771993518   34.950930970   23.496127937   15.220589446
   -0.666398442   -2.771993518   39.566416081   24.207369437   11.440857401
   -0.475998887   -2.771993518   43.905484102   20.534120942    7.581169910
   -0.285599332   -2.771993518   47.143648279   12.827910181    3.906376815
   -0.095199777   -2.771993518   48.628059603    2.429370252    0.412397485
    0.095199777   -2.771993518   48.034240142   -8.597379527   -3.088798421
    0.285599332   -2.771993518   45.482755389  -17.677182510   -6.756112112
    0.475998887   -2.771993518   41.604041214  -22.127265821  -10.506740421
    0.666398442   -2.771993518   37.483114070  -20.027236960  -13.919504454
    0.856797996   -2.771993518   34.409534875  -11.333455502  -16.351304268
    1.047197551   -2.771993518   33.449399685    1.602705624  -17.217802564
    1.237597106   -2.771993518   35.032124169   14.655772964  -16.296358923
    1.427996661   -2.771993518   38.770049947   23.648587307  -13.859340569
    1.618396215   -2.771993518   43.618777443   26.113556490  -10.536969474
    1.808795770   -2.771993518   48.285215860   21.888032925   -7.024417575
    1.999195325   -2.771993518   51.624565463   12.505084330   -3.784076418
    2.189594880   -2.771993518   52.851009704    0.036235225   -0.909839860
    2.379994435   -2.771993518   51.563113832  -13.608142104    1.808969586
    2.570393989   -2.771993518   47.710129423  -26.580068819    4.694146002
    2.760793544   -2.771993518   41.620543727  -36.703770150    7.952994604
    2.951193099   -2.771993518   34.069209880  -41.566053944   11.533645844

   -3.141592654   -2.402394382   32.035057257  -33.106088860   15.572284088
   -2.951193099   -2.402394382   26.374252794  -25.503615430   18.226085965
   -2.760793544   -2.402394382   22.605818047  -13.680145294   19.781775527
   -2.570393989   -2.402394382   21.219182445   -1.082975815   20.172753940
   -2.379994435   -2.402394382   22.012904921    8.717686836   19.659405835
   -2.189594880   -2.402394382   24.222644665   13.619527149   18.691912728
   -1.999195325   -2.402394382   26.893733183   13.776959110   17.680570847
   -1.808795770   -2.402394382   29.297505717   11.258226230   16.807076704
   -1.618396215   -2.402394382   31.185965345    8.801388391   15.972782548
   -1.427996661   -2.402394382   32.782566057    8.412515380   14.903559375
   -1.237597106   -2.402394382   34.547982842   10.503753550   13.339507256
   -1.047197551   -2.402394382   36.867490783   13.927750926   11.199363771
   -0.856797996   -2.402394382   39.813860488   16.723274202    8.623252352
   -0.666398442   -2.402394382   43.082305768   17.001397157    5.869126712
   -0.475998887   -2.402394382   46.070893719   13.661904973    3.160160858
   -0.285599332   -2.402394382   48.060105684    6.596380132    0.544695033
   -0.095199777   -2.402394382   48.407164490   -3.340954350   -2.115802659
    0.095199777   -2.402394382   46.727174781  -14.289593924   -5.047471012
    0.285599332   -2.402394382   43.081064525  -23.468828117   -8.365738936
    0.475998887   -2.402394382   38.111870540  -27.678939296  -11.903282283
    0.666398442   -2.402394382   33.020952092  -24.486386889  -15.148763687
    0.856797996   -2.402394382   29.282595710  -13.689692070  -17.395219061
    1.047197551   -2.402394382   28.129400927    1.994497933  -18.034241392
    1.237597106   -2.402394382   30.048243840   17.714206541  -16.861802961
    1.427996661   -2.402394382   34.564324579   28.593954783  -14.187805033
    1.618396215   -2.402394382   40.446777180   31.844414703  -10.673251570
    1.808795770   -2.402394382   46.204593046   27.511411000   -7.018210539
    1.999195325   -2.402394382   50.572501461   17.678273019   -3.662386256
    2.189594880   -2.402394382   52.756485020    4.994553833   -0.666532709
    2.379994435   -2.402394382   52.434563670   -8.324826428    2.200392159
    2.570393989   -2.402394382   49.656352076  -20.532801206    5.246630233
    2.760793544   -2.402394382   44.795773249  -29.894739093    8.625577579
    2.951193099   -2.402394382   38.573422614  -34.560331569   12.202610867

   -3.141592654   -2.032795246   37.129255479  -28.315972553   12.548552093
   -2.951193099   -2.032795246   32.208181575  -22.650120489   14.324567626
   -2.760793544   -2.032795246   28.766911836  -13.105386130   15.065739800
   -2.570393989   -2.032795246   27.290811335   -2.503870675   14.760417273
   -2.379994435   -2.032795246   27.680352221    6.033231855   13.661809500
   -2.189594880   -2.032795246   29.322608363   10.456985842   12.165354884
   -1.999195325   -2.032795246   31.387880253   10.620582248   10.628573063
   -1.808795770   -2.032795246   33.199262826    8.172352066    9.240877306
   -1.618396215   -2.032795246   34.490976929    5.576398582    7.998278685
   -1.427996661   -2.032795246   35.442633138    4.844476196    6.779002268
   -1.237597106   -2.032795246   36.494992320    6.615211563    5.459169430
   -1.047197551   -2.032795246   38.063323631   10.001546272    4.000921565
   -0.856797996   -2.032795246   40.289254909   13.150224046    2.464558896
   -0.666398442   -2.032795246   42.932077958   14.036566224    0.937458818
   -0.475998887   -2.032795246   45.409862288   11.227357869   -0.547279775
   -0.285599332   -2.032795246   46.953274468    4.257626491   -2.084159527
   -0.095199777   -2.032795246   46.813544435   -6.223491466   -3.878458818
    0.095199777   -2.032795246   44.487710582  -18.246664280   -6.165016123
    0.285599332   -2.032795246   39.974736304  -28.569807532   -9.035561716
    0.475998887   -2.032795246   33.969502330  -33.288670205  -12.286914342
    0.666398442   -2.032795246   27.858055463  -29.351392436  -15.365664638
    0.856797996   -2.032795246   23.378422341  -16.388109161  -17.516190236
    1.047197551   -2.032795246   21.998960628    2.402588263  -18.087615854
    1.237597106   -2.032795246   24.300669572   21.238404842  -16.853464059
    1.427996661   -2.032795246   29.718460580   34.332608911  -14.124460003
    1.618396215   -2.032795246   36.798943141   38.466119888  -10.580215008
    1.808795770   -2.032795246   43.808976962   33.902065087   -6.942746626
    1.999195325   -2.032795246   49.328628292   23.365455107   -3.669154070
    2.189594880   -2.032795246   52.539862497   10.169021696   -0.838287262
    2.379994435   -2.032795246   53.196318570   -3.128314323    1.755732748
    2.570393989   -2.032795246   51.446543946  -14.887624433    4.388748589
    2.760793544   -2.032795246   47.705767452  -23.834285814    7.190067738
    2.951193099   -2.032795246   42.634604015  -28.671992688   10.029059670

   -3.141592654   -1.663196111   38.361477054  -27.213189947   12.031092298
   -2.951193099   -1.663196111   33.590779407  -22.225840769   13.172314292
   -2.760793544   -1.663196111   30.152883956  -13.512279522   13.085674495
   -2.570393989   -1.663196111   28.517958761   -3.756641146   11.804760513
   -2.379994435   -1.663196111   28.596849154    4.051310131    9.632163823
   -2.189594880   -1.663196111   29.807155890    7.936183062    6.999266022
   -1.999195325   -1.663196111   31.357654853    7.768739486    4.297266980
   -1.808795770   -1.663196111   32.611078294    5.199330575    1.781658903
   -1.618396215   -1.663196111   33.343459620    2.717745245   -0.424871872
   -1.427996661   -1.663196111   33.783984170    2.386343803   -2.267878182
   -1.237597106   -1.663196111   34.430431321    4.861063614   -3.703548728
   -1.047197551   -1.663196111   35.749743699    9.170412479   -4.686228064
   -0.856797996   -1.663196111   37.907456743   13.245475969   -5.204480907
   -0.666398442   -1.663196111   40.635230046   14.764488394   -5.337814113
   -0.475998887   -1.663196111   43.269051971   12.025983398   -5.271807180
   -0.285599332   -1.663196111   44.916288937    4.437995511   -5.288935301
   -0.095199777   -1.663196111   44.699255552   -7.311476151   -5.700698065
    0.095199777   -1.663196111   42.012937551  -20.969115591   -6.763175793
    0.285599332   -1.663196111   36.831068627  -32.800749329   -8.546076817
    0.475998887   -1.663196111   29.932768923  -38.258687711  -10.834343121
    0.666398442   -1.663196111   22.905832049  -33.755276019  -13.107838582
    0.856797996   -1.663196111   17.756107739  -18.809132474  -14.685951273
    1.047197551   -1.663196111   16.184780252    2.888769438  -14.993275916
    1.237597106   -1.663196111   18.864996753   24.635484856  -13.834452521
    1.427996661   -1.663196111   25.141295320   39.744768852  -11.472816998
    1.618396215   -1.663196111   33.337950891   44.549622267   -8.473505134
    1.808795770   -1.663196111   41.472364766   39.471129019   -5.418031945
    1.999195325   -1.663196111   47.948773838   27.793731520   -2.645238152
    2.189594880   -1.663196111   51.888742545   13.429528119   -0.172782058
    2.379994435   -1.663196111   53.080281888   -0.698447496    2.201270343
    2.570393989   -1.663196111   51.746207869  -12.895016002    4.694725152
    2.760793544   -1.663196111   48.362923051  -22.057027238    7.348851323
    2.951193099   -1.663196111   43.610075421  -27.130360992    9.937727089

   -3.141592654   -1.293596975   39.686301357  -27.376227340    8.569505948
   -2.951193099   -1.293596975   34.768670783  -23.619686324    9.007454177
   -2.760793544   -1.293596975   30.958228287  -15.986057599    8.380043253
   -2.570393989   -1.293596975   28.778359500   -6.935353692    6.711530385
   -2.379994435   -1.293596975   28.218488379    0.583434922    4.222743169
   -2.189594880   -1.293596975   28.765480834    4.470353577    1.221124879
   -1.999195325   -1.293596975   29.667532103    4.436007974   -2.003142387
   -1.808795770   -1.293596975   30.304706699    2.074696460   -5.202305671
   -1.618396215   -1.293596975   30.473543549   -0.037838921   -8.131023147
   -1.427996661   -1.293596975   30.447838899    0.305480857  -10.508693440
   -1.237597106   -1.293596975   30.790715997    3.814521041  -12.050617762
   -1.047197551   -1.293596975   32.028126797    9.380679528  -12.564560996
   -0.856797996   -1.293596975   34.341330921   14.628180993  -12.056367388
   -0.666398442   -1.293596975   37.410949500   16.876821822  -10.773589735
   -0.475998887   -1.293596975   40.462314952   14.170321946   -9.141790261
   -0.285599332   -1.293596975   42.460399229    5.856824330   -7.648662345
   -0.095199777   -1.293596975   42.393043004   -7.247009623   -6.706160029
    0.095199777   -1.293596975   39.562185530  -22.568304807   -6.562254010
    0.285599332   -1.293596975   33.926151219  -35.898697532   -7.220956574
    0.475998887   -1.293596975   26.349375499  -42.122135215   -8.427171563
    0.666398442   -1.293596975   18.606206479  -37.202301267   -9.705367459
    0.856797996   -1.293596975   12.940984731  -20.592611048  -10.505038129
    1.047197551   -1.293596975   11.257513509    3.552368274  -10.408940583
    1.237597106   -1.293596975   14.303332193   27.726501419   -9.320849137
    1.427996661   -1.293596975   21.341657472   44.480777567   -7.479151508
    1.618396215   -1.293596975   30.507381276   49.804514379   -5.310715699
    1.808795770   -1.293596975   39.613568611   44.302528449   -3.208619353
    1.999195325   -1.293596975   46.929793971   31.752671745   -1.358429416
    2.189594880   -1.293596975   51.540353296   16.547567294    0.286811159
    2.379994435   -1.293596975   53.265717716    1.834879074    1.906820065
    2.570393989   -1.293596975   52.374773226  -10.759676126    3.653967608
    2.760793544   -1.293596975   49.357421008  -20.383676370    5.520106641
    2.951193099   -1.293596975   44.857385806  -26.208548659    7.282158471

   -3.141592654   -0.923997839   40.880236337  -27.662744273    3.867732960
   -2.951193099   -0.923997839   35.792588149  -25.136164123    3.317102383
   -2.760793544   -0.923997839   31.579306502  -18.664783407    1.989092468
   -2.570393989   -0.923997839   28.801992692  -10.468803500   -0.049062131
   -2.379994435   -0.923997839   27.518315545   -3.426806057   -2.635889891
   -2.189594880   -0.923997839   27.280404134    0.272404670   -5.587739533
   -1.999195325   -0.923997839   27.379278547    0.220610768   -8.724392607
   -1.808795770   -0.923997839   27.224696264   -1.990277701  -11.827348210
   -1.618396215   -0.923997839   26.657246436   -3.637914694  -14.583562990
   -1.427996661   -0.923997839   26.028784450   -2.332914007  -16.592289634
   -1.237597106   -0.923997839   26.003431546    2.668377178  -17.472966882
   -1.047197551   -0.923997839   27.191986215   10.039452305  -17.026500066
   -0.856797996   -0.923997839   29.796814974   16.975809705  -15.352685579
   -0.666398442   -0.923997839   33.431518173   20.341533484  -12.844034561
   -0.475998887   -0.923997839   37.181142864   17.884280665  -10.051333035
   -0.285599332   -0.923997839   39.837958838    8.924857305   -7.500232160
   -0.095199777   -0.923997839   40.236737509   -5.510940313   -5.538904077
    0.095199777   -0.923997839   37.583290232  -22.449157401   -4.288068949
    0.285599332   -0.923997839   31.827765186  -37.197327297   -3.649622269
    0.475998887   -0.923997839   23.919861055  -44.157815930   -3.387039604
    0.666398442   -0.923997839   15.796176141  -38.997415260   -3.217225030
    0.856797996   -0.923997839    9.887690860  -21.230753829   -2.913179855
    1.047197551   -0.923997839    8.236017374    4.537375587   -2.376543707
    1.237597106   -0.923997839   11.617563801   30.181492594   -1.665531449
    1.427996661   -0.923997839   19.214669576   47.761802337   -0.923879616
    1.618396215   -0.923997839   29.022426896   53.148317725   -0.287249256
    1.808795770   -0.923997839   38.727110807   47.190715386    0.195761368
    1.999195325   -0.923997839   46.536693582   34.054941177    0.588153803
    2.189594880   -0.923997839   51.541873683   18.431312198    1.015768874
    2.379994435   -0.923997839   53.605227059    3.534171956    1.589512367
    2.570393989   -0.923997839   53.029313340   -9.153221693    2.327963169
    2.760793544   -0.923997839   50.298018354  -19.033365158    3.118814877
    2.951193099   -0.923997839   46.002720756  -25.478117889    3.726210143

   -3.141592654   -0.554398704   41.308500347  -29.108599178   -0.399500794
   -2.951193099   -0.554398704   35.840147695  -27.679272082   -1.796274687
   -2.760793544   -0.554398704   31.047785737  -22.161525874   -3.668078744
   -2.570393989   -0.554398704   27.534850246  -14.651919491   -5.900641581
   -2.379994435   -0.554398704   25.409138283   -8.056027718   -8.379793049
   -2.189594880   -0.554398704   24.260644633   -4.638753475  -11.033262249
   -1.999195325   -0.554398704   23.411935193   -4.776080444  -13.784388783
   -1.808795770   -0.554398704   22.327871560   -6.665052059  -16.447028994
   -1.618396215   -0.554398704   20.953556442   -7.307342437  -18.658970929
   -1.427996661   -0.554398704   19.785640975   -4.205173811  -19.943508698
   -1.237597106   -0.554398704   19.622897579    3.155259314  -19.898223299
   -1.047197551   -0.554398704   21.136021447   12.916868760  -18.403277595
   -0.856797996   -0.554398704   24.474473269   21.668928776  -15.713563330
   -0.666398442   -0.554398704   29.099682475   25.875140656  -12.363420396
   -0.475998887   -0.554398704   33.900552531   23.234321045   -8.952011281
   -0.285599332   -0.554398704   37.495468783   13.335828532   -5.919723598
   -0.095199777   -0.554398704   38.615182208   -2.374230029   -3.428333139
    0.095199777   -0.554398704   36.442279428  -20.495370712   -1.385404952
    0.285599332   -0.554398704   30.974753162  -36.048057353    0.439326387
    0.475998887   -0.554398704   23.247941070  -43.331506347    2.239734108
    0.666398442   -0.554398704   15.284312777  -38.103690310    4.036807296
    0.856797996   -0.554398704    9.567609234  -20.116126666    5.641151565
    1.047197551   -0.554398704    8.142976000    5.755176806    6.743247713
    1.237597106   -0.554398704   11.746604585   31.241796381    7.077600792
    1.427996661   -0.554398704   19.511479755   48.435589284    6.592745198
    1.618396215   -0.554398704   29.405594438   53.387989479    5.487968720
    1.808795770   -0.554398704   39.125944646   47.154976882    4.123423074
    1.999195325   -0.554398704   46.922979634   34.004224883    2.865695134
    2.189594880   -0.554398704   51.935513374   18.585544020    1.949016305
    2.379994435   -0.554398704   54.053556733    3.944957430    1.420495635
    2.570393989   -0.554398704   53.568844879   -8.648914365    1.156876552
    2.760793544   -0.554398704   50.915065294  -18.790942634    0.929803491
    2.951193099   -0.554398704   46.607187689  -25.919722429    0.479525909

   -3.141592654   -0.184799568   40.509927981  -31.772694030   -3.520104842
   -2.951193099   -0.184799568   34.465606003  -31.025665259   -5.261872050
   -2.760793544   -0.184799568   28.984251302  -26.013762234   -7.176786754
   -2.570393989   -0.184799568   24.703463266  -18.844158022   -9.164129701
   -2.379994435   -0.184799568   21.753011308  -12.524501778  -11.189037635
   -2.189594880   -0.184799568   19.729476928   -9.348270156  -13.281013909
   -1.999195325   -0.184799568   17.975885616   -9.506352808  -15.434047743
   -1.808795770   -0.184799568   16.033298853  -10.819720458  -17.473444881
   -1.618396215   -0.184799568   13.995255437   -9.956540563  -19.005806612
   -1.427996661   -0.184799568   12.541690482   -4.428615505  -19.532320785
   -1.237597106   -0.184799568   12.608256689    5.798738853  -18.686966612
   -1.047197551   -0.184799568   14.877827307   18.093966651  -16.455093959
   -0.856797996   -0.184799568   19.365299059   28.352994255  -13.220365462
   -0.666398442   -0.184799568   25.303930422   32.775241228   -9.591932567
   -0.475998887   -0.184799568   31.353297763   29.315896555   -6.133428033
   -0.285599332   -0.184799568   35.988155405   18.158952359   -3.128558362
   -0.095199777   -0.184799568   37.918239292    1.385409180   -0.513080738
    0.095199777   -0.184799568   36.406887602  -17.194106182    2.018643501
    0.285599332   -0.184799568   31.575207226  -32.591096534    4.790210549
    0.475998887   -0.184799568   24.545231112  -39.480731171    7.897235225
    0.666398442   -0.184799568   17.331211921  -34.197024340   11.060062858
    0.856797996   -0.184799568   12.303792683  -16.947229698   13.677899830
    1.047197551   -0.184799568   11.343580859    7.328137952   15.085580989
    1.237597106   -0.184799568   15.055255167   30.779391730   14.880108773
    1.427996661   -0.184799568   22.550250049   46.152857584   13.146045636
    1.618396215   -0.184799568   31.894554591   50.047294876   10.409786955
    1.808795770   -0.184799568   40.952493487   43.683750013    7.390691823
    1.999195325   -0.184799568   48.134271768   31.097937521    4.697308671
    2.189594880   -0.184799568   52.671435275   16.506045943    2.633447493
    2.379994435   -0.184799568   54.462807565    2.538913069    1.180986717
    2.570393989   -0.184799568   53.743223315   -9.785863956    0.105922558
    2.760793544   -0.184799568   50.860083520  -20.134609518   -0.891091773
    2.951193099   -0.184799568   46.245453906  -27.844536853   -2.058535986

   -3.141592654    0.184799568   39.016371953  -34.578230066   -5.836576981
   -2.951193099    0.184799568   32.421104834  -33.954457816   -7.502333086
   -2.760793544    0.184799568   26.382608480  -28.912286910   -9.012013445
   -2.570393989    0.184799568   21.556176236  -21.685383693  -10.327932701
   -2.379994435    0.184799568   18.061827384  -15.421146615  -11.527983420
   -2.189594880    0.184799568   15.473262436  -12.385096847  -12.747699046
   -1.999195325    0.184799568   13.140271649  -12.487983774  -14.040549108
   -1.808795770    0.184799568   10.680952903  -13.131585793  -15.246333804
   -1.618396215    0.184799568    8.336282427  -10.716709658  -15.979499853
   -1.427996661    0.184799568    6.946720643   -2.915578889  -15.785783229
   -1.237597106    0.184799568    7.533012601    9.693432121  -14.391970497
   -1.047197551    0.184799568   10.724225989   23.705057358  -11.893352267
   -0.856797996    0.184799568   16.351540448   34.503152779   -8.737723697
   -0.666398442    0.184799568   23.419685352   38.328970361   -5.496669818
   -0.475998887    0.184799568   30.418010080   33.690919199   -2.582904879
   -0.285599332    0.184799568   35.781662442   21.523785091   -0.052521902
   -0.095199777    0.184799568   38.313949016    4.499005704    2.387272822
    0.095199777    0.184799568   37.446462359  -13.408750090    5.191495682
    0.285599332    0.184799568   33.449446695  -27.573321489    8.682707850
    0.475998887    0.184799568   27.482440948  -33.451457341   12.784823214
    0.666398442    0.184799568   21.434019140  -28.231490957   16.912199551
    0.856797996    0.184799568   17.415073032  -12.594758065   20.127665664
    1.047197551    0.184799568   17.020642870    8.746432342   21.531149206
    1.237597106    0.184799568   20.679480043   28.829575009   20.686190158
    1.427996661    0.184799568   27.525837751   41.478318955   17.843526218
    1.618396215    0.184799568   35.827396900   44.023584645   13.802939223
    1.808795770    0.184799568   43.726882282   37.751039958    9.538066778
    1.999195325    0.184799568   49.867526283   26.196096412    5.797449536
    2.189594880    0.184799568   53.594114738   12.882653707    2.895777943
    2.379994435    0.184799568   54.796534856   -0.105637923    0.747174911
    2.570393989    0.184799568   53.624771193  -11.981079102   -0.953728564
    2.760793544    0.184799568   50.326314642  -22.362026325   -2.520493256
    2.951193099    0.184799568   45.261423917  -30.362662600   -4.141293937

   -3.141592654    0.554398704   38.491150078  -35.893192048   -5.582284770
   -2.951193099    0.554398704   31.623817982  -35.476775523   -6.729835655
   -2.760793544    0.554398704   25.275311492  -30.636259307   -7.579263026
   -2.570393989    0.554398704   20.101363132  -23.612724138   -8.158680694
   -2.379994435    0.554398704   16.219966687  -17.558480162   -8.595668408
   -2.189594880    0.554398704   13.209001467  -14.658762089   -9.041739509
   -1.999195325    0.554398704   10.450245461  -14.617175059   -9.552836213
   -1.808795770    0.554398704    7.639860032  -14.585792550  -10.005705494
   -1.618396215    0.554398704    5.133156764  -10.868412768  -10.119426895
   -1.427996661    0.554398704    3.874307520   -1.360968434   -9.593977009
   -1.237597106    0.554398704    4.915826935   12.847591204   -8.290628103
   -1.047197551    0.554398704    8.812309592   27.809742713   -6.341761643
   -0.856797996    0.554398704   15.240628954   38.666413539   -4.098797622
   -0.666398442    0.554398704   23.050524866   41.885779201   -1.932617160
   -0.475998887    0.554398704   30.656618213   36.563329418   -0.023285391
   -0.285599332    0.554398704   36.541746802   24.259744114    1.762737912
   -0.095199777    0.554398704   39.653658678    8.010486033    3.815669854
    0.095199777    0.554398704   39.594215101   -8.345575911    6.591445951
    0.285599332    0.554398704   36.727266573  -20.819277343   10.322094222
    0.475998887    0.554398704   32.150210749  -25.826504222   14.781819591
    0.666398442    0.554398704   27.509842476  -21.396095540   19.214158306
    0.856797996    0.554398704   24.564974254   -8.448851822   22.541252998
    1.047197551    0.554398704   24.592543011    8.901172085   23.798518677
    1.237597106    0.554398704   27.883367176   24.915703798   22.582485054
    1.427996661    0.554398704   33.681136136   34.653327235   19.246782435
    1.618396215    0.554398704   40.550127254   36.117685405   14.710304055
    1.808795770    0.554398704   46.980820775   30.465564053   10.032035915
    1.999195325    0.554398704   51.879522800   20.535501248    5.987784996
    2.189594880    0.554398704   54.704326901    9.047831337    2.876123819
    2.379994435    0.554398704   55.324275662   -2.480812518    0.585237478
    2.570393989    0.554398704   53.793329252  -13.474905650   -1.195159101
    2.760793544    0.554398704   50.250480652  -23.505437553   -2.750971911
    2.951193099    0.554398704   44.970820125  -31.510833924   -4.220293857

   -3.141592654    0.923997839   37.258751703  -37.015019561   -5.848554642
   -2.951193099    0.923997839   30.223539398  -36.084837157   -6.280117530
   -2.760793544    0.923997839   23.807149722  -30.751723766   -6.180643755
   -2.570393989    0.923997839   18.644547666  -23.420298190   -5.701338622
   -2.379994435    0.923997839   14.806109396  -17.350323071   -5.093394429
   -2.189594880    0.923997839   11.815053434  -14.687265979   -4.593583929
   -1.999195325    0.923997839    9.022020089  -14.934384358   -4.315712674
   -1.808795770    0.923997839    6.139152155  -14.973530183   -4.208740468
   -1.618396215    0.923997839    3.582938687  -10.932535395   -4.097768066
   -1.427996661    0.923997839    2.371361367   -0.762869148   -3.784173774
   -1.237597106    0.923997839    3.598396249   14.173213550   -3.149105334
   -1.047197551    0.923997839    7.799126406   29.608164381   -2.209180330
   -0.856797996    0.923997839   14.583625500   40.545593659   -1.086208359
   -0.666398442    0.923997839   22.739170289   43.627807565    0.096334461
   -0.475998887    0.923997839   30.675016602   38.352098637    1.318040107
   -0.285599332    0.923997839   36.949652816   26.683282606    2.730748241
   -0.095199777    0.923997839   40.643417382   11.818902856    4.618101588
    0.095199777    0.923997839   41.484750371   -2.655261353    7.274587360
    0.285599332    0.923997839   39.874137102  -13.413166321   10.786062663
    0.475998887    0.923997839   36.793820163  -17.759636249   14.849233140
    0.666398442    0.923997839   33.615851265  -14.430811547   18.724862609
    0.856797996    0.923997839   31.741919097   -4.446468027   21.442077096
    1.047197551    0.923997839   32.148283012    8.776450106   22.188475862
    1.237597106    0.923997839   35.016943171   20.734480485   20.696255605
    1.427996661    0.923997839   39.724252640   27.660759569   17.370749016
    1.618396215    0.923997839   45.138887905   28.141899019   13.077559751
    1.808795770    0.923997839   50.090407707   23.122301681    8.749443150
    1.999195325    0.923997839   53.728137420   14.710662690    5.021558378
    2.189594880    0.923997839   55.601737997    4.844469639    2.096652442
    2.379994435    0.923997839   55.546730640   -5.454873975   -0.157282248
    2.570393989    0.923997839   53.526075792  -15.718467195   -1.991260330
    2.760793544    0.923997839   49.596698101  -25.350958350   -3.573243030
    2.951193099    0.923997839   43.994420932  -33.041665697   -4.901858139

   -3.141592654    1.293596975   34.426609408  -38.816045315   -8.122042531
   -2.951193099    1.293596975   27.173935499  -36.529401128   -8.597367760
   -2.760793544    1.293596975   20.801035769  -29.891835271   -8.193869647
   -2.570393989    1.293596975   15.893738278  -21.694305879   -7.039781965
   -2.379994435    1.293596975   12.416748413  -15.386360772   -5.428517089
   -2.189594880    1.293596975    9.776222111  -13.045306608   -3.686497683
   -1.999195325    1.293596975    7.238259506  -13.922908401   -2.053594776
   -1.808795770    1.293596975    4.485083916  -14.601375744   -0.645166731
   -1.618396215    1.293596975    1.955703858  -10.971680468    0.512669259
   -1.427996661    1.293596975    0.724868959   -0.866193026    1.424670282
   -1.237597106    1.293596975    1.954820277   14.352856222    2.096023864
   -1.047197551    1.293596975    6.238376385   30.322169976    2.537343537
   -0.856797996    1.293596975   13.220593248   41.913049991    2.795429899
   -0.666398442    1.293596975   21.700987459   45.661722255    2.986934953
   -0.475998887    1.293596975   30.086810566   41.043794470    3.304923473
   -0.285599332    1.293596975   36.938916028   30.066194460    4.014073571
   -0.095199777    1.293596975   41.349130386   15.976170528    5.392338279
    0.095199777    1.293596975   43.057008397    2.267309153    7.643429015
    0.285599332    1.293596975   42.436217800   -8.025768133   10.736267000
    0.475998887    1.293596975   40.371266108  -12.639447359   14.289636062
    0.666398442    1.293596975   38.060559573  -10.624017768   17.568598088
    0.856797996    1.293596975   36.706335312   -2.927857549   19.693292504
    1.047197551    1.293596975   37.143657954    7.574477961   19.986824033
    1.237597106    1.293596975   39.544924505   17.149606590   18.299531032
    1.427996661    1.293596975   43.415837840   22.643592601   15.073510476
    1.618396215    1.293596975   47.828939085   22.809318176   11.112693689
    1.808795770    1.293596975   51.802911347   18.277964495    7.217157194
    1.999195325    1.293596975   54.589950022   10.619215409    3.871510248
    2.189594880    1.293596975   55.743031985    1.311850858    1.161183287
    2.379994435    1.293596975   55.039099491   -8.797513697   -1.104322153
    2.570393989    1.293596975   52.379435500  -19.100564058   -3.168602560
    2.760793544    1.293596975   47.807559125  -28.665928446   -5.132660471
    2.951193099    1.293596975   41.611759644  -35.866224578   -6.876237756

   -3.141592654    1.663196111   30.406398664  -41.491648152  -11.527374303
   -2.951193099    1.663196111   22.824485261  -37.243768231  -12.409655264
   -2.760793544    1.663196111   16.511171092  -28.592550865  -11.996631565
   -2.570393989    1.663196111   12.007135534  -18.873299577  -10.294731257
   -2.379994435    1.663196111    9.150983756  -11.821257492   -7.576701029
   -2.189594880    1.663196111    7.200472634   -9.466149476   -4.266428491
   -1.999195325    1.663196111    5.305261273  -10.805860123   -0.809525728
   -1.808795770    1.663196111    3.083422577  -12.153145753    2.396823147
   -1.618396215    1.663196111    0.953927274   -9.211801247    5.023002083
   -1.427996661    1.663196111    0.000000000    0.306032554    6.821982207
   -1.237597106    1.663196111    1.412755943   15.135011355    7.673688398
   -1.047197551    1.663196111    5.829701904   30.980453755    7.635708380
   -0.856797996    1.663196111   12.948470622   42.724895646    6.953588687
   -0.666398442    1.663196111   21.617370340   46.849488302    6.011387902
   -0.475998887    1.663196111   30.278586215   42.766969944    5.225712929
   -0.285599332    1.663196111   37.519212364   32.435930530    4.958094240
   -0.095199777    1.663196111   42.448885404   19.074458361    5.445319310
    0.095199777    1.663196111   44.814155553    6.045496788    6.766405593
    0.285599332    1.663196111   44.956269842   -3.875891789    8.782359759
    0.475998887    1.663196111   43.667425201   -8.775272040   11.111472586
    0.666398442    1.663196111   41.995048976   -7.929599089   13.164678713
    0.856797996    1.663196111   40.977944576   -2.181877340   14.313622573
    1.047197551    1.663196111   41.343893054    6.087267319   14.128173957
    1.237597106    1.663196111   43.272729439   13.789072426   12.585691823
    1.427996661    1.663196111   46.389331965   18.234990386   10.064156726
    1.618396215    1.663196111   49.935556427   18.242989786    7.145882981
    1.808795770    1.663196111   53.072719813   14.104585302    4.342239922
    1.999195325    1.663196111   55.110575474    6.893870597    1.886536405
    2.189594880    1.663196111   55.572094146   -2.298421889   -0.289766002
    2.379994435    1.663196111   54.157611229  -12.707716762   -2.426710175
    2.570393989    1.663196111   50.707849678  -23.483201615   -4.734951551
    2.760793544    1.663196111   45.275261863  -33.235350578   -7.226260766
    2.951193099    1.663196111   38.244966401  -39.912904280   -9.642282039

   -3.141592654    2.032795246   25.433659967  -45.468398271  -11.347694005
   -2.951193099    2.032795246   17.307472814  -38.837367057  -12.007510946
   -2.760793544    2.032795246   10.965238466  -27.267735290  -11.295474323
   -2.570393989    2.032795246    6.987158386  -14.746732057   -9.202304610
   -2.379994435    2.032795246    5.132164755   -5.581978505   -5.987666378
   -2.189594880    2.032795246    4.491801706   -2.123676809   -2.067384989
   -1.999195325    2.032795246    4.014080315   -3.432778696    2.099365912
   -1.808795770    2.032795246    3.121164031   -5.711485090    6.057547443
   -1.618396215    2.032795246    2.068915259   -4.435444531    9.366247424
   -1.427996661    2.032795246    1.831658864    3.025275210   11.635212244
   -1.237597106    2.032795246    3.566488163   15.841292054   12.619851038
   -1.047197551    2.032795246    7.962483090   30.155029658   12.326231498
   -0.856797996    2.032795246   14.838524257   41.131687313   11.043575041
   -0.666398442    2.032795246   23.196119195   45.282833310    9.264230449
   -0.475998887    2.032795246   31.613013282   41.834787335    7.514892118
   -0.285599332    2.032795246   38.765087937   32.459633850    6.203900020
   -0.095199777    2.032795246   43.796543596   20.108545790    5.524320853
    0.095199777    2.032795246   46.442813644    7.913079982    5.455867279
    0.285599332    2.032795246   46.991092042   -1.561332881    5.793659767
    0.475998887    2.032795246   46.140376449   -6.596700855    6.227923182
    0.666398442    2.032795246   44.815902190   -6.553060691    6.430959833
    0.856797996    2.032795246   43.939781504   -2.138001796    6.167615226
    1.047197551    2.032795246   44.171232157    4.655452287    5.372839772
    1.237597106    2.032795246   45.707020026   11.180437432    4.185503069
    1.427996661    2.032795246   48.261005281   15.040952384    2.853030967
    1.618396215    2.032795246   51.189966128   15.030411933    1.600104613
    1.808795770    2.032795246   53.737072918   11.128622701    0.515940349
    1.999195325    2.032795246   55.222131011    4.009340431   -0.489092141
    2.189594880    2.032795246   55.109879317   -5.522379405   -1.626598674
    2.379994435    2.032795246   53.012407585  -16.715746982   -3.119154363
    2.570393989    2.032795246   48.708289829  -28.440526959   -5.068599243
    2.760793544    2.032795246   42.263659699  -38.806499762   -7.359556758
    2.951193099    2.032795246   34.177618052  -45.250545637   -9.627916467

   -3.141592654    2.402394382   20.884498387  -49.035853658   -6.704360091
   -2.951193099    2.402394382   12.286929764  -40.074712610   -6.482598752
   -2.760793544    2.402394382    5.985735522  -25.548451677   -5.220609442
   -2.570393989    2.402394382    2.621473160  -10.072635720   -2.957378839
   -2.379994435    2.402394382    1.894873911    1.459701923    0.112393669
   -2.189594880    2.402394382    2.745724734    6.318767354    3.728008424
   -1.999195325    2.402394382    3.920517593    5.293376478    7.605941883
   -1.808795770    2.402394382    4.627874245    2.196482875   11.406902659
   -1.618396215    2.402394382    4.925615019    1.697094118   14.693582623
   -1.427996661    2.402394382    5.631298992    6.719548425   16.971560104
   -1.237597106    2.402394382    7.816861517   16.888785891   17.841930240
   -1.047197551    2.402394382   12.182593063   28.881391856   17.185712070
   -0.856797996    2.402394382   18.654642124   38.309161910   15.250479644
   -0.666398442    2.402394382   26.404368820   41.865618417   12.569355656
   -0.475998887    2.402394382   34.182953789   38.649764818    9.752806840
   -0.285599332    2.402394382   40.791637314   29.967586121    7.274948308
   -0.095199777    2.402394382   45.421067867   18.353866854    5.348680218
    0.095199777    2.402394382   47.782745705    6.613304806    3.933175283
    0.285599332    2.402394382   48.095633812   -2.798269017    2.820281342
    0.475998887    2.402394382   46.990029590   -8.066395929    1.774713808
    0.666398442    2.402394382   45.355923492   -8.311463571    0.653969650
    0.856797996    2.402394382   44.130858958   -3.990174663   -0.522994108
    1.047197551    2.402394382   44.027151849    3.058723242   -1.598792545
    1.237597106    2.402394382   45.306851006   10.130245389   -2.359012616
    1.427996661    2.402394382   47.720849502   14.613046739   -2.677170139
    1.618396215    2.402394382   50.613015698   15.019942303   -2.586653176
    1.808795770    2.402394382   53.164970710   11.106802774   -2.280127628
    1.999195325    2.402394382   54.603363814    3.453906762   -2.035678045
    2.189594880    2.402394382   54.295403537   -7.091088883   -2.109433489
    2.379994435    2.402394382   51.777299039  -19.588211990   -2.651080100
    2.570393989    2.402394382   46.801423442  -32.585579221   -3.645856617
    2.760793544    2.402394382   39.480437867  -43.750042730   -4.899241639
    2.951193099    2.402394382   30.446654265  -50.083458207   -6.058613315

   -3.141592654    2.771993518   19.087465471  -49.593589513    1.257169295
   -2.951193099    2.771993518   10.504278676  -39.324553122    2.733270535
   -2.760793544    2.771993518    4.485852944  -23.330530550    4.647579191
   -2.570393989    2.771993518    1.678028150   -6.477128376    6.921397688
   -2.379994435    2.771993518    1.749126398    6.198742705    9.486415393
   -2.189594880    2.771993518    3.588666276   11.913167427   12.304541307
   -1.999195325    2.771993518    5.882065744   11.374424408   15.307624561
   -1.808795770    2.771993518    7.751023787    8.202709729   18.285695626
   -1.618396215    2.771993518    9.123190033    6.828309155   20.823803582
   -1.427996661    2.771993518   10.651205362   10.086766362   22.376749617
   -1.237597106    2.771993518   13.254492836   17.838613439   22.478110693
   -1.047197551    2.771993518   17.557081696   27.302605803   20.970643330
   -0.856797996    2.771993518   23.524736422   34.716328183   18.105825205
   -0.666398442    2.771993518   30.470676042   37.178115362   14.442265814
   -0.475998887    2.771993518   37.328716456   33.799378382   10.609263652
   -0.285599332    2.771993518   43.050099872   25.559740353    7.064286357
   -0.095199777    2.771993518   46.897446094   14.539520273    3.969443639
    0.095199777    2.771993518   48.575901404    3.205039506    1.231127862
    0.285599332    2.771993518   48.257111936   -6.058974815   -1.350930100
    0.475998887    2.771993518   46.535883774  -11.258081344   -3.891078936
    0.666398442    2.771993518   44.314897127  -11.218520331   -6.288066447
    0.856797996    2.771993518   42.596078783   -6.185182930   -8.230522388
    1.047197551    2.771993518   42.175448126    1.996878984   -9.343147894
    1.237597106    2.771993518   43.374964504   10.350769872   -9.385862617
    1.427996661    2.771993518   45.938438117   15.900775894   -8.413624875
    1.618396215    2.771993518   49.136986365   16.851608246   -6.760303636
    1.808795770    2.771993518   52.039130637   12.852358111   -4.896903595
    1.999195325    2.771993518   53.758451892    4.588426194   -3.242359231
    2.189594880    2.771993518   53.582429268   -6.868082881   -2.026934089
    2.379994435    2.771993518   51.014949074  -20.310664683   -1.263395251
    2.570393989    2.771993518   45.826855811  -34.037558992   -0.793469659
    2.760793544    2.771993518   38.193816296  -45.489161317   -0.373536944
    2.951193099    2.771993518   28.847948269  -51.524144704    0.247813177
