#! FIELDS phi psi file.free der_phi der_psi
#! SET min_phi -pi
#! SET max_phi pi
#! SET nbins_phi  33
#! SET periodic_phi true
#! SET min_psi -pi
#! SET max_psi pi
#! SET nbins_psi  17
#! SET periodic_psi true
   -3.141592654   -3.141592654   20.688918460  -55.585907021   12.185575189
   -2.951193099   -3.141592654   11.648950924  -38.397503443   15.108773488
   -2.760793544   -3.141592654    6.310695068  -17.662139275   17.608943002
   -2.570393989   -3.141592654    4.785147074    0.804496936   19.591693103
   -2.379994435   -3.141592654    6.182263595   12.526688118   21.202355482
   -2.189594880   -3.141592654    9.035537947   16.175824869   22.772631505
   -1.999195325   -3.141592654   11.952641238   13.774203141   24.613909252
   -1.808795770   -3.141592654   14.164445069    9.543006427   26.766429650
   -1.618396215   -3.141592654   15.753066798    7.868777614   28.866505625
   -1.427996661   -3.141592654   17.491360406   11.319520932   30.247980443
   -1.237597106   -3.141592654   20.379621743   19.645918313   30.243900616
   -1.047197551   -3.141592654   25.117371092   30.099371075   28.521299092
   -0.856797996   -3.141592654   31.741357074   38.800068358   25.237527145
   -0.666398442   -3.141592654   39.577801074   42.315227612   20.926311086
   -0.475998887   -3.141592654   47.432872463   38.854440267   16.216450340
   -0.285599332   -3.141592654   53.956459629   28.528951357   11.532763154
   -0.095199777   -3.141592654   57.985896808   13.097699312    6.967287231
    0.095199777   -3.141592654   58.823801931   -4.384864148    2.359384445
    0.285599332   -3.141592654   56.450871447  -19.909243684   -2.474871170
    0.475998887   -3.141592654   51.653986049  -29.161378302   -7.482306060
    0.666398442   -3.141592654   45.976618529  -28.761354365  -12.232345109
    0.856797996   -3.141592654   41.384474056  -17.937747769  -16.001724258
    1.047197551   -3.141592654   39.645440784    0.420970903  -18.065535954
    1.237597106   -3.141592654   41.652095727   20.279307558  -18.038854966
    1.427996661   -3.141592654   47.027379167   34.753636099  -16.083640179
    1.618396215   -3.141592654   54.232803293   38.985580098  -12.823765445
    1.808795770   -3.141592654   61.138456532   31.723595682   -9.058004924
    1.999195325   -3.141592654   65.713019166   15.058764087   -5.428525419
    2.189594880   -3.141592654   66.525910194   -7.046163941   -2.225783552
    2.379994435   -3.141592654   62.967201754  -30.126513794    0.601936286
    2.570393989   -3.141592654   55.269430067  -49.812565485    3.298558679
    2.760793544   -3.141592654   44.466279477  -62.146921382    6.101208927
    2.951193099   -3.141592654   32.256488730  -64.288860019    9.099846954

   -3.141592654   -2.771993518   27.934925682  -48.617994007   20.543298633
   -2.951193099   -2.771993518   20.065226432  -33.196351870   23.682006845
   -2.760793544   -2.771993518   15.516788743  -14.581630828   25.716404770
   -2.570393989   -2.771993518   14.393753116    2.050227567   26.669943049
   -2.379994435   -2.771993518   15.918727604   12.799669010   26.883363121
   -2.189594880   -2.771993518   18.816889678   16.541617142   26.882902753
   -1.999195325   -2.771993518   21.876642583   14.977041603   27.125083747
   -1.808795770   -2.771993518   24.403616393   11.576313477   27.752505050
   -1.618396215   -2.771993518   26.397256420    9.896556465   28.487327850
   -1.427996661   -2.771993518   28.418070106   12.035681954   28.738318046
   -1.237597106   -2.771993518   31.220038928   17.880326643   27.881463378
   -1.047197551   -2.771993518   35.336848717   25.338787364   25.569049930
   -0.856797996   -2.771993518   40.787604663   31.358523211   21.888872804
   -0.666398442   -2.771993518   47.019731247   33.098188340   17.284814154
   -0.475998887   -2.771993518   53.033391471   28.906610724   12.322992879
   -0.285599332   -2.771993518   57.658836429   18.649456472    7.415155260
   -0.095199777   -2.771993518   59.847558864    3.687742802    2.692316955
    0.095199777   -2.771993518   58.947529589  -13.214434648   -1.935761388
    0.285599332   -2.771993518   54.954632489  -28.060137752   -6.570804453
    0.475998887   -2.771993518   48.694169434  -36.291655815  -11.099907276
    0.666398442   -2.771993518   41.804227161  -34.232068557  -15.095239946
    0.856797996   -2.771993518   36.386308071  -21.013977158  -17.923657564
    1.047197551   -2.771993518   34.329303053    0.210270524  -19.019440622
    1.237597106   -2.771993518   36.566133789   22.846952428  -18.168078817
    1.427996661   -2.771993518   42.645661566   39.443987570  -15.626738683
    1.618396215   -2.771993518   50.870543383   44.850717013  -11.992530010
    1.808795770   -2.771993518   58.937505055   37.954001941   -7.926047967
    1.999195325   -2.771993518   64.700623340   21.295319600   -3.878310297
    2.189594880   -2.771993518   66.707794225   -0.691112396    0.026957505
    2.379994435   -2.771993518   64.397696778  -23.307857121    3.917923747
    2.570393989   -2.771993518   58.062864671  -42.308495149    7.984573404
    2.760793544   -2.771993518   48.745143117  -54.122696482   12.274141397
    2.951193099   -2.771993518   38.068332238  -56.353243839   16.593101586

   -3.141592654   -2.402394382   35.945828929  -42.135356758   20.796528375
   -2.951193099   -2.402394382   29.108170447  -28.923276981   23.231913302
   -2.760793544   -2.402394382   25.151346152  -12.598236072   24.446761077
   -2.570393989   -2.402394382   24.229497333    2.317469547   24.571533317
   -2.379994435   -2.402394382   25.719585824   12.344712792   23.984364036
   -2.189594880   -2.402394382   28.541458194   16.327885288   23.153868638
   -1.999195325   -2.402394382   31.627277822   15.485471377   22.428949541
   -1.808795770   -2.402394382   34.304777445   12.541276884   21.893045362
   -1.618396215   -2.402394382   36.454013517   10.370451885   21.340442050
   -1.427996661   -2.402394382   38.420149897   10.793345489   20.388458810
   -1.237597106   -2.402394382   40.742117654   13.988054485   18.677326355
   -1.047197551   -2.402394382   43.842455595   18.612055467   16.056946887
   -0.856797996   -2.402394382   47.788830630   22.462125877   12.657907695
   -0.666398442   -2.402394382   52.211943438   23.226011059    8.802242663
   -0.475998887   -2.402394382   56.347028266   19.223261882    4.838645710
   -0.285599332   -2.402394382   59.205491475    9.845827433    0.966943472
   -0.095199777   -2.402394382   59.812552366   -4.139417607   -2.804372243
    0.095199777   -2.402394382   57.495933303  -20.304552207   -6.576301451
    0.285599332   -2.402394382   52.208039710  -34.559302440  -10.378173351
    0.475998887   -2.402394382   44.782748363  -41.937705073  -14.016576477
    0.666398442   -2.402394382   36.949173711  -38.357708649  -17.042967080
    0.856797996   -2.402394382   30.949882058  -22.871004123  -18.895115811
    1.047197551   -2.402394382   28.790617002    1.029356779  -19.137367850
    1.237597106   -2.402394382   31.428522606   26.166712137  -17.679634951
    1.427996661   -2.402394382   38.326808889   44.588840141  -14.824880188
    1.618396215   -2.402394382   47.637000588   50.971739527  -11.118136232
    1.808795770   -2.402394382   56.909517647   44.423792118   -7.101715696
    1.999195325   -2.402394382   63.918997197   27.918628070   -3.103983409
    2.189594880   -2.402394382   67.215552189    6.276161222    0.822886519
    2.379994435   -2.402394382   66.288889926  -15.704528888    4.804999776
    2.570393989   -2.402394382   61.469881155  -34.020296422    8.962790243
    2.760793544   -2.402394382   53.767583389  -45.559401799   13.235795824
    2.951193099   -2.402394382   44.684750963  -48.347547872   17.328907960

   -3.141592654   -2.032795246   42.348780519  -37.888951900   15.460076053
   -2.951193099   -2.032795246   36.121862487  -26.805568554   16.917145404
   -2.760793544   -2.032795246   32.365734747  -12.553426326   17.403902728
   -2.570393989   -2.032795246   31.294858995    0.819452980   17.039476522
   -2.379994435   -2.032795246   32.411916440   10.044873311   16.090478015
   -2.189594880   -2.032795246   34.768189059   13.804478090   14.865719900
   -1.999195325   -2.032795246   37.369719457   12.912298681   13.591022040
   -1.808795770   -2.032795246   39.535481525    9.672841211   12.342592011
   -1.618396215   -2.032795246   41.073952283    6.747084201   11.050379125
   -1.427996661   -2.032795246   42.247487599    6.060055765    9.563067036
   -1.237597106   -2.032795246   43.559105197    8.158291752    7.748318877
   -1.047197551   -2.032795246   45.476846334   12.143860667    5.576072191
   -0.856797996   -2.032795246   48.188746386   16.102861803    3.140330817
   -0.666398442   -2.032795246   51.468035908   17.679617570    0.597377877
   -0.475998887   -2.032795246   54.653248929   14.813390554   -1.918984418
   -0.285599332   -2.032795246   56.767932223    6.377084750   -4.388105715
   -0.095199777   -2.032795246   56.759255306   -7.246831366   -6.898875103
    0.095199777   -2.032795246   53.835452538  -23.647064250   -9.579237167
    0.285599332   -2.032795246   47.866655191  -38.348519671  -12.446919476
    0.475998887   -2.032795246   39.703803780  -45.771252250  -15.293367837
    0.666398442   -2.032795246   31.205497980  -41.326730775  -17.667769296
    0.856797996   -2.032795246   24.804570266  -23.962950309  -19.014542415
    1.047197551   -2.032795246   22.670494358    2.438896547  -18.906018396
    1.237597106   -2.032795246   25.817113218   30.032280892  -17.252827425
    1.427996661   -2.032795246   33.637321671   50.259678473  -14.344006188
    1.618396215   -2.032795246   44.128137933   57.549684227  -10.704421346
    1.808795770   -2.032795246   54.679525104   51.185754200   -6.862457558
    1.999195325   -2.032795246   62.966655774   34.558970737   -3.153804834
    2.189594880   -2.032795246   67.521020745   12.877198867    0.334937157
    2.379994435   -2.032795246   67.864895676   -8.932213877    3.683994754
    2.570393989   -2.032795246   64.356229479  -27.058817274    6.986713514
    2.760793544   -2.032795246   57.972074086  -38.776206067   10.206076642
    2.951193099   -2.032795246   50.110223265  -42.448580581   13.133810803

   -3.141592654   -1.663196111   43.095270716  -37.371077086   14.461886532
   -2.951193099   -1.663196111   36.946814320  -26.511023069   15.098835704
   -2.760793544   -1.663196111   33.222405444  -12.534975052   14.585933359
   -2.570393989   -1.663196111   32.117351704    0.404012460   13.075476845
   -2.379994435   -1.663196111   33.097285176    8.983570666   10.864638726
   -2.189594880   -1.663196111   35.173845705   11.902303008    8.279056711
   -1.999195325   -1.663196111   37.324978619   10.082058801    5.568560693
   -1.808795770   -1.663196111   38.868813458    6.002287407    2.882069696
   -1.618396215   -1.663196111   39.650190239    2.532881345    0.299744732
   -1.427996661   -1.663196111   40.007151273    1.793444245   -2.121812686
   -1.237597106   -1.663196111   40.548123476    4.434927894   -4.313564963
   -1.047197551   -1.663196111   41.851574993    9.495378461   -6.190004297
   -0.856797996   -1.663196111   44.185697974   14.796867226   -7.673558287
   -0.666398442   -1.663196111   47.336651128   17.582942870   -8.743759983
   -0.475998887   -1.663196111   50.579729812   15.401059836   -9.465468071
   -0.285599332   -1.663196111   52.812739875    6.908249245  -10.010036956
   -0.095199777   -1.663196111   52.840727453   -7.498492712  -10.609061171
    0.095199777   -1.663196111   49.756482455  -25.113989147  -11.475906810
    0.285599332   -1.663196111   43.391419541  -40.988121747  -12.679089585
    0.475998887   -1.663196111   34.657804993  -48.985900964  -14.058490154
    0.666398442   -1.663196111   25.572226208  -44.092774763  -15.229641716
    0.856797996   -1.663196111   18.776296643  -25.179063526  -15.717507699
    1.047197551   -1.663196111   16.621926775    3.508416951  -15.158127465
    1.237597106   -1.663196111   20.201608939   33.451482416  -13.476357628
    1.427996661   -1.663196111   28.852641514   55.412414574  -10.898719043
    1.618396215   -1.663196111   40.411509470   63.433648882   -7.822431798
    1.808795770   -1.663196111   52.073154540   56.819755000   -4.624096107
    1.999195325   -1.663196111   61.354479398   39.291094063   -1.512753974
    2.189594880   -1.663196111   66.703032023   16.475505168    1.488793291
    2.379994435   -1.663196111   67.629199774   -6.382843215    4.457187363
    2.570393989   -1.663196111   64.524412200  -25.325658122    7.431271388
    2.760793544   -1.663196111   58.412672775  -37.614836186   10.296009980
    2.951193099   -1.663196111   50.733566365  -41.667447119   12.762744264

   -3.141592654   -1.293596975   43.706884844  -38.649268747   10.612222020
   -2.951193099   -1.293596975   37.232130217  -28.641674474   10.454515736
   -2.760793544   -1.293596975   33.037647759  -15.302242599    9.333556863
   -2.570393989   -1.293596975   31.364781129   -2.761925862    7.394722047
   -2.379994435   -1.293596975   31.716844710    5.567327017    4.844181673
   -2.189594880   -1.293596975   33.121313963    8.254895983    1.860461923
   -1.999195325   -1.293596975   34.553676444    6.180573525   -1.436821672
   -1.808795770   -1.293596975   35.335522134    1.932192425   -4.927123349
   -1.618396215   -1.293596975   35.347586113   -1.409483925   -8.406558512
   -1.427996661   -1.293596975   35.003855531   -1.531538503  -11.564098186
   -1.237597106   -1.293596975   35.012499267    2.255050262  -14.039770573
   -1.047197551   -1.293596975   36.039497443    8.811550655  -15.545699958
   -0.856797996   -1.293596975   38.389695493   15.621052066  -15.979256752
   -0.666398442   -1.293596975   41.813847617   19.540028520  -15.476182251
   -0.475998887   -1.293596975   45.486661010   17.829525844  -14.362832613
   -0.285599332   -1.293596975   48.166521823    9.047350103  -13.059041337
   -0.095199777   -1.293596975   48.519603500   -6.321167499  -11.944096977
    0.095199777   -1.293596975   45.534099663  -25.288039815  -11.256909898
    0.285599332   -1.293596975   39.006556827  -42.472479690  -11.012188771
    0.475998887   -1.293596975   29.905993826  -51.226581895  -11.004561672
    0.666398442   -1.293596975   20.397263948  -46.122396246  -10.883832648
    0.856797996   -1.293596975   13.320975109  -25.935276804  -10.306672946
    1.047197551   -1.293596975   11.207167591    4.751897837   -9.093440363
    1.237597106   -1.293596975   15.228273417   36.792384560   -7.315761444
    1.427996661   -1.293596975   24.676494021   60.308180430   -5.224806157
    1.618396215   -1.293596975   37.245597448   68.984591956   -3.103345521
    1.808795770   -1.293596975   49.955703041   62.152206362   -1.119972675
    1.999195325   -1.293596975   60.182287669   43.816744510    0.726573992
    2.189594880   -1.293596975   66.295183200   19.961620508    2.547366345
    2.379994435   -1.293596975   67.786024411   -3.925866864    4.451184111
    2.570393989   -1.293596975   65.058271915  -23.810724569    6.435075227
    2.760793544   -1.293596975   59.148983063  -37.006027442    8.329801694
    2.951193099   -1.293596975   51.497555143  -41.994470392    9.831266435

   -3.141592654   -0.923997839   44.896368193  -40.278381181    5.251717357
   -2.951193099   -0.923997839   38.008526260  -31.310262688    4.022005494
   -2.760793544   -0.923997839   33.231800062  -18.681776778    2.077233389
   -2.570393989   -0.923997839   30.877040459   -6.495084246   -0.382668461
   -2.379994435   -0.923997839   30.502624312    1.685149927   -3.177500169
   -2.189594880   -0.923997839   31.154358696    4.215861027   -6.220106206
   -1.999195325   -0.923997839   31.794802223    1.889957344   -9.484573294
   -1.808795770   -0.923997839   31.736392300   -2.574707952  -12.879623072
   -1.618396215   -0.923997839   30.892803894   -5.810656534  -16.135223931
   -1.427996661   -0.923997839   29.767031206   -5.227730515  -18.806662702
   -1.237597106   -0.923997839   29.193179005   -0.053055906  -20.410216964
   -1.047197551   -0.923997839   29.954223726    8.385221988  -20.629251215
   -0.856797996   -0.923997839   32.411723734   17.146892278  -19.465405283
   -0.666398442   -0.923997839   36.281969401   22.591228917  -17.253347011
   -0.475998887   -0.923997839   40.618045928   21.584215158  -14.528654834
   -0.285599332   -0.923997839   44.002356495   12.533073617  -11.828628944
   -0.095199777   -0.923997839   44.924912253   -3.943582373   -9.513047320
    0.095199777   -0.923997839   42.248902056  -24.438904658   -7.686370538
    0.285599332   -0.923997839   35.744732682  -42.999426909   -6.207728562
    0.475998887   -0.923997839   26.466878419  -52.407875239   -4.812331320
    0.666398442   -0.923997839   16.753037418  -46.924992011   -3.271114282
    0.856797996   -0.923997839    9.635618636  -25.454042629   -1.531294964
    1.047197551   -0.923997839    7.771800842    6.887513867    0.245052551
    1.237597106   -0.923997839   12.340482200   40.304675153    1.760828168
    1.427996661   -0.923997839   22.533558727   64.478389820    2.773809151
    1.618396215   -0.923997839   35.898966925   73.064196318    3.235669478
    1.808795770   -0.923997839   49.337935882   65.681521946    3.320264213
    1.999195325   -0.923997839   60.173552862   46.688451628    3.328510160
    2.189594880   -0.923997839   66.778602072   22.280907983    3.529259944
    2.379994435   -0.923997839   68.666607977   -2.067870930    4.035922245
    2.570393989   -0.923997839   66.245126978  -22.478542580    4.755055718
    2.760793544   -0.923997839   60.521736414  -36.433819578    5.418205708
    2.951193099   -0.923997839   52.884771283  -42.455724695    5.679300119

   -3.141592654   -0.554398704   45.730897039  -43.072333805    1.152300545
   -2.951193099   -0.554398704   38.186843624  -35.341263676   -0.907537572
   -2.760793544   -0.554398704   32.560216466  -23.480469830   -3.466181897
   -2.570393989   -0.554398704   29.258202622  -11.579086515   -6.262471435
   -2.379994435   -0.554398704   27.910657551   -3.436692927   -9.118524733
   -2.189594880   -0.554398704   27.583556357   -0.958541467  -12.006943750
   -1.999195325   -0.554398704   27.229142244   -3.376205134  -14.963148013
   -1.808795770   -0.554398704   26.175615832   -7.682718130  -17.899958475
   -1.618396215   -0.554398704   24.424944176  -10.089893688  -20.479172092
   -1.427996661   -0.554398704   22.634630711   -7.776964113  -22.168183019
   -1.237597106   -0.554398704   21.800572296   -0.150609041  -22.467113929
   -1.047197551   -0.554398704   22.794334050   10.901834195  -21.176985186
   -0.856797996   -0.554398704   25.942934082   21.756288791  -18.530657916
   -0.666398442   -0.554398704   30.812384517   28.285674071  -15.100553180
   -0.475998887   -0.554398704   36.246655961   27.246644829  -11.553837079
   -0.285599332   -0.554398704   40.634492753   17.303711387   -8.378119591
   -0.095199777   -0.554398704   42.346738472   -0.442860195   -5.723477158
    0.095199777   -0.554398704   40.225920048  -22.042622559   -3.411381938
    0.285599332   -0.554398704   34.115508764  -41.145630976   -1.077440578
    0.475998887   -0.554398704   25.194028666  -50.420117381    1.585941322
    0.666398442   -0.554398704   15.911297011  -44.356564037    4.607483285
    0.856797996   -0.554398704    9.340645668  -22.340816463    7.644943303
    1.047197551   -0.554398704    8.084781698   10.030674356   10.100749095
    1.237597106   -0.554398704   13.200651408   42.794650764   11.398430621
    1.427996661   -0.554398704   23.766062121   65.855592898   11.295197860
    1.618396215   -0.554398704   37.286077072   73.350516070   10.005366166
    1.808795770   -0.554398704   50.709570186   65.329949430    8.091286821
    1.999195325   -0.554398704   61.464972102   46.289515673    6.197893637
    2.189594880   -0.554398704   68.024860078   22.244415043    4.782278899
    2.379994435   -0.554398704   69.945547765   -1.719905096    3.975614547
    2.570393989   -0.554398704   67.600087036  -22.115376418    3.591411046
    2.760793544   -0.554398704   61.899528341  -36.661387452    3.245735595
    2.951193099   -0.554398704   54.116451755  -43.841217769    2.524785077

   -3.141592654   -0.184799568   45.530450613  -46.853243972   -1.916590611
   -2.951193099   -0.184799568   37.162249259  -40.126744728   -4.162954616
   -2.760793544   -0.184799568   30.566478698  -28.775132074   -6.676189394
   -2.570393989   -0.184799568   26.245385782  -16.929695256   -9.218900146
   -2.379994435   -0.184799568   23.889981501   -8.669098874  -11.668087169
   -2.189594880   -0.184799568   22.574232570   -6.123505543  -14.055217073
   -1.999195325   -0.184799568   21.243678421   -8.427162447  -16.440926681
   -1.808795770   -0.184799568   19.273060625  -12.139268929  -18.713352630
   -1.618396215   -0.184799568   16.803699361  -12.999230661  -20.480340047
   -1.427996661   -0.184799568   14.691804900   -8.091504949  -21.179087307
   -1.237597106   -0.184799568   14.095863788    2.689836086  -20.361561150
   -1.047197551   -0.184799568   15.911537190   16.557520237  -17.980922670
   -0.856797996   -0.184799568   20.314362785   29.029514516  -14.474454865
   -0.666398442   -0.184799568   26.599182295   35.619608458  -10.572262836
   -0.475998887   -0.184799568   33.331484372   33.388486599   -6.964148830
   -0.285599332   -0.184799568   38.730194180   21.773700412   -3.985981664
   -0.095199777   -0.184799568   41.160983190    2.759527370   -1.513207622
    0.095199777   -0.184799568   39.608311687  -19.085915746    0.923764103
    0.285599332   -0.184799568   34.126323661  -37.350782391    3.857495260
    0.475998887   -0.184799568   26.057621536  -45.243091001    7.546102509
    0.666398442   -0.184799568   17.870792279  -38.182971729   11.740205058
    0.856797996   -0.184799568   12.478167604  -16.411654348   15.690628452
    1.047197551   -0.184799568   12.204784842   14.160498630   18.435444934
    1.237597106   -0.184799568   17.842674938   44.036427147   19.234879472
    1.427996661   -0.184799568   28.352971090   64.110227051   17.937274850
    1.618396215   -0.184799568   41.321592030   69.513278826   15.034049097
    1.808795770   -0.184799568   53.925046574   60.792995110   11.413380219
    1.999195325   -0.184799568   63.851862466   42.291302109    7.965144030
    2.189594880   -0.184799568   69.757896094   19.421141240    5.256787368
    2.379994435   -0.184799568   71.252184753   -3.444045637    3.413013027
    2.570393989   -0.184799568   68.637782052  -23.345407437    2.185840645
    2.760793544   -0.184799568   62.684626758  -38.215091109    1.139940544
    2.951193099   -0.184799568   54.519099981  -46.388253380   -0.146230273

   -3.141592654    0.184799568   44.631628126  -50.043972475   -4.683932479
   -2.951193099    0.184799568   35.602898455  -43.798174008   -6.531456717
   -2.760793544    0.184799568   28.288121055  -32.589082062   -8.333291490
   -2.570393989    0.184799568   23.248029515  -20.641735973   -9.995019092
   -2.379994435    0.184799568   20.198105702  -12.265708938  -11.534612542
   -2.189594880    0.184799568   18.201693365   -9.680368392  -13.060219553
   -1.999195325    0.184799568   16.206817691  -11.783434628  -14.625674415
   -1.808795770    0.184799568   13.663152540  -14.654762130  -16.066091446
   -1.618396215    0.184799568   10.873940533  -13.668372613  -16.956104514
   -1.427996661    0.184799568    8.883374400   -6.048295574  -16.772212366
   -1.237597106    0.184799568    8.953547980    7.579632803  -15.186451217
   -1.047197551    0.184799568   11.910353803   23.427860155  -12.309745843
   -0.856797996    0.184799568   17.686170422   36.294207491   -8.695929714
   -0.666398442    0.184799568   25.262087462   41.686021295   -5.075673044
   -0.475998887    0.184799568   32.959465600   37.398966638   -1.995305183
   -0.285599332    0.184799568   38.936169872   23.961089209    0.463959833
   -0.095199777    0.184799568   41.699056568    4.307821385    2.701462537
    0.095199777    0.184799568   40.505825449  -16.609015748    5.370118028
    0.285599332    0.184799568   35.684642614  -32.763253019    8.997919430
    0.475998887    0.184799568   28.711638389  -38.413779178   13.629023973
    0.666398442    0.184799568   21.957427527  -30.265737601   18.658055669
    0.856797996    0.184799568   18.017414027   -9.462077233   22.980311940
    1.047197551    0.184799568   18.806335363   18.062930239   25.431424724
    1.237597106    0.184799568   24.795033835   43.743827950   25.303501049
    1.427996661    0.184799568   34.859259298   59.882817296   22.667630287
    1.618396215    0.184799568   46.757116539   62.801861349   18.304596710
    1.808795770    0.184799568   57.996896683   53.490470413   13.328117315
    1.999195325    0.184799568   66.604309152   35.934602234    8.721501571
    2.189594880    0.184799568   71.454586819   14.736646216    5.034502169
    2.379994435    0.184799568   72.213666012   -6.560543307    2.335142024
    2.570393989    0.184799568   69.106845165  -25.534560377    0.353128225
    2.760793544    0.184799568   62.760992028  -40.271870258   -1.295390138
    2.951193099    0.184799568   54.165552588  -48.913553154   -2.926150093

   -3.141592654    0.554398704   45.109145993  -51.224391224   -4.664022490
   -2.951193099    0.554398704   35.791018058  -45.634852958   -5.593745702
   -2.760793544    0.554398704   28.069115568  -34.991049776   -6.365859143
   -2.570393989    0.554398704   22.531887398  -23.424863744   -7.034381199
   -2.379994435    0.554398704   18.930191611  -15.249502382   -7.695076163
   -2.189594880    0.554398704   16.362185381  -12.657914414   -8.442685488
   -1.999195325    0.554398704   13.827552614  -14.394211315   -9.274053249
   -1.808795770    0.554398704   10.867176392  -16.305697413  -10.012566385
   -1.618396215    0.554398704    7.910059668  -13.679419585  -10.325636848
   -1.427996661    0.554398704    6.109496590   -4.021678979   -9.865078195
   -1.237597106    0.554398704    6.747199119   11.406826339   -8.467054068
   -1.047197551    0.554398704   10.535927201   28.138895768   -6.285747467
   -0.856797996    0.554398704   17.195593219   40.675587995   -3.743416235
   -0.666398442    0.554398704   25.498387108   44.847119488   -1.300999269
   -0.475998887    0.554398704   33.668482644   39.273865773    0.801619937
   -0.285599332    0.554398704   39.939504463   25.374341790    2.711909832
   -0.095199777    0.554398704   43.034412489    6.621056872    4.904383381
    0.095199777    0.554398704   42.469904504  -12.165623446    7.946887556
    0.285599332    0.554398704   38.740171718  -25.769968486   12.154577893
    0.475998887    0.554398704   33.287225589  -29.683273121   17.308235114
    0.666398442    0.554398704   28.214667005  -21.726193387   22.572769617
    0.856797996    0.554398704   25.696145327   -3.454332420   26.722382156
    1.047197551    0.554398704   27.238747318   19.766998114   28.614578520
    1.237597106    0.554398704   33.095235177   40.716674011   27.685460880
    1.427996661    0.554398704   42.204750638   53.163022948   24.194374019
    1.618396215    0.554398704   52.623998027   54.351339012   19.072658932
    1.808795770    0.554398704   62.253914762   45.331031945   13.499092708
    1.999195325    0.554398704   69.452332522   29.455454375    8.442778669
    2.189594880    0.554398704   73.275600513   10.444021911    4.408039143
    2.379994435    0.554398704   73.411739592   -8.902341292    1.442583579
    2.570393989    0.554398704   69.994834468  -26.577531867   -0.687817790
    2.760793544    0.554398704   63.512036051  -40.785812138   -2.282456161
    2.951193099    0.554398704   54.814256365  -49.559194949   -3.569742507

   -3.141592654    0.923997839   44.253136769  -51.874660804   -5.349097185
   -2.951193099    0.923997839   34.849458217  -45.864320957   -5.176711794
   -2.760793544    0.923997839   27.117530459  -34.876645796   -4.623329909
   -2.570393989    0.923997839   21.621469202  -23.138619134   -3.946852326
   -2.379994435    0.923997839   18.071048935  -15.038025590   -3.399139174
   -2.189594880    0.923997839   15.518230804  -12.735034751   -3.141007031
   -1.999195325    0.923997839   12.935978636  -14.803888869   -3.183699468
   -1.808795770    0.923997839    9.879841425  -16.851341405   -3.394510821
   -1.618396215    0.923997839    6.834043767  -14.004780187   -3.553061251
   -1.427996661    0.923997839    5.018024000   -3.829289874   -3.437178460
   -1.237597106    0.923997839    5.747929473   12.154957448   -2.911128281
   -1.047197551    0.923997839    9.715177384   29.202019279   -1.974487656
   -0.856797996    0.923997839   16.582082495   41.748856800   -0.733022742
   -0.666398442    0.923997839   25.083536882   45.885772038    0.697847777
   -0.475998887    0.923997839   33.477847235   40.698651103    2.301396704
   -0.285599332    0.923997839   40.119720837   27.998911193    4.233339262
   -0.095199777    0.923997839   43.899849647   11.322301029    6.775533165
    0.095199777    0.923997839   44.470733975   -4.923445903   10.198957644
    0.285599332    0.923997839   42.340258359  -16.360621141   14.530388109
    0.475998887    0.923997839   38.782676373  -19.491601506   19.368650157
    0.666398442    0.923997839   35.559141708  -12.883916384   23.863568995
    0.856797996    0.923997839   34.419595815    1.862399759   26.950028825
    1.047197551    0.923997839   36.520575931   20.192791031   27.759320834
    1.237597106    0.923997839   41.981447914   36.266494491   26.004450679
    1.427996661    0.923997839   49.877550826   45.177199445   22.100688511
    1.618396215    0.923997839   58.600949756   44.878621845   16.958405108
    1.808795770    0.923997839   66.442414811   36.288651094   11.594897238
    1.999195325    0.923997839   72.062618974   22.045688854    6.772540497
    2.189594880    0.923997839   74.664686352    5.023391386    2.846882140
    2.379994435    0.923997839   73.941342311  -12.587209547   -0.165455216
    2.570393989    0.923997839   69.949118877  -29.019427504   -2.405276683
    2.760793544    0.923997839   63.082797068  -42.425815257   -3.994210049
    2.951193099    0.923997839   54.125800640  -50.658836836   -4.974114393

   -3.141592654    1.293596975   40.529198546  -52.363011162   -9.243802969
   -2.951193099    1.293596975   31.195537713  -44.684047778   -8.922599247
   -2.760793544    1.293596975   23.806890171  -32.568097038   -7.821778528
   -2.570393989    1.293596975   18.794565891  -20.498071330   -6.234721421
   -2.379994435    1.293596975   15.716700129  -12.823599509   -4.483664219
   -2.189594880    1.293596975   13.503155356  -11.441723373   -2.809417832
   -1.999195325    1.293596975   11.063098787  -14.607436407   -1.323895063
   -1.808795770    1.293596975    7.946484130  -17.646812853   -0.050839696
   -1.618396215    1.293596975    4.679581298  -15.461975593    1.009852269
   -1.427996661    1.293596975    2.562673898   -5.440707392    1.854168601
   -1.237597106    1.293596975    3.020762848   11.005551771    2.486613036
   -1.047197551    1.293596975    6.862692829   29.116560963    2.953366109
   -0.856797996    1.293596975   13.852084694   43.166137643    3.366760490
   -0.666398442    1.293596975   22.784174866   48.993516605    3.910068461
   -0.475998887    1.293596975   31.928324911   45.443406437    4.815883607
   -0.285599332    1.293596975   39.613759899   34.171683680    6.340592231
   -0.095199777    1.293596975   44.683143817   18.637480018    8.692767880
    0.095199777    1.293596975   46.724126107    3.111542125   11.940537286
    0.285599332    1.293596975   46.139939471   -8.301935182   15.869961622
    0.475998887    1.293596975   44.037975318  -12.461579973   19.916215567
    0.666398442    1.293596975   41.956358745   -8.120072377   23.231230859
    0.856797996    1.293596975   41.424681922    3.361473688   24.942353843
    1.047197551    1.293596975   43.469068787   18.120135261   24.494452234
    1.237597106    1.293596975   48.233098957   31.175809871   21.907641100
    1.427996661    1.293596975   54.963929515   38.242560990   17.756060779
    1.618396215    1.293596975   62.295936862   37.389887502   12.898040560
    1.808795770    1.293596975   68.736736841   29.172659035    8.123157814
    1.999195325    1.293596975   73.071077003   15.674114583    3.898818410
    2.189594880    1.293596975   74.528043282   -0.658576394    0.339483309
    2.379994435    1.293596975   72.775061538  -17.738114493   -2.651964720
    2.570393989    1.293596975   67.853142716  -33.598325129   -5.186126727
    2.760793544    1.293596975   60.194407155  -46.086657985   -7.241960888
    2.951193099    1.293596975   50.666369509  -52.904213755   -8.658982470

   -3.141592654    1.663196111   34.936015172  -53.892307773  -15.350335223
   -2.951193099    1.663196111   25.538151447  -43.849857411  -15.353603937
   -2.760793544    1.663196111   18.500907458  -29.836580133  -14.035807430
   -2.570393989    1.663196111   14.121939960  -16.729747229  -11.646554557
   -2.379994435    1.663196111   11.789628522   -8.887470410   -8.551829498
   -2.189594880    1.663196111   10.291978475   -7.928327162   -5.116337456
   -1.999195325    1.663196111    8.456916316  -11.791598866   -1.647568672
   -1.808795770    1.663196111    5.803202109  -15.605293761    1.574177687
   -1.618396215    1.663196111    2.852950312  -14.165242569    4.267279126
   -1.427996661    1.663196111    0.923451385   -4.734436878    6.191185177
   -1.237597106    1.663196111    1.486304425   11.462148794    7.239577486
   -1.047197551    1.663196111    5.431982688   29.829451446    7.522567740
   -0.856797996    1.663196111   12.625464995   44.668389096    7.360990999
   -0.666398442    1.663196111   21.952147022   51.671141302    7.191557765
   -0.475998887    1.663196111   31.731516832   49.437738373    7.420596681
   -0.285599332    1.663196111   40.296070719   39.368063148    8.317607402
   -0.095199777    1.663196111   46.444239122   24.698940986    9.953184742
    0.095199777    1.663196111   49.677136263    9.444683118   12.187247868
    0.285599332    1.663196111   50.259687783   -2.547413012   14.655184850
    0.475998887    1.663196111   49.118035855   -8.301573705   16.812174567
    0.666398442    1.663196111   47.601800952   -6.455739719   18.051134266
    0.856797996    1.663196111   47.110793395    2.111101934   17.908738566
    1.047197551    1.663196111   48.657950591   14.259548337   16.258538905
    1.237597106    1.663196111   52.507628869   25.616145339   13.392551349
    1.427996661    1.663196111   58.107213946   32.089774868    9.874215704
    1.618396215    1.663196111   64.281068979   31.473694005    6.279602699
    1.808795770    1.663196111   69.644745978   23.771342684    2.961069497
    1.999195325    1.663196111   72.985494841   10.575346677   -0.040650564
    2.189594880    1.663196111   73.466708728   -5.870886865   -2.901018613
    2.379994435    1.663196111   70.688141208  -23.304317085   -5.818037870
    2.570393989    1.663196111   64.684216499  -39.316019608   -8.827235631
    2.760793544    1.663196111   55.973519628  -51.269133319  -11.708712243
    2.951193099    1.663196111   45.582016712  -56.624993138  -14.037450519

   -3.141592654    2.032795246   27.961224333  -56.801923304  -16.678257224
   -2.951193099    2.032795246   18.276431409  -43.901999664  -16.541683704
   -2.760793544    2.032795246   11.506618694  -27.033014351  -14.919250126
   -2.570393989    2.032795246    7.895630341  -11.581124888  -12.062589285
   -2.379994435    2.032795246    6.705214778   -2.182801021   -8.356487359
   -2.189594880    2.032795246    6.565378626   -0.509606587   -4.179098659
   -1.999195325    2.032795246    6.146342002   -4.468637709    0.149933548
   -1.808795770    2.032795246    4.817360778   -9.134598961    4.312436329
   -1.618396215    2.032795246    2.966715781   -9.171484541    7.937293020
   -1.427996661    2.032795246    1.818848404   -1.541685788   10.646562535
   -1.237597106    2.032795246    2.825616453   12.988109432   12.190659083
   -1.047197551    2.032795246    6.949108592   30.284879802   12.587519483
   -0.856797996    2.032795246   14.194244200   44.887620133   12.148224050
   -0.666398442    2.032795246   23.602126585   52.393886293   11.363897269
   -0.475998887    2.032795246   33.601803181   51.046289380   10.704723653
   -0.285599332    2.032795246   42.556576943   41.805732111   10.452125547
   -0.095199777    2.032795246   49.216400301   27.537667211   10.611938425
    0.095199777    2.032795246   52.976185774   12.012616860   10.940359528
    0.285599332    2.032795246   53.962822302   -0.996406019   11.028087648
    0.475998887    2.032795246   52.968017077   -8.391461423   10.463336583
    0.666398442    2.032795246   51.252432560   -8.454498917    9.008265933
    0.856797996    2.032795246   50.214217907   -1.546712980    6.734811864
    1.047197551    2.032795246   50.962238563    9.683049497    4.019326018
    1.237597106    2.032795246   53.925917261   21.031708556    1.400514790
    1.427996661    2.032795246   58.708960764   28.168935454   -0.690862583
    1.618396215    2.032795246   64.214167999   28.345405685   -2.127070813
    1.808795770    2.032795246   69.026984637   21.008935616   -3.123347071
    1.999195325    2.032795246   71.819965659    7.460546107   -4.111645460
    2.189594880    2.032795246   71.620382412   -9.985831944   -5.521433002
    2.379994435    2.032795246   67.938900256  -28.664897541   -7.584418510
    2.570393989    2.032795246   60.816806538  -45.591532780  -10.217116635
    2.760793544    2.032795246   50.890696261  -57.573861354  -13.017189624
    2.951193099    2.032795246   39.388757619  -61.771777340  -15.374556313

   -3.141592654    2.402394382   21.000300370  -60.108339935  -10.405982218
   -2.951193099    2.402394382   10.963868628  -44.209549956   -9.480123129
   -2.760793544    2.402394382    4.444942976  -24.118087607   -7.481907341
   -2.570393989    2.402394382    1.671566016   -5.795992301   -4.668415687
   -2.379994435    2.402394382    1.800574218    5.753334124   -1.320398180
   -2.189594880    2.402394382    3.308358125    8.710601254    2.375726662
   -1.999195325    2.402394382    4.694653672    5.116771670    6.311904682
   -1.808795770    2.402394382    5.150253458   -0.135351632   10.319379855
   -1.618396215    2.402394382    4.883747564   -1.671996603   14.050375893
   -1.427996661    2.402394382    4.963383718    3.765219865   17.009867197
   -1.237597106    2.402394382    6.748202892   15.850866429   18.739395330
   -1.047197551    2.402394382   11.204149574   30.992891286   19.044026889
   -0.856797996    2.402394382   18.434309910   44.152054860   18.097762094
   -0.666398442    2.402394382   27.631658065   51.033462368   16.362214985
   -0.475998887    2.402394382   37.363991792   49.653981794   14.368431082
   -0.285599332    2.402394382   46.067159530   40.526457964   12.489708105
   -0.095199777    2.402394382   52.471859044   26.049448160   10.812301263
    0.095199777    2.402394382   55.880174262    9.693897854    9.144956624
    0.285599332    2.402394382   56.299526419   -4.709417677    7.142497920
    0.475998887    2.402394382   54.449751442  -13.625469110    4.524172489
    0.666398442    2.402394382   51.629367842  -14.665482744    1.284120502
    0.856797996    2.402394382   49.401035965   -7.612591201   -2.210301738
    1.047197551    2.402394382   49.110452448    5.045718366   -5.326590230
    1.237597106    2.402394382   51.399247660   18.663353413   -7.432367039
    1.427996661    2.402394382   55.954345702   28.070392395   -8.224334432
    1.618396215    2.402394382   61.594107427   29.667210300   -7.868650927
    1.808795770    2.402394382   66.689442376   22.423636635   -6.918973225
    1.999195325    2.402394382   69.655489208    7.679354689   -6.059616543
    2.189594880    2.402394382   69.311638277  -11.804796895   -5.822319068
    2.379994435    2.402394382   65.070234498  -32.690390902   -6.411601781
    2.570393989    2.402394382   57.007893447  -51.296885169   -7.662120731
    2.760793544    2.402394382   45.919821513  -63.852743176   -9.119695432
    2.951193099    2.402394382   33.278883401  -67.220027019  -10.202544812

   -3.141592654    2.771993518   18.128999356  -60.091278098    0.384971375
   -2.951193099    2.771993518    8.236646198  -42.728722432    2.344289788
   -2.760793544    2.771993518    2.131635967  -21.304322414    4.700137289
   -2.570393989    2.771993518    0.000000000   -1.913448395    7.277083645
   -2.379994435    2.771993518    0.953954545   10.518160591    9.996520162
   -2.189594880    2.771993518    3.448932962   14.313607166   12.911013873
   -1.999195325    2.771993518    5.978305131   11.491939042   16.099046997
   -1.808795770    2.771993518    7.697136771    6.666042689   19.475518263
   -1.618396215    2.771993518    8.709889927    4.811832856   22.667544333
   -1.427996661    2.771993518    9.916367324    8.953522408   25.076175325
   -1.237597106    2.771993518   12.496554240   18.910782055   26.112443747
   -1.047197551    2.771993518   17.301752890   31.594717603   25.477556985
   -0.856797996    2.771993518   24.431137369   42.576305001   23.302922308
   -0.666398442    2.771993518   33.174014500   47.959050210   20.072180304
   -0.475998887    2.771993518   42.234878990   45.766767908   16.384659786
   -0.285599332    2.771993518   50.153513986   36.196256427   12.690724132
   -0.095199777    2.771993518   55.689765397   21.219190844    9.141516040
    0.095199777    2.771993518   58.106226719    4.049598636    5.606877394
    0.285599332    2.771993518   57.354814373  -11.367111883    1.836254134
    0.475998887    2.771993518   54.157723929  -21.020934710   -2.291632424
    0.666398442    2.771993518   49.924182679  -21.915461163   -6.566533292
    0.856797996    2.771993518   46.427887361  -13.455643886  -10.420324759
    1.047197551    2.771993518   45.250902776    1.742436289  -13.131038406
    1.237597106    2.771993518   47.194950734   18.351234203  -14.154554933
    1.427996661    2.771993518   51.946152814   30.301680346  -13.421070731
    1.618396215    2.771993518   58.162880569   33.272722012  -11.370079427
    1.808795770    2.771993518   63.963676719   26.010249335   -8.747123233
    1.999195325    2.771993518   67.518789869   10.141904748   -6.280890219
    2.189594880    2.771993518   67.489530966  -10.995836752   -4.421593965
    2.379994435    2.771993518   63.246924359  -33.444214570   -3.252322245
    2.570393989    2.771993518   54.934058675  -53.047988996   -2.549446836
    2.760793544    2.771993518   43.483136588  -65.768769268   -1.934017456
    2.951193099    2.771993518   30.529974970  -68.462626171   -1.032892373
