#! FIELDS phi psi file.free der_phi der_psi
#! SET min_phi -pi
#! SET max_phi pi
#! SET nbins_phi  33
#! SET periodic_phi true
#! SET min_psi -pi
#! SET max_psi pi
#! SET nbins_psi  17
#! SET periodic_psi true
   -3.141592654   -3.141592654   19.810255690  -55.539763332   13.819612545
   -2.951193099   -3.141592654   10.988657131  -36.418838397   16.709419933
   -2.760793544   -3.141592654    6.084900885  -15.412997283   18.955836634
   -2.570393989   -3.141592654    4.892131607    1.820690535   20.588549322
   -2.379994435   -3.141592654    6.310326842   11.713749763   21.906669773
   -2.189594880   -3.141592654    8.869093591   14.056696712   23.387166496
   -1.999195325   -3.141592654   11.361098879   11.660237803   25.439309663
   -1.808795770   -3.141592654   13.288369934    8.863789133   28.122435948
   -1.618396215   -3.141592654   14.962517593    9.513737139   31.007063094
   -1.427996661   -3.141592654   17.250437170   15.369688884   33.295980120
   -1.237597106   -3.141592654   21.099411802   25.527500846   34.160871782
   -1.047197551   -3.141592654   27.066688533   36.960443333   33.120740805
   -0.856797996   -3.141592654   35.026174025   45.820404396   30.219518597
   -0.666398442   -3.141592654   44.157914736   48.762541223   25.922490818
   -0.475998887   -3.141592654   53.126666929   43.943922553   20.843122208
   -0.285599332   -3.141592654   60.416250023   31.296052717   15.449379211
   -0.095199777   -3.141592654   64.672885492   12.546216581    9.942588109
    0.095199777   -3.141592654   65.035808813   -8.898308198    4.325298881
    0.285599332   -3.141592654   61.433387507  -28.231121818   -1.400906688
    0.475998887   -3.141592654   54.777677204  -40.112687928   -7.029243793
    0.666398442   -3.141592654   46.926284228  -40.270042221  -12.061581400
    0.856797996   -3.141592654   40.290235351  -27.499591102  -15.828046839
    1.047197551   -3.141592654   37.101836505   -4.947506864  -17.762389461
    1.237597106   -3.141592654   38.596493591   20.336363537  -17.673043165
    1.427996661   -3.141592654   44.486405320   39.875426700  -15.851477278
    1.618396215   -3.141592654   53.001501995   47.152593904  -12.916418500
    1.808795770   -3.141592654   61.514670545   39.888701149   -9.529380183
    1.999195325   -3.141592654   67.408131140   20.334793934   -6.138187401
    2.189594880   -3.141592654   68.812867670   -6.216402516   -2.886829686
    2.379994435   -3.141592654   65.002075093  -33.392211923    0.303174303
    2.570393989   -3.141592654   56.439626556  -55.228952913    3.577389620
    2.760793544   -3.141592654   44.603822444  -67.199287654    7.001506645
    2.951193099   -3.141592654   31.631011259  -67.059772368   10.490590392

   -3.141592654   -2.771993518   28.164790739  -49.580528245   22.293616488
   -2.951193099   -2.771993518   20.267802358  -32.731721892   24.912288055
   -2.760793544   -2.771993518   15.848640632  -13.945705263   26.380327522
   -2.570393989   -2.771993518   14.776636142    1.791278384   26.903605825
   -2.379994435   -2.771993518   16.141108033   11.400958439   26.964785182
   -2.189594880   -2.771993518   18.715675621   14.719120740   27.161974031
   -1.999195325   -2.771993518   21.493105077   14.052198727   27.944080764
   -1.808795770   -2.771993518   24.035372274   12.819475574   29.372843659
   -1.618396215   -2.771993518   26.527421300   13.900380741   31.033705174
   -1.427996661   -2.771993518   29.558055599   18.492035913   32.168161191
   -1.237597106   -2.771993518   33.749274120   25.787450579   31.982406599
   -1.047197551   -2.771993518   39.411544305   33.431738253   29.991906384
   -0.856797996   -2.771993518   46.330078882   38.495605893   26.199995043
   -0.666398442   -2.771993518   53.760466576   38.406945706   21.036472527
   -0.475998887   -2.771993518   60.559040573   31.725201541   15.137220523
   -0.285599332   -2.771993518   65.441226362   18.429123611    9.067255505
   -0.095199777   -2.771993518   67.269204656    0.062803557    3.183366430
    0.095199777   -2.771993518   65.355476029  -20.208244422   -2.353350952
    0.285599332   -2.771993518   59.760917969  -37.749258673   -7.433438963
    0.475998887   -2.771993518   51.505798161  -47.302772124  -11.846735005
    0.666398442   -2.771993518   42.542449827  -44.686204742  -15.230421122
    0.856797996   -2.771993518   35.348471811  -28.919014730  -17.175380545
    1.047197551   -2.771993518   32.163835527   -3.537581101  -17.427407970
    1.237597106   -2.771993518   34.150505146   23.974232998  -16.050975896
    1.427996661   -2.771993518   40.877805432   44.901351918  -13.429978967
    1.618396215   -2.771993518   50.419112189   52.817583513  -10.081912646
    1.808795770   -2.771993518   60.038449813   45.825291576   -6.432639767
    1.999195325   -2.771993518   67.090636094   26.609209681   -2.671775511
    2.189594880   -2.771993518   69.745574821    0.689075456    1.230353708
    2.379994435   -2.771993518   67.327841412  -25.656603349    5.381017375
    2.570393989   -2.771993518   60.308497679  -46.824631814    9.806757400
    2.760793544   -2.771993518   50.093651464  -58.719097810   14.346437778
    2.951193099   -2.771993518   38.674625149  -59.390293763   18.652847741

   -3.141592654   -2.402394382   36.670926422  -44.684209045   20.593123597
   -2.951193099   -2.402394382   29.494065070  -30.060918587   22.349497752
   -2.760793544   -2.402394382   25.398900896  -13.092233333   23.092072611
   -2.570393989   -2.402394382   24.386593487    1.743681656   23.104069171
   -2.379994435   -2.402394382   25.744776105   11.560786999   22.807220291
   -2.189594880   -2.402394382   28.441112713   15.934320020   22.609820417
   -1.999195325   -2.402394382   31.572057842   16.510635278   22.726243770
   -1.808795770   -2.402394382   34.654120225   15.852319121   23.072639404
   -1.618396215   -2.402394382   37.670761028   16.110854526   23.276006576
   -1.427996661   -2.402394382   40.911704367   18.233799453   22.809531446
   -1.237597106   -2.402394382   44.712450987   21.816295564   21.205718990
   -1.047197551   -2.402394382   49.229959549   25.434784852   18.262488496
   -0.856797996   -2.402394382   54.296109066   27.253445360   14.120254066
   -0.666398442   -2.402394382   59.395683704   25.479402873    9.188598875
   -0.475998887   -2.402394382   63.710043287   18.836849289    3.986454558
   -0.285599332   -2.402394382   66.252152372    6.916686370   -1.050707081
   -0.095199777   -2.402394382   66.076606874   -9.405775099   -5.649910809
    0.095199777   -2.402394382   62.566082684  -27.515931181   -9.691079395
    0.285599332   -2.402394382   55.776535117  -43.003219920  -13.099652921
    0.475998887   -2.402394382   46.711175409  -50.545829893  -15.747259564
    0.666398442   -2.402394382   37.327125705  -45.834920538  -17.422262177
    0.856797996   -2.402394382   30.116296647  -27.939446637  -17.912345613
    1.047197551   -2.402394382   27.304046594   -0.652633930  -17.132147016
    1.237597106   -2.402394382   29.981797634   28.254681235  -15.216261017
    1.427996661   -2.402394382   37.608263285   49.981779920  -12.478616253
    1.618396215   -2.402394382   48.157939398   58.290174615   -9.261228359
    1.808795770   -2.402394382   58.850246075   51.642020377   -5.795447585
    1.999195325   -2.402394382   67.060750124   33.004227154   -2.148074850
    2.189594880   -2.402394382   71.011488576    7.928089165    1.716937619
    2.379994435   -2.402394382   70.056236348  -17.568589185    5.816073748
    2.570393989   -2.402394382   64.628797272  -38.302027985   10.049731386
    2.760793544   -2.402394382   56.018637335  -50.549203809   14.162944700
    2.951193099   -2.402394382   46.049156830  -52.494751931   17.794972314

   -3.141592654   -2.032795246   42.178346612  -41.615261350   12.734226428
   -2.951193099   -2.032795246   35.431281268  -28.603843358   13.786605324
   -2.760793544   -2.032795246   31.482008858  -12.931509243   14.263935495
   -2.570393989   -2.032795246   30.421001175    1.170059360   14.316707103
   -2.379994435   -2.032795246   31.646250765   10.813871542   14.111057567
   -2.189594880   -2.032795246   34.207326483   15.263317042   13.772713392
   -1.999195325   -2.032795246   37.204521133   15.700314402   13.323969497
   -1.808795770   -2.032795246   40.071194577   14.276049981   12.674454309
   -1.618396215   -2.032795246   42.651574255   12.984273537   11.647125039
   -1.427996661   -2.032795246   45.100473119   12.983001443   10.044154351
   -1.237597106   -2.032795246   47.689858014   14.400672153    7.730419689
   -1.047197551   -2.032795246   50.631528558   16.464011328    4.713052199
   -0.856797996   -2.032795246   53.928408058   17.857336611    1.159993319
   -0.666398442   -2.032795246   57.298873057   16.924416843   -2.639925568
   -0.475998887   -2.032795246   60.143682122   12.076139682   -6.350841025
   -0.285599332   -2.032795246   61.602064071    2.303856590   -9.700298254
   -0.095199777   -2.032795246   60.735377664  -12.133567105  -12.528817078
    0.095199777   -2.032795246   56.837613178  -28.958454362  -14.811159468
    0.285599332   -2.032795246   49.848895051  -43.714934508  -16.582488972
    0.475998887   -2.032795246   40.696265947  -50.744934266  -17.844966872
    0.666398442   -2.032795246   31.332722852  -45.367754785  -18.504636253
    0.856797996   -2.032795246   24.298453038  -26.491915059  -18.401851022
    1.047197551   -2.032795246   21.871988072    1.966813435  -17.413875110
    1.237597106   -2.032795246   25.156745587   31.976690739  -15.564913564
    1.427996661   -2.032795246   33.577124759   54.544867896  -13.032530216
    1.618396215   -2.032795246   45.053868739   63.420141450  -10.060780928
    1.808795770   -2.032795246   56.764597593   57.187405054   -6.862860247
    1.999195325   -2.032795246   66.067955286   38.928028409   -3.573575696
    2.189594880   -2.032795246   71.181829449   14.200880064   -0.272925433
    2.379994435   -2.032795246   71.444451787  -11.091767759    2.961409204
    2.570393989   -2.032795246   67.245714597  -31.947520492    6.023408248
    2.760793544   -2.032795246   59.796747954  -44.803733993    8.770258758
    2.951193099   -2.032795246   50.821296106  -47.890232597   11.047867432

   -3.141592654   -1.663196111   40.759376913  -41.171554209   11.000748057
   -2.951193099   -1.663196111   34.158861098  -27.514168181   11.460009009
   -2.760793544   -1.663196111   30.467709853  -11.370562272   11.258141110
   -2.570393989   -1.663196111   29.711786539    2.707600719   10.478857708
   -2.379994435   -1.663196111   31.176326508   11.679226969    9.212610201
   -2.189594880   -1.663196111   33.788885056   14.848643340    7.524152012
   -1.999195325   -1.663196111   36.552215099   13.619590900    5.431433589
   -1.808795770   -1.663196111   38.856065470   10.467266403    2.942654077
   -1.618396215   -1.663196111   40.567672169    7.748617217    0.098744489
   -1.427996661   -1.663196111   41.931910593    6.949521380   -3.001176632
   -1.237597106   -1.663196111   43.362074805    8.407142442   -6.201978365
   -1.047197551   -1.663196111   45.233420839   11.345186105   -9.307798941
   -0.856797996   -1.663196111   47.691022101   14.231162920  -12.110844499
   -0.666398442   -1.663196111   50.535833022   15.036991190  -14.418492040
   -0.475998887   -1.663196111   53.178412642   11.779458649  -16.077718938
   -0.285599332   -1.663196111   54.698477628    3.164983447  -17.028738899
   -0.095199777   -1.663196111   54.058608804  -10.718450160  -17.325507979
    0.095199777   -1.663196111   50.434608590  -27.587159289  -17.142205184
    0.285599332   -1.663196111   43.665410667  -42.826785677  -16.693186248
    0.475998887   -1.663196111   34.623950522  -50.450166797  -16.128262091
    0.666398442   -1.663196111   25.280693193  -45.372827870  -15.455626081
    0.856797996   -1.663196111   18.261452869  -26.220767626  -14.558253585
    1.047197551   -1.663196111   15.961360049    3.100373466  -13.287959589
    1.237597106   -1.663196111   19.573833199   34.296788634  -11.585695016
    1.427996661   -1.663196111   28.547478320   57.982948415   -9.501954001
    1.618396215   -1.663196111   40.755128246   67.562732743   -7.142855940
    1.808795770   -1.663196111   53.274768703   61.428337923   -4.605863125
    1.999195325   -1.663196111   63.346131933   42.650757087   -1.955222351
    2.189594880   -1.663196111   69.081839573   16.942930709    0.749803256
    2.379994435   -1.663196111   69.756283969   -9.515338872    3.420819958
    2.570393989   -1.663196111   65.756702724  -31.383082749    5.933498307
    2.760793544   -1.663196111   58.352561028  -44.810328161    8.135512186
    2.951193099   -1.663196111   49.366380165  -47.903820690    9.868580001

   -3.141592654   -1.293596975   39.332100997  -41.815722248    9.036736437
   -2.951193099   -1.293596975   32.592872604  -28.322248973    8.749382948
   -2.760793544   -1.293596975   28.733031615  -12.350959678    7.993258544
   -2.570393989   -1.293596975   27.761471266    1.374595290    6.799660744
   -2.379994435   -1.293596975   28.914760867    9.683360629    5.123303338
   -2.189594880   -1.293596975   31.057104027   11.853019656    2.849819701
   -1.999195325   -1.293596975   33.138331013    9.442154594   -0.142326602
   -1.808795770   -1.293596975   34.542031741    5.245884687   -3.852052285
   -1.618396215   -1.293596975   35.198538419    2.003039966   -8.064475311
   -1.427996661   -1.293596975   35.481096347    1.476871056  -12.352915043
   -1.237597106   -1.293596975   35.962658015    4.048742287  -16.186731504
   -1.047197551   -1.293596975   37.162044433    8.721234763  -19.094225503
   -0.856797996   -1.293596975   39.308082970   13.588930218  -20.798180915
   -0.666398442   -1.293596975   42.210206917   16.230902724  -21.264494709
   -0.475998887   -1.293596975   45.222506971   14.374773855  -20.657693566
   -0.285599332   -1.293596975   47.323482604    6.561801663  -19.266273634
   -0.095199777   -1.293596975   47.351824209   -7.220263961  -17.410472376
    0.095199777   -1.293596975   44.347251667  -24.690438830  -15.388940596
    0.285599332   -1.293596975   38.026412108  -41.078736108  -13.408517724
    0.475998887   -1.293596975   29.191801278  -50.012446449  -11.553262208
    0.666398442   -1.293596975   19.832987277  -45.878879990   -9.790843713
    0.856797996   -1.293596975   12.688730904  -26.880231410   -8.037405163
    1.047197551   -1.293596975   10.320151666    3.157442726   -6.242908183
    1.237597106   -1.293596975   14.062931853   35.654076387   -4.446320848
    1.427996661   -1.293596975   23.430650886   60.730016934   -2.720780177
    1.618396215   -1.293596975   36.268327710   71.337272815   -1.096698346
    1.808795770   -1.293596975   49.557109886   65.613824047    0.474263373
    1.999195325   -1.293596975   60.412491395   46.589896991    2.074529848
    2.189594880   -1.293596975   66.832727231   20.117133199    3.734120964
    2.379994435   -1.293596975   68.014869188   -7.384211852    5.385873199
    2.570393989   -1.293596975   64.319312698  -30.302718343    6.886535073
    2.760793544   -1.293596975   57.035581819  -44.580150270    8.071858333
    2.951193099   -1.293596975   48.034797282  -48.237246027    8.810839401

   -3.141592654   -0.923997839   39.873741326  -43.872144723    5.229530781
   -2.951193099   -0.923997839   32.716589692  -30.603323694    3.898495839
   -2.760793544   -0.923997839   28.419750486  -14.634344121    2.220589254
   -2.570393989   -0.923997839   27.013787095   -0.932920771    0.283488429
   -2.379994435   -0.923997839   27.703794985    7.056653754   -1.950638788
   -2.189594880   -0.923997839   29.280310565    8.457793302   -4.637844918
   -1.999195325   -0.923997839   30.612492149    4.939812609   -7.939728427
   -1.808795770   -0.923997839   31.051724724   -0.333086137  -11.832178119
   -1.618396215   -0.923997839   30.581602549   -4.124228893  -15.983090672
   -1.427996661   -0.923997839   29.716618465   -4.272933104  -19.783567596
   -1.237597106   -0.923997839   29.221336729   -0.292560415  -22.540436705
   -1.047197551   -0.923997839   29.794883246    6.591389136  -23.742398820
   -0.856797996   -0.923997839   31.776189714   13.995816183  -23.247016507
   -0.666398442   -0.923997839   34.983268329   18.944183729  -21.301634462
   -0.475998887   -0.923997839   38.678994995   18.688939195  -18.406888011
   -0.285599332   -0.923997839   41.676268034   11.488237831  -15.112270094
   -0.095199777   -0.923997839   42.618126393   -2.717658925  -11.841084460
    0.095199777   -0.923997839   40.364258310  -21.404481514   -8.819090200
    0.285599332   -0.923997839   34.523672493  -39.317600825   -6.075118644
    0.475998887   -0.923997839   25.899508127  -49.465631702   -3.529638513
    0.666398442   -0.923997839   16.590905542  -45.748559746   -1.111058992
    0.856797996   -0.923997839    9.505017422  -26.270076199    1.146865141
    1.047197551   -0.923997839    7.348640982    4.812784993    3.087672502
    1.237597106   -0.923997839   11.514627203   38.397727885    4.503498774
    1.427996661   -0.923997839   21.481575766   64.190975868    5.292319297
    1.618396215   -0.923997839   35.007942483   75.022776876    5.546484545
    1.808795770   -0.923997839   48.987144824   69.119249622    5.525032652
    1.999195325   -0.923997839   60.469830801   49.626641172    5.517753940
    2.189594880   -0.923997839   67.405774425   22.456867718    5.692658977
    2.379994435   -0.923997839   68.950397432   -5.946643523    6.029936288
    2.570393989   -0.923997839   65.431273481  -29.898566326    6.356664749
    2.760793544   -0.923997839   58.124822990  -45.207094657    6.440736697
    2.951193099   -0.923997839   48.918529375  -49.727477076    6.092052775

   -3.141592654   -0.554398704   40.973220507  -47.558143851    2.637383710
   -2.951193099   -0.554398704   33.042968138  -34.952931108    0.186795936
   -2.760793544   -0.554398704   27.889249015  -19.213949698   -2.489314654
   -2.570393989   -0.554398704   25.608877009   -5.529995856   -5.184437910
   -2.379994435   -0.554398704   25.413166530    2.300043681   -7.866141170
   -2.189594880   -0.554398704   26.040200743    3.178542078  -10.686183606
   -1.999195325   -0.554398704   26.297568939   -1.066522741  -13.820626253
   -1.808795770   -0.554398704   25.543683327   -6.747549906  -17.221139384
   -1.618396215   -0.554398704   23.884306255  -10.002328101  -20.473906083
   -1.427996661   -0.554398704   22.051617157   -8.341217541  -22.885272180
   -1.237597106   -0.554398704   21.042245751   -1.487783000  -23.769973995
   -1.047197551   -0.554398704   21.698616208    8.653544705  -22.788175594
   -0.856797996   -0.554398704   24.351677559   18.850193936  -20.111312698
   -0.666398442   -0.554398704   28.664156213   25.478217915  -16.333258888
   -0.475998887   -0.554398704   33.657303633   25.559842153  -12.206403323
   -0.285599332   -0.554398704   37.900670161   17.551326592   -8.334419188
   -0.095199777   -0.554398704   39.864892198    1.897373168   -4.985168797
    0.095199777   -0.554398704   38.347220858  -18.236492218   -2.075102862
    0.285599332   -0.554398704   33.011489100  -37.058148817    0.704027017
    0.475998887   -0.554398704   24.793979914  -47.329099179    3.650020205
    0.666398442   -0.554398704   15.934821874  -43.105687378    6.823512449
    0.856797996   -0.554398704    9.417337263  -22.979929254    9.946301063
    1.047197551   -0.554398704    7.921765941    8.344389796   12.496323442
    1.237597106   -0.554398704   12.731783057   41.512884399   13.959094230
    1.427996661   -0.554398704   23.209964118   66.387969788   14.118021387
    1.618396215   -0.554398704   37.058612088   76.229914019   13.167915867
    1.808795770   -0.554398704   51.196309013   69.644942659   11.609958788
    1.999195325   -0.554398704   62.746811612   49.870570978    9.999047753
    2.189594880   -0.554398704   69.721391414   22.627200565    8.695736952
    2.379994435   -0.554398704   71.284815145   -5.962665161    7.757397183
    2.570393989   -0.554398704   67.717964267  -30.452730787    6.977604207
    2.760793544   -0.554398704   60.222180154  -46.694508475    6.026421576
    2.951193099   -0.554398704   50.624367523  -52.367545168    4.617822195

   -3.141592654   -0.184799568   41.465755245  -52.795246150    0.619794178
   -2.951193099   -0.184799568   32.465252549  -40.840223578   -2.248212550
   -2.760793544   -0.184799568   26.173744683  -25.180374389   -5.183314256
   -2.570393989   -0.184799568   22.781008506  -11.216214628   -7.959293039
   -2.379994435   -0.184799568   21.528656841   -3.149008785  -10.539786765
   -2.189594880   -0.184799568   21.118331462   -2.313878761  -13.079631252
   -1.999195325   -0.184799568   20.315587295   -6.674431421  -15.735008475
   -1.808795770   -0.184799568   18.519740877  -11.930684453  -18.403680253
   -1.618396215   -0.184799568   16.004469587  -13.577326555  -20.605183843
   -1.427996661   -0.184799568   13.752803283   -8.959827225  -21.626719874
   -1.237597106   -0.184799568   12.977062306    1.637427944  -20.875444462
   -1.047197551   -0.184799568   14.571631304   15.236447657  -18.236516030
   -0.856797996   -0.184799568   18.705476718   27.531808218  -14.182728667
   -0.666398442   -0.184799568   24.721962349   34.368773999   -9.570849132
   -0.475998887   -0.184799568   31.291821203   33.007876394   -5.266561061
   -0.285599332   -0.184799568   36.743204473   22.742371949   -1.771351581
   -0.095199777   -0.184799568   39.494206867    5.089641306    0.930816312
    0.095199777   -0.184799568   38.478807628  -15.924653294    3.290779475
    0.285599332   -0.184799568   33.611210188  -34.237203686    5.913385771
    0.475998887   -0.184799568   26.062025994  -43.047745394    9.197486316
    0.666398442   -0.184799568   18.165998207  -37.381667527   13.061547472
    0.856797996   -0.184799568   12.802373135  -16.837101545   16.909679655
    1.047197551   -0.184799568   12.395884699   13.365740466   19.877583559
    1.237597106   -0.184799568   17.950033972   44.155478318   21.237493211
    1.427996661   -0.184799568   28.666713322   66.273073353   20.753092145
    1.618396215   -0.184799568   42.271889892   73.948536864   18.754603572
    1.808795770   -0.184799568   55.857377609   66.330911577   15.942864604
    1.999195325   -0.184799568   66.765520601   46.585328422   13.051157096
    2.189594880   -0.184799568   73.165335472   19.914350296   10.559120889
    2.379994435   -0.184799568   74.264179924   -8.192783492    8.579189440
    2.570393989   -0.184799568   70.277904853  -32.739520329    6.910290154
    2.760793544   -0.184799568   62.287851797  -49.694406491    5.201392851
    2.951193099   -0.184799568   52.014178786  -56.504822651    3.144005162

   -3.141592654    0.184799568   41.421229990  -57.742708350   -1.549498371
   -2.951193099    0.184799568   31.429660483  -46.192190644   -3.896900853
   -2.760793544    0.184799568   24.121241451  -30.423281203   -6.078926897
   -2.570393989    0.184799568   19.767640329  -16.038419827   -8.011310021
   -2.379994435    0.184799568   17.636482059   -7.583249844   -9.759552986
   -2.189594880    0.184799568   16.405198677   -6.514729484  -11.501664439
   -1.999195325    0.184799568   14.832054105  -10.490082470  -13.341549513
   -1.808795770    0.184799568   12.401275727  -14.606577410  -15.104461888
   -1.618396215    0.184799568    9.579583689  -13.910141532  -16.285135094
   -1.427996661    0.184799568    7.574119526   -5.918910053  -16.241008400
   -1.237597106    0.184799568    7.718634747    8.182884212  -14.544482480
   -1.047197551    0.184799568   10.815983877   24.194995184  -11.289724896
   -0.856797996    0.184799568   16.729218189   36.897652170   -7.112378754
   -0.666398442    0.184799568   24.398946234   42.055944358   -2.899598539
   -0.475998887    0.184799568   32.163064976   37.752030963    0.624484609
   -0.285599332    0.184799568   38.230978482   24.592452687    3.243711163
   -0.095199777    0.184799568   41.154620440    5.342483364    5.304004323
    0.095199777    0.184799568   40.188949604  -15.326701706    7.504948883
    0.285599332    0.184799568   35.609716726  -31.592291606   10.505956932
    0.475998887    0.184799568   28.822090109  -37.709598977   14.533620804
    0.666398442    0.184799568   22.149629521  -30.124112043   19.173245266
    0.856797996    0.184799568   18.207814048   -9.544823032   23.478135004
    1.047197551    0.184799568   19.021033087   18.548854110   26.367006213
    1.237597106    0.184799568   25.238524484   45.805544594   27.105155418
    1.427996661    0.184799568   35.909812127   64.237449394   25.613403984
    1.618396215    0.184799568   48.850451764   69.247949904   22.429727789
    1.808795770    0.184799568   61.410440109   60.533730228   18.412177102
    1.999195325    0.184799568   71.223991811   41.077376080   14.366047615
    2.189594880    0.184799568   76.666533126   15.426679680   10.792870114
    2.379994435    0.184799568   77.011604976  -11.686008757    7.831868748
    2.570393989    0.184799568   72.412941887  -35.801678740    5.344361245
    2.760793544    0.184799568   63.822238702  -53.049045247    3.073854565
    2.951193099    0.184799568   52.839139851  -60.645706116    0.802192413

   -3.141592654    0.554398704   43.071862020  -60.372644680   -0.996957013
   -2.951193099    0.554398704   32.515935274  -49.441609848   -2.134876944
   -2.760793544    0.554398704   24.548512491  -34.032374471   -3.142543873
   -2.570393989    0.554398704   19.498161735  -19.695309810   -4.084125666
   -2.379994435    0.554398704   16.683877897  -11.073092073   -5.054456278
   -2.189594880    0.554398704   14.816034601   -9.675513630   -6.142132785
   -1.999195325    0.554398704   12.693230361  -13.026334122   -7.324005308
   -1.808795770    0.554398704    9.881882507  -15.950731482   -8.383227234
   -1.618396215    0.554398704    6.974299030  -13.362107699   -8.927426898
   -1.427996661    0.554398704    5.289714533   -3.078381397   -8.549925997
   -1.237597106    0.554398704    6.173867827   12.978869815   -7.055420342
   -1.047197551    0.554398704   10.284849268   29.800336703   -4.618320468
   -0.856797996    0.554398704   17.220362835   41.787201629   -1.722490173
   -0.666398442    0.554398704   25.654365270   45.064627178    1.087651016
   -0.475998887    0.554398704   33.788647241   38.702164750    3.487120738
   -0.285599332    0.554398704   39.908796213   24.424538249    5.555709513
   -0.095199777    0.554398704   42.825844477    5.746706671    7.721257707
    0.095199777    0.554398704   42.128648598  -12.683456631   10.543739989
    0.285599332    0.554398704   38.342106117  -25.875437621   14.382499411
    0.475998887    0.554398704   32.905839767  -29.439041863   19.121100500
    0.666398442    0.554398704   27.916984981  -21.095880930   24.072216445
    0.856797996    0.554398704   25.579926305   -2.117296265   28.164083013
    1.047197551    0.554398704   27.494164395   22.443303789   30.357407072
    1.237597106    0.554398704   34.046436669   45.432558122   30.086184152
    1.427996661    0.554398704   44.278982892   60.206278283   27.479696822
    1.618396215    0.554398704   56.219392431   63.063926596   23.243986789
    1.808795770    0.554398704   67.532167739   53.880562243   18.328301377
    1.999195325    0.554398704   76.140274324   35.235210686   13.567731381
    2.189594880    0.554398704   80.602449438   11.019881167    9.477095239
    2.379994435    0.554398704   80.249696710  -14.662387925    6.230093821
    2.570393989    0.554398704   75.187204661  -37.802157535    3.748987483
    2.760793544    0.554398704   66.255434561  -54.739467532    1.840239281
    2.951193099    0.554398704   54.928928720  -62.640443322    0.305235548

   -3.141592654    0.923997839   43.180537883  -61.641225795   -0.452291129
   -2.951193099    0.923997839   32.432141760  -50.167979885   -0.014956330
   -2.760793544    0.923997839   24.375710422  -34.242761050    0.553504935
   -2.570393989    0.923997839   19.323651060  -19.530922488    0.976286183
   -2.379994435    0.923997839   16.555172856  -10.802948854    1.071651083
   -2.189594880    0.923997839   14.724820336   -9.588167036    0.791909955
   -1.999195325    0.923997839   12.587530470  -13.267769001    0.236248546
   -1.808795770    0.923997839    9.705009435  -16.420420915   -0.391004050
   -1.618396215    0.923997839    6.707853055  -13.786033059   -0.841939109
   -1.427996661    0.923997839    4.966203097   -3.232029253   -0.899890583
   -1.237597106    0.923997839    5.847758141   13.070729134   -0.444622702
   -1.047197551    0.923997839    9.981596285   29.892481434    0.511319639
   -0.856797996    0.923997839   16.916183918   41.672839202    1.861915822
   -0.666398442    0.923997839   25.318195217   44.908985080    3.492185450
   -0.475998887    0.923997839   33.469396402   39.185362815    5.364610026
   -0.285599332    0.923997839   39.821832509   26.555834318    7.581429065
   -0.095199777    0.923997839   43.378628775   10.460201355   10.338051769
    0.095199777    0.923997839   43.861687115   -5.001678658   13.823727547
    0.285599332    0.923997839   41.788235792  -15.729576691   18.029657504
    0.475998887    0.923997839   38.408105747  -18.303401911   22.594247367
    0.666398442    0.923997839   35.466118029  -11.115328756   26.780476275
    0.856797996    0.923997839   34.745448834    4.558990628   29.670534728
    1.047197551    0.923997839   37.497570845   24.436574064   30.515463255
    1.237597106    0.923997839   43.963648453   42.635592207   29.060410731
    1.427996661    0.923997839   53.287674706   53.724106999   25.635995704
    1.618396215    0.923997839   63.782569491   54.673978249   20.977221528
    1.808795770    0.923997839   73.457188792   45.314178830   15.920636428
    1.999195325    0.923997839   80.517712926   27.683665014   11.142238358
    2.189594880    0.923997839   83.684605351    4.998683063    7.055183423
    2.379994435    0.923997839   82.332994287  -19.171785505    3.845034409
    2.570393989    0.923997839   76.532957530  -41.099693742    1.551038623
    2.760793544    0.923997839   67.060081654  -57.170953810    0.139598927
    2.951193099    0.923997839   55.331657126  -64.448005153   -0.476943012

   -3.141592654    1.293596975   39.955457277  -60.375056916   -4.686116664
   -2.951193099    1.293596975   29.598345554  -47.434499401   -3.707885475
   -2.760793544    1.293596975   22.134154630  -30.915964912   -2.434689925
   -2.570393989    1.293596975   17.695691558  -16.550795074   -1.151797800
   -2.379994435    1.293596975   15.402678265   -8.874143195   -0.011447702
   -2.189594880    1.293596975   13.810484850   -9.037994328    0.980619745
   -1.999195325    1.293596975   11.643870789  -14.108553354    1.911561041
   -1.808795770    1.293596975    8.483135625  -18.460717105    2.851025746
   -1.618396215    1.293596975    5.009856698  -16.679359953    3.788666992
   -1.427996661    1.293596975    2.677077270   -6.447730440    4.649915657
   -1.237597106    1.293596975    2.973982571   10.269765394    5.372915317
   -1.047197551    1.293596975    6.682956644   28.365090870    5.978435381
   -0.856797996    1.293596975   13.512333562   42.200730766    6.600942087
   -0.666398442    1.293596975   22.253163845   47.981491615    7.455235988
   -0.475998887    1.293596975   31.239687830   44.864039525    8.770394994
   -0.285599332    1.293596975   38.894754160   34.465244713   10.738848165
   -0.095199777    1.293596975   44.116316629   19.900740503   13.448675987
    0.095199777    1.293596975   46.469160963    5.021082254   16.836603049
    0.285599332    1.293596975   46.270210603   -6.271021585   20.600018995
    0.475998887    1.293596975   44.536015109  -10.687192608   24.169851108
    0.666398442    1.293596975   42.771444135   -6.535249165   26.791944466
    0.856797996    1.293596975   42.569757574    5.363614090   27.760286538
    1.047197551    1.293596975   45.111542596   21.497325415   26.700114269
    1.237597106    1.293596975   50.721646296   36.769380124   23.752670821
    1.427996661    1.293596975   58.749700435   46.186760623   19.496795133
    1.618396215    1.293596975   67.748823399   46.663111886   14.677082759
    1.808795770    1.293596975   75.919647239   37.613940317    9.924375990
    1.999195325    1.293596975   81.572796542   20.626948238    5.616572518
    2.189594880    1.293596975   83.464505452   -1.323467174    1.923620060
    2.379994435    1.293596975   80.987461351  -24.635903356   -1.069859178
    2.570393989    1.293596975   74.251437406  -45.395610167   -3.281889198
    2.760793544    1.293596975   64.106580973  -59.849784585   -4.624903312
    2.951193099    1.293596975   52.051159417  -65.154036649   -5.065304241

   -3.141592654    1.663196111   34.797016539  -59.116554603  -12.845456911
   -2.951193099    1.663196111   24.834799604  -44.665548372  -11.931783025
   -2.760793544    1.663196111   17.975593265  -27.485775571  -10.242878959
   -2.570393989    1.663196111   14.188233053  -13.250097636   -8.021474334
   -2.379994435    1.663196111   12.472467841   -6.151608514   -5.447234250
   -2.189594880    1.663196111   11.336645467   -6.950365344   -2.621373851
   -1.999195325    1.663196111    9.517905375  -12.519001814    0.373541763
   -1.808795770    1.663196111    6.621948932  -17.266912555    3.359333895
   -1.618396215    1.663196111    3.339476563  -15.876516640    6.034421462
   -1.427996661    1.663196111    1.126450741   -5.976011118    8.071906732
   -1.237597106    1.663196111    1.505179054   10.719521197    9.293982047
   -1.047197551    1.663196111    5.344231992   29.386465856    9.803759970
   -0.856797996    1.663196111   12.477483711   44.469703847    9.976215258
   -0.666398442    1.663196111   21.809805251   51.965701304   10.304864333
   -0.475998887    1.663196111   31.725941843   50.615060079   11.189669760
   -0.285599332    1.663196111   40.615324856   41.572518365   12.793783684
   -0.095199777    1.663196111   47.260248444   27.593475257   14.995939287
    0.095199777    1.663196111   51.053058117   12.262304288   17.445726451
    0.285599332    1.663196111   52.098791773   -0.640024544   19.629742730
    0.475998887    1.663196111   51.195839696   -7.746587115   20.976131328
    0.666398442    1.663196111   49.674742027   -6.973608028   20.993183091
    0.856797996    1.663196111   49.062606835    1.561453641   19.443525459
    1.047197551    1.663196111   50.619486780   15.145645217   16.464563078
    1.237597106    1.663196111   54.879870015   29.172310384   12.560524806
    1.427996661    1.663196111   61.444626205   38.577683105    8.380720342
    1.618396215    1.663196111   69.054313335   39.733090268    4.444804787
    1.808795770    1.663196111   75.977782952   31.403349532    0.969308791
    1.999195325    1.663196111   80.492635484   14.824497502   -2.106090797
    2.189594880    1.663196111   81.296707237   -6.949511650   -4.938406504
    2.379994435    1.663196111   77.773377982  -29.931528110   -7.592601226
    2.570393989    1.663196111   70.101008428  -49.814901625   -9.958587240
    2.760793544    1.663196111   59.253107661  -62.699551336  -11.785959583
    2.951193099    1.663196111   46.844988227  -65.946796939  -12.803524052

   -3.141592654    2.032795246   28.071896864  -59.697198073  -16.496543397
   -2.951193099    2.032795246   18.181105436  -43.351779559  -15.335520028
   -2.760793544    2.032795246   11.738500013  -24.488657205  -13.221517175
   -2.570393989    2.032795246    8.656494002   -8.896953189  -10.424783229
   -2.379994435    2.032795246    7.872880562   -0.767151922   -7.163841698
   -2.189594880    2.032795246    7.835915913   -0.849634037   -3.551584757
   -1.999195325    2.032795246    7.214643971   -6.133767698    0.345255173
   -1.808795770    2.032795246    5.514451922  -11.213420963    4.356607080
   -1.618396215    2.032795246    3.298383636  -10.837684908    8.136408523
   -1.427996661    2.032795246    1.910215289   -2.395019666   11.245967763
   -1.237597106    2.032795246    2.834589074   12.923664505   13.357126731
   -1.047197551    2.032795246    7.011008469   30.855711678   14.441485176
   -0.856797996    2.032795246   14.426306899   46.105709375   14.797383891
   -0.666398442    2.032795246   24.146491882   54.477953990   14.890461045
   -0.475998887    2.032795246   34.643315512   54.169172711   15.107382522
   -0.285599332    2.032795246   44.277742561   45.714878452   15.572117641
   -0.095199777    2.032795246   51.697899971   31.418014409   16.091982287
    0.095199777    2.032795246   56.103174452   14.689025284   16.251518278
    0.285599332    2.032795246   57.401324383   -0.551690870   15.563885272
    0.475998887    2.032795246   56.246868695  -10.514296130   13.670726601
    0.666398442    2.032795246   53.930751069  -12.460539704   10.516755122
    0.856797996    2.032795246   52.077474579   -5.787579638    6.439528365
    1.047197551    2.032795246   52.164495351    7.310326169    2.089427231
    1.237597106    2.032795246   54.998445099   22.220029301   -1.791986170
    1.427996661    2.032795246   60.394300678   33.316707549   -4.701240771
    1.618396215    2.032795246   67.166058782   36.118170367   -6.573907285
    1.808795770    2.032795246   73.502482620   28.698142544   -7.763408578
    1.999195325    2.032795246   77.513452770   12.099071711   -8.810853788
    2.189594880    2.032795246   77.741964915  -10.320772333  -10.146886101
    2.379994435    2.032795246   73.505811417  -33.998612502  -11.894360084
    2.570393989    2.032795246   65.027464671  -54.092477636  -13.839662710
    2.760793544    2.032795246   53.405722819  -66.408337501  -15.546404039
    2.951193099    2.032795246   40.406498642  -68.327171487  -16.542020811

   -3.141592654    2.402394382   20.549674840  -61.164713019  -10.883760864
   -2.951193099    2.402394382   10.603394199  -42.441470182   -9.077886729
   -2.760793544    2.402394382    4.568889235  -21.151288332   -6.662627714
   -2.570393989    2.402394382    2.335898217   -3.380382490   -3.908131975
   -2.379994435    2.402394382    2.779535977    6.530598348   -0.946483682
   -2.189594880    2.402394382    4.264684194    7.752567043    2.277413421
   -1.999195325    2.402394382    5.359010329    3.163612317    5.895358778
   -1.808795770    2.402394382    5.433709999   -2.020596418    9.890385901
   -1.618396215    2.402394382    4.885850930   -2.659754537   13.952766745
   -1.427996661    2.402394382    4.895442951    4.005004853   17.534302159
   -1.237597106    2.402394382    6.840136960   17.226424106   20.081846307
   -1.047197551    2.402394382   11.651836787   33.296444295   21.307009983
   -0.856797996    2.402394382   19.402851150   47.299016878   21.298831911
   -0.666398442    2.402394382   29.282977387   55.037319753   20.420344082
   -0.475998887    2.402394382   39.850999725   54.348951862   19.076930911
   -0.285599332    2.402394382   49.467436413   45.248666079   17.498584279
   -0.095199777    2.402394382   56.685124236   29.620288967   15.650579120
    0.095199777    2.402394382   60.556627360   10.754923113   13.291952056
    0.285599332    2.402394382   60.860130011   -7.102457052   10.131025839
    0.475998887    2.402394382   58.220661212  -19.448973673    6.039009647
    0.666398442    2.402394382   54.056199310  -22.676778162    1.224572343
    0.856797996    2.402394382   50.270691177  -15.544102863   -3.727464061
    1.047197551    2.402394382   48.688970145   -0.187622399   -8.024149680
    1.237597106    2.402394382   50.406404932   18.091868491  -10.966830920
    1.427996661    2.402394382   55.343323617   32.520837858  -12.283709990
    1.618396215    2.402394382   62.196295123   37.516663350  -12.237277362
    1.808795770    2.402394382   68.873615864   30.594339905  -11.481036099
    1.999195325    2.402394382   73.165692953   12.949969188  -10.737996183
    2.189594880    2.402394382   73.380211221  -11.384294596  -10.488146071
    2.379994435    2.402394382   68.750919331  -36.991890087  -10.819452235
    2.570393989    2.402394382   59.568924367  -58.324450268  -11.462223740
    2.760793544    2.402394382   47.108813916  -70.784594542  -11.954010379
    2.951193099    2.402394382   33.355422798  -71.698460472  -11.847613260

   -3.141592654    2.771993518   16.844812165  -60.270909698    1.124528127
   -2.951193099    2.771993518    7.180233937  -40.425761689    3.521782478
   -2.760793544    2.771993518    1.618632871  -18.261964130    5.951995748
   -2.570393989    2.771993518    0.000000000    0.158467125    8.294161028
   -2.379994435    2.771993518    1.178204985   10.732204633   10.620455636
   -2.189594880    2.771993518    3.546257653   12.878196290   13.180966608
   -1.999195325    2.771993518    5.726442924    9.458909283   16.234895616
   -1.808795770    2.771993518    7.106350038    5.324642301   19.801965216
   -1.618396215    2.771993518    8.008031113    5.068182488   23.517655355
   -1.427996661    2.771993518    9.443055690   11.060475621   26.707917034
   -1.237597106    2.771993518   12.583666592   22.586885969   28.658443954
   -1.047197551    2.771993518   18.203516514   36.370579500   28.933992437
   -0.856797996    2.771993518   26.316358911   48.054217647   27.536486918
   -0.666398442    2.771993518   36.144575198   53.800264349   24.831140639
   -0.475998887    2.771993518   46.315164436   51.445599255   21.319485217
   -0.285599332    2.771993518   55.228902370   40.756087081   17.390546709
   -0.095199777    2.771993518   61.426427022   23.357492832   13.196369820
    0.095199777    2.771993518   63.921029334    2.545355201    8.684157205
    0.285599332    2.771993518   62.488755914  -17.043309758    3.749989714
    0.475998887    2.771993518   57.855738626  -30.244539900   -1.549015202
    0.666398442    2.771993518   51.668520335  -32.840335170   -6.844136314
    0.856797996    2.771993518   46.141280531  -23.406758663  -11.479686524
    1.047197551    2.771993518   43.383824109   -4.522871630  -14.738017175
    1.237597106    2.771993518   44.639840603   17.534522647  -16.149131592
    1.427996661    2.771993518   49.772445421   34.930676188  -15.732086777
    1.618396215    2.771993518   57.248195348   41.379593581  -13.973822860
    1.808795770    2.771993518   64.670470520   34.325933890  -11.597162559
    1.999195325    2.771993518   69.567156456   15.448776860   -9.248423480
    2.189594880    2.771993518   70.103265694  -10.503069040   -7.279252036
    2.379994435    2.771993518   65.503876061  -37.462530679   -5.708703773
    2.570393989    2.771993518   56.154377908  -59.478058907   -4.322309153
    2.760793544    2.771993518   43.473848087  -71.822377357   -2.834668135
    2.951193099    2.771993518   29.590402483  -71.944688258   -1.035036966
