#! FIELDS phi psi file.free der_phi der_psi
#! SET min_phi -pi
#! SET max_phi pi
#! SET nbins_phi  33
#! SET periodic_phi true
#! SET min_psi -pi
#! SET max_psi pi
#! SET nbins_psi  17
#! SET periodic_psi true
   -3.141592654   -3.141592654   19.430488252  -54.848398891   14.188140355
   -2.951193099   -3.141592654   10.752355914  -35.649085054   17.039484751
   -2.760793544   -3.141592654    5.984648251  -14.793183885   19.254034883
   -2.570393989   -3.141592654    4.883609500    2.146176397   20.876623348
   -2.379994435   -3.141592654    6.331997698   11.705442259   22.207407568
   -2.189594880   -3.141592654    8.861122149   13.765647687   23.715206580
   -1.999195325   -3.141592654   11.279221266   11.194741507   25.801168599
   -1.808795770   -3.141592654   13.112594032    8.362492833   28.525277393
   -1.618396215   -3.141592654   14.701672871    9.149148810   31.469365642
   -1.427996661   -3.141592654   16.948688827   15.329835520   33.848323204
   -1.237597106   -3.141592654   20.835733050   25.988374535   34.834104578
   -1.047197551   -3.141592654   26.947107834   38.013119100   33.926817705
   -0.856797996   -3.141592654   35.160887011   47.411977726   31.136521011
   -0.666398442   -3.141592654   44.630488576   50.664535239   26.892214448
   -0.475998887   -3.141592654   53.962907998   45.790521248   21.782582866
   -0.285599332   -3.141592654   61.566583919   32.680864329   16.270791383
   -0.095199777   -3.141592654   66.016720526   13.148107272   10.574288039
    0.095199777   -3.141592654   66.407209995   -9.216566626    4.728167549
    0.285599332   -3.141592654   62.662945389  -29.370260459   -1.224626467
    0.475998887   -3.141592654   55.735646043  -41.764451907   -7.037312483
    0.666398442   -3.141592654   47.555671242  -41.997870246  -12.184749753
    0.856797996   -3.141592654   40.618221390  -28.880292494  -15.991551075
    1.047197551   -3.141592654   37.222769793   -5.723068477  -17.907941840
    1.237597106   -3.141592654   38.629525639   20.158364719  -17.771732649
    1.427996661   -3.141592654   44.524028163   40.038873428  -15.900648985
    1.618396215   -3.141592654   53.073664655   47.286232150  -12.924214280
    1.808795770   -3.141592654   61.584739323   39.696134670   -9.497120028
    1.999195325   -3.141592654   67.401994971   19.732612536   -6.052662846
    2.189594880   -3.141592654   68.663347040   -7.082891252   -2.727216715
    2.379994435   -3.141592654   64.684559464  -34.240421313    0.550392829
    2.570393989   -3.141592654   55.985495730  -55.777932600    3.905185882
    2.760793544   -3.141592654   44.088344943  -67.283444175    7.381146394
    2.951193099   -3.141592654   31.145352524  -66.679777150   10.881964840

   -3.141592654   -2.771993518   27.933201447  -49.062321753   22.998815108
   -2.951193099   -2.771993518   20.149183685  -32.100224579   25.544844196
   -2.760793544   -2.771993518   15.846676862  -13.385543402   26.954072761
   -2.570393989   -2.771993518   14.863810758    2.148782972   27.451863334
   -2.379994435   -2.771993518   16.272348723   11.502187194   27.525176007
   -2.189594880   -2.771993518   18.843461532   14.589717513   27.765633242
   -1.999195325   -2.771993518   21.581228129   13.782881437   28.613055792
   -1.808795770   -2.771993518   24.070095464   12.548972676   30.123613841
   -1.618396215   -2.771993518   26.524529823   13.803502284   31.882520652
   -1.427996661   -2.771993518   29.567492115   18.738190114   33.128295305
   -1.237597106   -2.771993518   33.848787080   26.496415888   33.053821152
   -1.047197551   -2.771993518   39.692254280   34.611773623   31.148326474
   -0.856797996   -2.771993518   46.871589819   40.018270196   27.382955620
   -0.666398442   -2.771993518   54.605075431   40.012588814   22.161405462
   -0.475998887   -2.771993518   61.691352996   33.080743744   16.111463760
   -0.285599332   -2.771993518   66.782320463   19.216894163    9.813179587
   -0.095199777   -2.771993518   68.689222089    0.078460275    3.659519408
    0.095199777   -2.771993518   66.701626814  -20.988946515   -2.139126583
    0.285599332   -2.771993518   60.895551878  -39.148253327   -7.424282122
    0.475998887   -2.771993518   52.341128392  -48.986441522  -11.952181055
    0.666398442   -2.771993518   43.062594621  -46.251776213  -15.354526590
    0.856797996   -2.771993518   35.610530249  -30.022664991  -17.246548591
    1.047197551   -2.771993518   32.274891414   -4.016031819  -17.415600695
    1.237597106   -2.771993518   34.225967429   24.041136459  -15.963190403
    1.427996661   -2.771993518   40.997105564   45.233572297  -13.286859810
    1.618396215   -2.771993518   50.599361391   53.067329246   -9.891353495
    1.808795770   -2.771993518   60.237080396   45.738753127   -6.176655845
    1.999195325   -2.771993518   67.234644845   26.129299252   -2.314781834
    2.189594880   -2.771993518   69.770500350   -0.049440506    1.718731086
    2.379994435   -2.771993518   67.206668030  -26.411007922    6.004398468
    2.570393989   -2.771993518   60.061851534  -47.356304566   10.534048884
    2.760793544   -2.771993518   49.780068104  -58.879666594   15.121697285
    2.951193099   -2.771993518   38.368777531  -59.160004962   19.415264998

   -3.141592654   -2.402394382   36.681936483  -44.259993629   21.245768025
   -2.951193099   -2.402394382   29.600164636  -29.515426910   22.944258297
   -2.760793544   -2.402394382   25.609319160  -12.569673069   23.649558654
   -2.570393989   -2.402394382   24.685599093    2.135054310   23.655271750
   -2.379994435   -2.402394382   26.101505600   11.770263468   23.384455291
   -2.189594880   -2.402394382   28.821128882   15.974648007   23.240106091
   -1.999195325   -2.402394382   31.948940160   16.451071350   23.427958395
   -1.808795770   -2.402394382   35.019529253   15.809273954   23.854115429
   -1.618396215   -2.402394382   38.041343513   16.231357453   24.136037187
   -1.427996661   -2.402394382   41.332058877   18.648880826   23.734048216
   -1.237597106   -2.402394382   45.246331319   22.593268784   22.163698509
   -1.047197551   -2.402394382   49.943927856   26.527410372   19.203311833
   -0.856797996   -2.402394382   55.236457162   28.499446847   14.977973144
   -0.666398442   -2.402394382   60.568870083   26.630135190    9.893425685
   -0.475998887   -2.402394382   65.072018182   19.623039682    4.482505155
   -0.285599332   -2.402394382   67.711618406    7.123855446   -0.788725475
   -0.095199777   -2.402394382   67.512354632   -9.869714112   -5.605424972
    0.095199777   -2.402394382   63.853645898  -28.586423776   -9.804281335
    0.285599332   -2.402394382   56.818938368  -44.464234082  -13.279442939
    0.475998887   -2.402394382   47.462686552  -52.087835929  -15.895587927
    0.666398442   -2.402394382   37.803847518  -47.133904357  -17.465044401
    0.856797996   -2.402394382   30.389358054  -28.755007389  -17.822909418
    1.047197551   -2.402394382   27.475768854   -0.907875673  -16.933281250
    1.237597106   -2.402394382   30.150970075   28.446124441  -14.956650051
    1.427996661   -2.402394382   37.837237159   50.366500342  -12.196594725
    1.618396215   -2.402394382   48.455841344   58.583478473   -8.958950845
    1.808795770   -2.402394382   59.178663859   51.646314128   -5.439359363
    1.999195325   -2.402394382   67.358105698   32.679387719   -1.694265446
    2.189594880   -2.402394382   71.223442654    7.380075674    2.291643971
    2.379994435   -2.402394382   70.157576347  -18.150695195    6.497738861
    2.570393989   -2.402394382   64.631761202  -38.727805022   10.793398116
    2.760793544   -2.402394382   55.966632998  -50.691198131   14.913408704
    2.951193099   -2.402394382   46.000909404  -52.320505573   18.507532388

   -3.141592654   -2.032795246   42.248989351  -41.212095457   13.362460205
   -2.951193099   -2.032795246   35.597401821  -28.033523051   14.388310422
   -2.760793544   -2.032795246   31.760911683  -12.345844263   14.846073068
   -2.570393989   -2.032795246   30.803586450    1.655743531   14.888883334
   -2.379994435   -2.032795246   32.107156679   11.144247819   14.683277936
   -2.189594880   -2.032795246   34.716543083   15.443782325   14.354658482
   -1.999195325   -2.032795246   37.737841710   15.782499674   13.923388477
   -1.808795770   -2.032795246   40.617893916   14.347624090   13.293511584
   -1.618396215   -2.032795246   43.219613217   13.153738610   12.278469219
   -1.427996661   -2.032795246   45.718452259   13.345370749   10.666238661
   -1.237597106   -2.032795246   48.399791347   15.002005905    8.306456289
   -1.047197551   -2.032795246   51.476538498   17.262869655    5.194767630
   -0.856797996   -2.032795246   54.935199822   18.726292726    1.497859226
   -0.666398442   -2.032795246   58.463325370   17.673954514   -2.483561839
   -0.475998887   -2.032795246   61.423575558   12.504493379   -6.387298940
   -0.285599332   -2.032795246   62.920456207    2.258477978   -9.905836443
   -0.095199777   -2.032795246   61.995758970  -12.699376336  -12.843942940
    0.095199777   -2.032795246   57.946790538  -29.957888638  -15.151060447
    0.285599332   -2.032795246   50.742278211  -44.943489844  -16.857865239
    0.475998887   -2.032795246   41.354528941  -51.945339256  -17.988573372
    0.666398442   -2.032795246   31.784779481  -46.304050983  -18.494371250
    0.856797996   -2.032795246   24.610218595  -27.018577469  -18.268206047
    1.047197551   -2.032795246   22.125169448    1.867243714  -17.223925204
    1.237597106   -2.032795246   25.424259203   32.196975058  -15.386068003
    1.427996661   -2.032795246   33.902547234   54.894339049  -12.894471485
    1.618396215   -2.032795246   45.441509841   63.688744328   -9.939040357
    1.808795770   -2.032795246   57.182450138   57.214299527   -6.693887805
    1.999195325   -2.032795246   66.462502697   38.655195546   -3.292519875
    2.189594880   -2.032795246   71.499913007   13.686077532    0.151154647
    2.379994435   -2.032795246   71.653470461  -11.694167381    3.513413224
    2.570393989   -2.032795246   67.347368187  -32.443988290    6.656712577
    2.760793544   -2.032795246   59.827803514  -45.032990945    9.432621827
    2.951193099   -2.032795246   50.841088446  -47.780919219   11.701587851

   -3.141592654   -1.663196111   40.888762887  -40.691579180   11.731688960
   -2.951193099   -1.663196111   34.397365420  -26.880193712   12.176722921
   -2.760793544   -1.663196111   30.828315324  -10.752816513   11.954457301
   -2.570393989   -1.663196111   30.178743023    3.189442308   11.143391490
   -2.379994435   -1.663196111   31.718152479   11.979229167    9.832272516
   -2.189594880   -1.663196111   34.371729209   14.984177419    8.089101332
   -1.999195325   -1.663196111   37.149390583   13.642467929    5.937014279
   -1.808795770   -1.663196111   39.452629756   10.447413015    3.386408963
   -1.618396215   -1.663196111   41.162803763    7.765754375    0.474622379
   -1.427996661   -1.663196111   42.540414889    7.078192495   -2.708345626
   -1.237597106   -1.663196111   44.010553571    8.699617198   -6.016503020
   -1.047197551   -1.663196111   45.953911782   11.799808009   -9.256661887
   -0.856797996   -1.663196111   48.509237239   14.782615107  -12.212094345
   -0.666398442   -1.663196111   51.459088503   15.561783406  -14.670257111
   -0.475998887   -1.663196111   54.187181146   12.124523846  -16.450041655
   -0.285599332   -1.663196111   55.745300776    3.200047350  -17.463955387
   -0.095199777   -1.663196111   55.078097469  -11.045670074  -17.746411498
    0.095199777   -1.663196111   51.361039991  -28.222216733  -17.468547519
    0.285599332   -1.663196111   44.452813809  -43.625986377  -16.862741208
    0.475998887   -1.663196111   35.257506007  -51.241764427  -16.116680820
    0.666398442   -1.663196111   25.776321819  -46.015041458  -15.287125191
    0.856797996   -1.663196111   18.656026471  -26.636650123  -14.299337785
    1.047197551   -1.663196111   16.299760037    2.920298711  -13.021954419
    1.237597106   -1.663196111   19.897708443   34.310293591  -11.375052041
    1.427996661   -1.663196111   28.886471962   58.108366874   -9.356752060
    1.618396215   -1.663196111   41.120250471   67.688210915   -7.015481865
    1.808795770   -1.663196111   53.654291939   61.432663927   -4.416140510
    1.999195325   -1.663196111   63.707807085   42.448928789   -1.633139831
    2.189594880   -1.663196111   69.384812271   16.533000556    1.230841080
    2.379994435   -1.663196111   69.969485323  -10.025064222    4.038084739
    2.570393989   -1.663196111   65.877927604  -31.809622878    6.636126244
    2.760793544   -1.663196111   58.415521948  -44.976706665    8.873120389
    2.951193099   -1.663196111   49.430688468  -47.723165882   10.609284770

   -3.141592654   -1.293596975   39.562674094  -41.296611625    9.891873908
   -2.951193099   -1.293596975   32.938620931  -27.666829792    9.595127374
   -2.760793544   -1.293596975   29.201301571  -11.755636505    8.809667310
   -2.570393989   -1.293596975   28.325804866    1.767557037    7.564350834
   -2.379994435   -1.293596975   29.530048573    9.821519146    5.817547273
   -2.189594880   -1.293596975   31.676536887   11.765914081    3.464352181
   -1.999195325   -1.293596975   33.725786512    9.205535856    0.392087499
   -1.808795770   -1.293596975   35.077759537    4.952418606   -3.396567825
   -1.618396215   -1.293596975   35.680643057    1.747888454   -7.695669289
   -1.427996661   -1.293596975   35.925683620    1.344667891  -12.093268066
   -1.237597106   -1.293596975   36.399582513    4.104089463  -16.068957601
   -1.047197551   -1.293596975   37.629594101    8.982259703  -19.147214558
   -0.856797996   -1.293596975   39.842642585   14.015898763  -21.028979173
   -0.666398442   -1.293596975   42.834810247   16.727245177  -21.646433079
   -0.475998887   -1.293596975   45.937906884   14.806152166  -21.128404524
   -0.285599332   -1.293596975   48.104646031    6.801140609  -19.738518615
   -0.095199777   -1.293596975   48.154380222   -7.245591641  -17.790035904
    0.095199777   -1.293596975   45.119883315  -24.974900763  -15.595692724
    0.285599332   -1.293596975   38.725633288  -41.553407039  -13.395085754
    0.475998887   -1.293596975   29.789844778  -50.588712593  -11.317711281
    0.666398442   -1.293596975   20.318344502  -46.478228623   -9.379292477
    0.856797996   -1.293596975   13.063343102  -27.437397037   -7.533474389
    1.047197551   -1.293596975   10.598194510    2.709184109   -5.742875135
    1.237597106   -1.293596975   14.272176160   35.387404936   -4.024723242
    1.427996661   -1.293596975   23.610775803   60.689359235   -2.400400250
    1.618396215   -1.293596975   36.460841031   71.491211415   -0.840168102
    1.808795770   -1.293596975   49.788317180   65.836299200    0.744900231
    1.999195325   -1.293596975   60.679392677   46.714194710    2.439045890
    2.189594880   -1.293596975   67.104582492   20.031851658    4.238859164
    2.379994435   -1.293596975   68.251972320   -7.648845286    6.030807571
    2.570393989   -1.293596975   64.501563537  -30.582655101    7.638487016
    2.760793544   -1.293596975   57.180188350  -44.669275654    8.888248483
    2.951193099   -1.293596975   48.192093569  -48.008401401    9.657742519

   -3.141592654   -0.923997839   40.326688909  -43.273736612    6.172565082
   -2.951193099   -0.923997839   33.294040638  -29.932055913    4.801024376
   -2.760793544   -0.923997839   29.115379729  -14.101500974    3.062819701
   -2.570393989   -0.923997839   27.786190928   -0.677655662    1.043481958
   -2.379994435   -0.923997839   28.495572468    7.006380457   -1.291784394
   -2.189594880   -0.923997839   30.038270979    8.165162503   -4.089167568
   -1.999195325   -0.923997839   31.299931166    4.506781015   -7.498866271
   -1.808795770   -0.923997839   31.651357813   -0.810409945  -11.490633856
   -1.618396215   -0.923997839   31.092666695   -4.565703827  -15.737002522
   -1.427996661   -0.923997839   30.152878880   -4.612338383  -19.640671826
   -1.237597106   -0.923997839   29.608306446   -0.465401214  -22.516648081
   -1.047197551   -0.923997839   30.169162309    6.632962556  -23.848826847
   -0.856797996   -0.923997839   32.180547707   14.264290922  -23.473571112
   -0.666398442   -0.923997839   35.457726397   19.398225119  -21.608050204
   -0.475998887   -0.923997839   39.250113484   19.227258701  -18.725331333
   -0.285599332   -0.923997839   42.347511789   11.977672297  -15.361765269
   -0.095199777   -0.923997839   43.368537054   -2.396902805  -11.946553338
    0.095199777   -0.923997839   41.153825870  -21.323011801   -8.729771808
    0.285599332   -0.923997839   35.304920169  -39.487423160   -5.777276502
    0.475998887   -0.923997839   26.626738487  -49.859190478   -3.050962249
    0.666398442   -0.923997839   17.226041752  -46.315485536   -0.515114350
    0.856797996   -0.923997839   10.021698067  -26.936255147    1.776098948
    1.047197551   -0.923997839    7.737604836    4.155252091    3.669836871
    1.237597106   -0.923997839   11.790591398   37.888486475    4.989187866
    1.427996661   -0.923997839   21.685253380   63.951945784    5.682912690
    1.618396215   -0.923997839   35.195931764   75.088391077    5.894628589
    1.808795770   -0.923997839   49.210166978   69.391920697    5.912805473
    1.999195325   -0.923997839   60.750062306   49.919378261    6.020857606
    2.189594880   -0.923997839   67.730049251   22.602947169    6.349650321
    2.379994435   -0.923997839   69.285174139   -5.975171999    6.832126291
    2.570393989   -0.923997839   65.753477285  -29.973618649    7.261694611
    2.760793544   -0.923997839   58.444527153  -45.131470995    7.396378219
    2.951193099   -0.923997839   49.278549510  -49.373373174    7.055535665

   -3.141592654   -0.554398704   41.713345928  -47.021177296    3.522453453
   -2.951193099   -0.554398704   33.890328895  -34.398847171    1.002675155
   -2.760793544   -0.554398704   28.827970639  -18.844649180   -1.757063513
   -2.570393989   -0.554398704   26.589363157   -5.477230546   -4.548958859
   -2.379994435   -0.554398704   26.371826757    2.022829564   -7.334671861
   -2.189594880   -0.554398704   26.921421823    2.658531766  -10.254663627
   -1.999195325   -0.554398704   27.067064764   -1.701089131  -13.473859368
   -1.808795770   -0.554398704   26.190680923   -7.386593066  -16.939614044
   -1.618396215   -0.554398704   24.415627855  -10.568127933  -20.245654811
   -1.427996661   -0.554398704   22.487010885   -8.779618640  -22.711888459
   -1.237597106   -0.554398704   21.411276234   -1.740673702  -23.661868555
   -1.047197551   -0.554398704   22.042262268    8.645239900  -22.751927851
   -0.856797996   -0.554398704   24.720626159   19.122939540  -20.136730633
   -0.666398442   -0.554398704   29.111013550   26.012872049  -16.389007154
   -0.475998887   -0.554398704   34.223745418   26.256954869  -12.246057595
   -0.285599332   -0.554398704   38.603054111   18.252609548   -8.309224639
   -0.095199777   -0.554398704   40.688332676    2.438269021   -4.856742946
    0.095199777   -0.554398704   39.248494183  -17.976711148   -1.823997801
    0.285599332   -0.554398704   33.931169859  -37.131100159    1.074576202
    0.475998887   -0.554398704   25.668629688  -47.726855567    4.115562650
    0.666398442   -0.554398704   16.706865803  -43.776920505    7.344328479
    0.856797996   -0.554398704   10.043080906  -23.829166469   10.477424560
    1.047197551   -0.554398704    8.380493759    7.465357162   13.000648133
    1.237597106   -0.554398704   13.036216541   40.802263479   14.421181016
    1.427996661   -0.554398704   23.411046882   66.034727211   14.552580665
    1.618396215   -0.554398704   37.235213467   76.323969591   13.617092540
    1.808795770   -0.554398704   51.428769516   70.106660712   12.128328494
    1.999195325   -0.554398704   63.085441735   50.478681898   10.631190580
    2.189594880   -0.554398704   70.170297171   23.139004330    9.457502333
    2.379994435   -0.554398704   71.811709276   -5.660680216    8.630297763
    2.570393989   -0.554398704   68.286635270  -30.293929301    7.918726021
    2.760793544   -0.554398704   60.821752384  -46.501577143    6.985831810
    2.951193099   -0.554398704   51.276423269  -51.998689077    5.554010485

   -3.141592654   -0.184799568   42.449569844  -52.495770323    1.143189178
   -2.951193099   -0.184799568   33.509934154  -40.532089255   -1.795259980
   -2.760793544   -0.184799568   27.263326527  -25.051454039   -4.794588670
   -2.570393989   -0.184799568   23.868023293  -11.386186353   -7.628065930
   -2.379994435   -0.184799568   22.554386706   -3.614537000  -10.259022518
   -2.189594880   -0.184799568   22.035626242   -2.968696424  -12.840521824
   -1.999195325   -0.184799568   21.101575854   -7.378834779  -15.526369940
   -1.808795770   -0.184799568   19.175555935  -12.583062426  -18.214502381
   -1.618396215   -0.184799568   16.545530244  -14.124636807  -20.430354985
   -1.427996661   -0.184799568   14.202223544   -9.374834710  -21.469189100
   -1.237597106   -0.184799568   13.363703179    1.397999678  -20.741887587
   -1.047197551   -0.184799568   14.934606521   15.234021809  -18.129338839
   -0.856797996   -0.184799568   19.094839374   27.811298473  -14.092773369
   -0.666398442   -0.184799568   25.190825816   34.912824342   -9.476476998
   -0.475998887   -0.184799568   31.881564038   33.707454697   -5.139458423
   -0.285599332   -0.184799568   37.467704068   23.427584873   -1.585887971
   -0.095199777   -0.184799568   40.334959967    5.598203336    1.189222399
    0.095199777   -0.184799568   39.391149703  -15.694256390    3.621376633
    0.285599332   -0.184799568   34.538889831  -34.309246317    6.300413646
    0.475998887   -0.184799568   26.949290757  -43.396793732    9.615568790
    0.666398442   -0.184799568   18.964325902  -37.960015173   13.484333971
    0.856797996   -0.184799568   13.474878351  -17.567539952   17.318837095
    1.047197551   -0.184799568   12.925130565   12.616009773   20.268843333
    1.237597106   -0.184799568   18.350573832   43.586061929   21.622037757
    1.427996661   -0.184799568   28.993210506   66.089602839   21.153566922
    1.618396215   -0.184799568   42.610272537   74.255861084   19.197567542
    1.808795770   -0.184799568   56.296087493   67.042838301   16.449913117
    1.999195325   -0.184799568   67.358844543   47.444240875   13.630960952
    2.189594880   -0.184799568   73.912459833   20.623561143   11.202980307
    2.379994435   -0.184799568   75.117856827   -7.794290584    9.261615385
    2.570393989   -0.184799568   71.180327806  -32.604703338    7.595743165
    2.760793544   -0.184799568   63.205989878  -49.632367638    5.854099922
    2.951193099   -0.184799568   52.952383850  -56.338771160    3.738002480

   -3.141592654    0.184799568   42.510217002  -57.627508026   -1.336024845
   -2.951193099    0.184799568   32.547915694  -46.027174845   -3.749171345
   -2.760793544    0.184799568   25.262375777  -30.382812606   -5.987315761
   -2.570393989    0.184799568   20.894088047  -16.249232066   -7.965271654
   -2.379994435    0.184799568   18.697078313   -8.058689634   -9.745847403
   -2.189594880    0.184799568   17.357322321   -7.161563799  -11.503924678
   -1.999195325    0.184799568   15.655661834  -11.173035406  -13.341427810
   -1.808795770    0.184799568   13.100030959  -15.224347165  -15.085578289
   -1.618396215    0.184799568   10.171425107  -14.409938426  -16.238866965
   -1.427996661    0.184799568    8.084246417   -6.277361927  -16.168929418
   -1.237597106    0.184799568    8.176914593    8.000041039  -14.456030532
   -1.047197551    0.184799568   11.260494456   24.237683310  -11.197423345
   -0.856797996    0.184799568   17.206561440   37.197628968   -7.026225892
   -0.666398442    0.184799568   24.956578316   42.586732296   -2.823887375
   -0.475998887    0.184799568   32.835722283   38.404547499    0.692051038
   -0.285599332    0.184799568   39.027020841   25.207944859    3.311348709
   -0.095199777    0.184799568   42.052902333    5.776893641    5.383316898
    0.095199777    0.184799568   41.145584794  -15.159205160    7.607485874
    0.285599332    0.184799568   36.571506473  -31.708145443   10.639295600
    0.475998887    0.184799568   29.737088028  -38.081919583   14.700464891
    0.666398442    0.184799568   22.973205158  -30.704573119   19.374782356
    0.856797996    0.184799568   18.907548698  -10.251002421   23.719641303
    1.047197551    0.184799568   19.585334202   17.858517287   26.660912014
    1.237597106    0.184799568   25.689254974   45.336019395   27.467489166
    1.427996661    0.184799568   36.309224119   64.191399664   26.054189437
    1.618396215    0.184799568   49.290558521   69.717801655   22.943713366
    1.808795770    0.184799568   61.982690664   61.413512066   18.976275002
    1.999195325    0.184799568   71.981318826   42.083790224   14.945296160
    2.189594880    0.184799568   77.601490167   16.233541296   11.351137696
    2.379994435    0.184799568   78.064750382  -11.266438936    8.340399941
    2.570393989    0.184799568   73.510357839  -35.735627380    5.785076381
    2.760793544    0.184799568   64.914427452  -53.133706321    3.438157146
    2.951193099    0.184799568   53.918738695  -60.668350509    1.089011906

   -3.141592654    0.554398704   44.159596792  -60.460503151   -1.060757456
   -2.951193099    0.554398704   33.598335067  -49.433168160   -2.209502608
   -2.760793544    0.554398704   25.630047604  -34.082914523   -3.215965609
   -2.570393989    0.554398704   20.554713154  -19.922267927   -4.151513240
   -2.379994435    0.554398704   17.678390467  -11.493924893   -5.114643873
   -2.189594880    0.554398704   15.718123412  -10.210961958   -6.195585318
   -1.999195325    0.554398704   13.491770050  -13.561605156   -7.371034744
   -1.808795770    0.554398704   10.585241464  -16.408498562   -8.423871512
   -1.618396215    0.554398704    7.600443594  -13.714454333   -8.962415768
   -1.427996661    0.554398704    5.859039337   -3.326311062   -8.580939089
   -1.237597106    0.554398704    6.706929213   12.845559311   -7.085249942
   -1.047197551    0.554398704   10.806269700   29.813663591   -4.651242157
   -0.856797996    0.554398704   17.760922203   41.973079367   -1.764031863
   -0.666398442    0.554398704   26.246456339   45.411546468    1.032567625
   -0.475998887    0.554398704   34.456837479   39.136943294    3.417725758
   -0.285599332    0.554398704   40.659576382   24.837008062    5.479730723
   -0.095199777    0.554398704   43.645243854    6.036798180    7.655154474
    0.095199777    0.554398704   42.986699595  -12.576534412   10.508377359
    0.285599332    0.554398704   39.202104542  -25.965552049   14.395546343
    0.475998887    0.554398704   33.731312372  -29.710638850   19.192914188
    0.666398442    0.554398704   28.676263653  -21.513793152   24.208826065
    0.856797996    0.554398704   26.251499762   -2.607434860   28.374450024
    1.047197551    0.554398704   28.075862264   22.013514252   30.656721346
    1.237597106    0.554398704   34.566859222   45.246741104   30.488315418
    1.427996661    0.554398704   44.801288846   60.427637188   27.981163749
    1.618396215    0.554398704   56.827829049   63.735973692   23.811512813
    1.808795770    0.554398704   68.301823501   54.858496375   18.901259337
    1.999195325    0.554398704   77.102728520   36.225190798   14.076865891
    2.189594880    0.554398704   81.729731308   11.713288762    9.869396161
    2.379994435    0.554398704   81.466840616  -14.421630746    6.484431365
    2.570393989    0.554398704   76.410792966  -37.950808057    3.876042419
    2.760793544    0.554398704   67.431250484  -55.053296092    1.870115853
    2.951193099    0.554398704   56.048505867  -62.889403563    0.273224823

   -3.141592654    0.923997839   44.084086859  -61.629974286   -0.644395589
   -2.951193099    0.923997839   33.355235002  -50.005908422   -0.195374092
   -2.760793544    0.923997839   25.328721240  -34.129217643    0.388738783
   -2.570393989    0.923997839   20.281902864  -19.605682677    0.831927851
   -2.379994435    0.923997839   17.478886026  -11.086174984    0.955510612
   -2.189594880    0.923997839   15.581328160   -9.994536186    0.711381180
   -1.999195325    0.923997839   13.364423921  -13.681139201    0.193148018
   -1.808795770    0.923997839   10.408605941  -16.773132088   -0.404378924
   -1.618396215    0.923997839    7.351173835  -14.069490866   -0.842802479
   -1.427996661    0.923997839    5.560557611   -3.470273455   -0.909904398
   -1.237597106    0.923997839    6.400609252   12.870147064   -0.483240812
   -1.047197551    0.923997839   10.502244260   29.757559776    0.432584059
   -0.856797996    0.923997839   17.421173986   41.646068462    1.742984110
   -0.666398442    0.923997839   25.831123624   45.018994316    3.345807889
   -0.475998887    0.923997839   34.015568936   39.417463821    5.214529548
   -0.285599332    0.923997839   40.420228671   26.860358841    7.458325097
   -0.095199777    0.923997839   44.037597248   10.777697418   10.271845857
    0.095199777    0.923997839   44.578040287   -4.727933969   13.835951332
    0.285599332    0.923997839   42.549359015  -15.544039028   18.129660827
    0.475998887    0.923997839   39.193712366  -18.238918884   22.782172907
    0.666398442    0.923997839   36.251649030  -11.180969585   27.055899056
    0.856797996    0.923997839   35.509315117    4.406289817   30.039235629
    1.047197551    0.923997839   38.232301884   24.302679706   30.986839113
    1.237597106    0.923997839   44.686579463   42.665606605   29.632872522
    1.427996661    0.923997839   54.041886512   54.029225258   26.278983293
    1.618396215    0.923997839   64.622343117   55.250202687   21.625102359
    1.808795770    0.923997839   74.421570888   46.005088906   16.487324071
    1.999195325    0.923997839   81.605067707   28.238593802   11.551966575
    2.189594880    0.923997839   84.846747317    5.197804476    7.271712657
    2.379994435    0.923997839   83.493572012  -19.380936220    3.881530413
    2.570393989    0.923997839   77.625323609  -41.572680901    1.456277564
    2.760793544    0.923997839   68.058195512  -57.646508266   -0.027788561
    2.951193099    0.923997839   56.257699881  -64.706574653   -0.670026862

   -3.141592654    1.293596975   40.681219866  -60.261437819   -5.253488177
   -2.951193099    1.293596975   30.363307075  -47.173356902   -4.208457993
   -2.760793544    1.293596975   22.945979034  -30.724662234   -2.864650149
   -2.570393989    1.293596975   18.525452087  -16.568844297   -1.510014295
   -2.379994435    1.293596975   16.207059580   -9.117151662   -0.297044001
   -2.189594880    1.293596975   14.553470998   -9.424649443    0.765598886
   -1.999195325    1.293596975   12.307714311  -14.540125221    1.758803768
   -1.808795770    1.293596975    9.064798712  -18.892930129    2.745070464
   -1.618396215    1.293596975    5.509054877  -17.117954048    3.709988809
   -1.427996661    1.293596975    3.090988245   -6.909269044    4.581127485
   -1.237597106    1.293596975    3.300005925    9.813216857    5.304177126
   -1.047197551    1.293596975    6.929401257   27.999134870    5.910864596
   -0.856797996    1.293596975   13.706699139   42.033006114    6.545981073
   -0.666398442    1.293596975   22.441594807   48.093196329    7.432288372
   -0.475998887    1.293596975   31.477427641   45.263611293    8.801245622
   -0.285599332    1.293596975   39.231475489   35.086887154   10.841641607
   -0.095199777    1.293596975   44.584312734   20.632278910   13.631202013
    0.095199777    1.293596975   47.076815963    5.732521717   17.092600229
    0.285599332    1.293596975   47.002543722   -5.693839375   20.911056737
    0.475998887    1.293596975   45.359239052  -10.321013438   24.513727791
    0.666398442    1.293596975   43.642653478   -6.396173641   27.154686502
    0.856797996    1.293596975   43.450593279    5.339637618   28.143632958
    1.047197551    1.293596975   45.982596905   21.440798642   27.116617282
    1.237597106    1.293596975   51.591148817   36.826590678   24.206507693
    1.427996661    1.293596975   59.648792429   46.439450399   19.960742820
    1.618396215    1.293596975   68.712719379   47.067516877   15.084415631
    1.808795770    1.293596975   76.962794941   38.001608203   10.185361484
    1.999195325    1.293596975   82.671597110   20.788971450    5.655073600
    2.189594880    1.293596975   84.561400191   -1.520681453    1.711855816
    2.379994435    1.293596975   82.014364942  -25.154428977   -1.499588538
    2.570393989    1.293596975   75.164153571  -46.037904983   -3.854383545
    2.760793544    1.293596975   64.906386233  -60.356370559   -5.254407095
    2.951193099    1.293596975   52.782825993  -65.349092085   -5.683528371

   -3.141592654    1.663196111   35.227369891  -58.764561658  -13.616156145
   -2.951193099    1.663196111   25.347909396  -44.192496647  -12.599944104
   -2.760793544    1.663196111   18.571020683  -27.135814406  -10.812229103
   -2.570393989    1.663196111   14.826388174  -13.165307804   -8.501771157
   -2.379994435    1.663196111   13.100230198   -6.337978041   -5.848926560
   -2.189594880    1.663196111   11.910137993   -7.317474441   -2.956196269
   -1.999195325    1.663196111   10.012730402  -12.964924685    0.089335445
   -1.808795770    1.663196111    7.028749611  -17.746981550    3.104707948
   -1.618396215    1.663196111    3.652097725  -16.388890845    5.788582191
   -1.427996661    1.663196111    1.338945169   -6.515865317    7.823636131
   -1.237597106    1.663196111    1.617318380   10.217478949    9.049478435
   -1.047197551    1.663196111    5.374580141   29.048871633    9.589246217
   -0.856797996    1.663196111   12.470777756   44.434829494    9.831557251
   -0.666398442    1.663196111   21.832896561   52.317237060   10.272161295
   -0.475998887    1.663196111   31.852127334   51.332040661   11.298429496
   -0.285599332    1.663196111   40.904109569   42.534210065   13.049497647
   -0.095199777    1.663196111   47.742219432   28.624974337   15.374216671
    0.095199777    1.663196111   51.723698047   13.182114996   17.895478182
    0.285599332    1.663196111   52.922905466    0.030095892   20.086104970
    0.475998887    1.663196111   52.118032813   -7.393627595   21.380505202
    0.666398442    1.663196111   50.635174694   -6.916246775   21.313531260
    0.856797996    1.663196111   50.014157023    1.431472481   19.684463870
    1.047197551    1.663196111   51.540993247   14.983277183   16.658452006
    1.237597106    1.663196111   55.778847985   29.108432440   12.739771545
    1.427996661    1.663196111   62.345070449   38.646542558    8.545213246
    1.618396215    1.663196111   69.974706477   39.844266540    4.546759443
    1.808795770    1.663196111   76.910515875   31.385975075    0.927373890
    1.999195325    1.663196111   81.397572754   14.529830641   -2.367624740
    2.189594880    1.663196111   82.115856907   -7.552611688   -5.449538595
    2.379994435    1.663196111   78.457955083  -30.709652213   -8.320179726
    2.570393989    1.663196111   70.639963230  -50.525648294  -10.820827480
    2.760793544    1.663196111   59.683141064  -63.103640709  -12.685931295
    2.951193099    1.663196111   47.237651368  -65.933743579  -13.661805288

   -3.141592654    2.032795246   28.180990774  -59.119311475  -17.484176548
   -2.951193099    2.032795246   18.415215277  -42.666176190  -16.198895319
   -2.760793544    2.032795246   12.092654286  -23.955945570  -13.964529420
   -2.570393989    2.032795246    9.085081405   -8.661811268  -11.060580336
   -2.379994435    2.032795246    8.316557287   -0.836492041   -7.712270094
   -2.189594880    2.032795246    8.243939524   -1.139682827   -4.038301247
   -1.999195325    2.032795246    7.554204106   -6.550670163   -0.108854112
   -1.808795770    2.032795246    5.767012997  -11.711127724    3.910098933
   -1.618396215    2.032795246    3.450546594  -11.393381818    7.687580391
   -1.427996661    2.032795246    1.954768833   -2.962777609   10.809765580
   -1.237597106    2.032795246    2.779105771   12.461796559   12.975111083
   -1.047197551    2.032795246    6.891560066   30.670841342   14.174274231
   -0.856797996    2.032795246   14.311449983   46.355968669   14.707195770
   -0.666398442    2.032795246   24.127098847   55.226948995   15.021434915
   -0.475998887    2.032795246   34.808996882   55.336374148   15.467729429
   -0.285599332    2.032795246   44.689901308   47.091136858   16.125101569
   -0.095199777    2.032795246   52.371231213   32.734198468   16.757707416
    0.095199777    2.032795246   57.001095902   15.693668017   16.920490279
    0.285599332    2.032795246   58.447875721   -0.014733855   16.121414601
    0.475998887    2.032795246   57.348521268  -10.466926122   14.026268944
    0.666398442    2.032795246   55.003554832  -12.783978425   10.629228660
    0.856797996    2.032795246   53.070291521   -6.267963544    6.327050961
    1.047197551    2.032795246   53.069051573    6.891583398    1.815096072
    1.237597106    2.032795246   55.840402415   21.983027445   -2.155651154
    1.427996661    2.032795246   61.207311361   33.224412305   -5.112272076
    1.618396215    2.032795246   67.962833281   35.999210111   -7.041914615
    1.808795770    2.032795246   74.258147174   28.350717977   -8.339472110
    1.999195325    2.032795246   78.171878748   11.418194248   -9.551000562
    2.189594880    2.032795246   78.243037629  -11.271367153  -11.073417552
    2.379994435    2.032795246   73.817296259  -34.994624184  -12.977201667
    2.570393989    2.032795246   65.167957358  -54.849675128  -15.007237989
    2.760793544    2.032795246   53.443539305  -66.707519099  -16.713997254
    2.951193099    2.032795246   40.436756967  -68.117249759  -17.640036153

   -3.141592654    2.402394382   20.259397737  -60.374820534  -11.488527143
   -2.951193099    2.402394382   10.479098592  -41.543564239   -9.614890012
   -2.760793544    2.402394382    4.603109663  -20.430108020   -7.143475629
   -2.570393989    2.402394382    2.476930255   -2.995906625   -4.343108501
   -2.379994435    2.402394382    2.959691973    6.563793951   -1.346531359
   -2.189594880    2.402394382    4.424215433    7.518427700    1.897866247
   -1.999195325    2.402394382    5.457246614    2.769475684    5.519830331
   -1.808795770    2.402394382    5.448479078   -2.498348781    9.509053186
   -1.618396215    2.402394382    4.807324317   -3.153270410   13.574881022
   -1.427996661    2.402394382    4.729056814    3.589063854   17.196229603
   -1.237597106    2.402394382    6.614013218   17.039510542   19.843374483
   -1.047197551    2.402394382   11.426276830   33.511097776   21.236277758
   -0.856797996    2.402394382   19.267205307   48.036517261   21.449409905
   -0.666398442    2.402394382   29.338254968   56.286710010   20.810465766
   -0.475998887    2.402394382   40.180422458   55.934292474   19.676995875
   -0.285599332    2.402394382   50.107496169   46.866151434   18.231792540
   -0.095199777    2.402394382   57.609666757   30.931722781   16.406043972
    0.095199777    2.402394382   61.679270558   11.487478215   13.947403631
    0.285599332    2.402394382   62.056772686   -7.065322234   10.581061972
    0.475998887    2.402394382   59.362880073  -20.032419826    6.221498415
    0.666398442    2.402394382   55.047368493  -23.630970940    1.136671251
    0.856797996    2.402394382   51.071674777  -16.534649839   -4.031243899
    1.047197551    2.402394382   49.321770276   -0.931674401   -8.454917067
    1.237597106    2.402394382   50.931677002   17.698913045  -11.438858539
    1.427996661    2.402394382   55.820120021   32.363297563  -12.749298272
    1.618396215    2.402394382   62.645436247   37.329169141  -12.700359921
    1.808795770    2.402394382   69.263270676   30.118763275  -11.982694778
    1.999195325    2.402394382   73.427970737   12.087151029  -11.322123597
    2.189594880    2.402394382   73.449455475  -12.515493833  -11.169980492
    2.379994435    2.402394382   68.601535686  -38.102337330  -11.574020529
    2.570393989    2.402394382   59.236524443  -59.089416920  -12.238140337
    2.760793544    2.402394382   46.682718981  -70.984537453  -12.698387331
    2.951193099    2.402394382   32.948640476  -71.312464591  -12.526858015

   -3.141592654    2.771993518   16.382315548  -59.392130536    0.915831344
   -2.951193099    2.771993518    6.899003479  -39.458576462    3.332392670
   -2.760793544    2.771993518    1.506705473  -17.497907482    5.784640294
   -2.570393989    2.771993518    0.000000000    0.552051425    8.156978806
   -2.379994435    2.771993518    1.215196751   10.732937381   10.517255013
   -2.189594880    2.771993518    3.552346786   12.569996726   13.105969513
   -1.999195325    2.771993518    5.654570943    8.968775185   16.176794629
   -1.808795770    2.771993518    6.934175336    4.775085457   19.756748040
   -1.618396215    2.771993518    7.736147974    4.589946171   23.503048112
   -1.427996661    2.771993518    9.099279074   10.804424640   26.767467261
   -1.237597106    2.771993518   12.226860916   22.731642397   28.849949074
   -1.047197551    2.771993518   17.925379863   37.065890181   29.306818656
   -0.856797996    2.771993518   26.228358723   49.347950413   28.107662908
   -0.666398442    2.771993518   36.352088508   55.571777649   25.571813709
   -0.475998887    2.771993518   46.883675724   53.402369047   22.156400483
   -0.285599332    2.771993518   56.156743613   42.501645203   18.221336133
   -0.095199777    2.771993518   62.636105622   24.511296802   13.912446100
    0.095199777    2.771993518   65.272894938    2.857681811    9.194661738
    0.285599332    2.771993518   63.816040585  -17.602342561    4.001505330
    0.475998887    2.771993518   59.008430353  -31.470782151   -1.561628708
    0.666398442    2.771993518   52.554467704  -34.346310014   -7.079383832
    0.856797996    2.771993518   46.749246328  -24.756202037  -11.863832675
    1.047197551    2.771993518   43.776803047   -5.401609650  -15.188953678
    1.237597106    2.771993518   44.917776598   17.183698298  -16.601843179
    1.427996661    2.771993518   50.019109705   34.893671393  -16.154234396
    1.618396215    2.771993518   57.489457982   41.291923288  -14.364863506
    1.808795770    2.771993518   64.864461353   33.876150817  -11.972978259
    1.999195325    2.771993518   69.631742090   14.545210746   -9.621491446
    2.189594880    2.771993518   69.964370844  -11.693004111   -7.647445046
    2.379994435    2.771993518   65.137557043  -38.599660389   -6.057096697
    2.570393989    2.771993518   55.605102822  -60.214206510   -4.635034355
    2.760793544    2.771993518   42.841100929  -71.947558581   -3.105328745
    2.951193099    2.771993518   28.993564815  -71.464442964   -1.269306137
