#! FIELDS phi psi file.free der_phi der_psi
#! SET min_phi -pi
#! SET max_phi pi
#! SET nbins_phi  33
#! SET periodic_phi true
#! SET min_psi -pi
#! SET max_psi pi
#! SET nbins_psi  17
#! SET periodic_psi true
   -3.141592654   -3.141592654   22.951132386  -52.364510458   10.233869401
   -2.951193099   -3.141592654   14.134011025  -39.106978012   13.078301793
   -2.760793544   -3.141592654    8.391658033  -20.845661233   15.613426133
   -2.570393989   -3.141592654    6.174463361   -2.972649777   17.694121015
   -2.379994435   -3.141592654    6.918384507    9.617339508   19.401505865
   -2.189594880   -3.141592654    9.352456784   14.702201784   21.001763658
   -1.999195325   -3.141592654   12.114578661   13.542874576   22.759007708
   -1.808795770   -3.141592654   14.355942752    9.983152190   24.699515894
   -1.618396215   -3.141592654   16.040299376    8.328739979   26.485043492
   -1.427996661   -3.141592654   17.820112720   11.206471356   27.505405477
   -1.237597106   -3.141592654   20.588638359   18.439321452   27.161211755
   -1.047197551   -3.141592654   24.959333139   27.440978349   25.178660833
   -0.856797996   -3.141592654   30.929317425   34.625227732   21.755703100
   -0.666398442   -3.141592654   37.850743055   36.992352816   17.448250205
   -0.475998887   -3.141592654   44.644370596   33.205149742   12.897573344
   -0.285599332   -3.141592654   50.150210982   23.707821288    8.540248055
   -0.095199777   -3.141592654   53.439268697   10.353343150    4.476335116
    0.095199777   -3.141592654   54.035016574   -4.042897553    0.543487391
    0.285599332   -3.141592654   52.055221697  -16.118376740   -3.463931282
    0.475998887   -3.141592654   48.266941929  -22.544621099   -7.545059629
    0.666398442   -3.141592654   43.990382626  -21.019796402  -11.357532784
    0.856797996   -3.141592654   40.789341783  -11.489041496  -14.296519215
    1.047197551   -3.141592654   39.963262612    3.247942154  -15.759940708
    1.237597106   -3.141592654   42.050976317   18.248194391  -15.452118583
    1.427996661   -3.141592654   46.603679889   28.400594841  -13.556861393
    1.618396215   -3.141592654   52.355475188   30.556503910  -10.648047897
    1.808795770   -3.141592654   57.703722655   24.327860924   -7.428652877
    1.999195325   -3.141592654   61.197002931   11.479530829   -4.442091327
    2.189594880   -3.141592654   61.820721871   -5.356437510   -1.903834181
    2.379994435   -3.141592654   59.073682246  -23.493459015    0.286677882
    2.570393989   -3.141592654   52.964932296  -40.178060246    2.407340940
    2.760793544   -3.141592654   44.058548227  -52.352889537    4.727392248
    2.951193099   -3.141592654   33.508613994  -57.015313602    7.366275254

   -3.141592654   -2.771993518   28.821877973  -45.509455836   16.486444278
   -2.951193099   -2.771993518   21.200437511  -33.554085345   19.665462570
   -2.760793544   -2.771993518   16.341436405  -17.178812624   21.923149494
   -2.570393989   -2.771993518   14.639943048   -1.163006553   23.162614740
   -2.379994435   -2.771993518   15.599764455   10.224705135   23.618466686
   -2.189594880   -2.771993518   18.111047272   15.063436989   23.744911912
   -1.999195325   -2.771993518   20.980997415   14.389293892   23.969884042
   -1.808795770   -2.771993518   23.440830209   11.373703825   24.446018472
   -1.618396215   -2.771993518   25.390325417    9.555632020   24.940630179
   -1.427996661   -2.771993518   27.298779224   11.137260791   24.939519117
   -1.237597106   -2.771993518   29.848649303   16.097143141   23.912986613
   -1.047197551   -2.771993518   33.522800480   22.484633024   21.599009989
   -0.856797996   -2.771993518   38.327862687   27.475215262   18.133441733
   -0.666398442   -2.771993518   43.749382402   28.574059110   13.957639133
   -0.475998887   -2.771993518   48.897487769   24.499434318    9.592635273
   -0.285599332   -2.771993518   52.774373640   15.388939722    5.391268335
   -0.095199777   -2.771993518   54.538035985    2.667324231    1.430115395
    0.095199777   -2.771993518   53.727102190  -11.143243409   -2.424283904
    0.285599332   -2.771993518   50.445800732  -22.676249921   -6.313032911
    0.475998887   -2.771993518   45.475112245  -28.331667761  -10.168149152
    0.666398442   -2.771993518   40.210994486  -25.482684421  -13.611393999
    0.856797996   -2.771993518   36.339414522  -13.949837012  -16.057277566
    1.047197551   -2.771993518   35.273196644    3.236746341  -16.973177701
    1.237597106   -2.771993518   37.590892552   20.618076440  -16.156503762
    1.427996661   -2.771993518   42.776481969   32.547149201  -13.854026550
    1.618396215   -2.771993518   49.416093085   35.591032477  -10.639845838
    1.808795770   -2.771993518   55.743592500   29.479198829   -7.150092847
    1.999195325   -2.771993518   60.197956458   16.406536162   -3.817369548
    2.189594880   -2.771993518   61.746873326   -0.508721602   -0.742512089
    2.379994435   -2.771993518   59.949623689  -18.281826779    2.249799974
    2.570393989   -2.771993518   54.902513235  -34.193646710    5.433124822
    2.760793544   -2.771993518   47.219153997  -45.526167691    8.967703696
    2.951193099   -2.771993518   38.020735578  -49.763716708   12.766048202

   -3.141592654   -2.402394382   35.297601030  -39.196014699   16.408378333
   -2.951193099   -2.402394382   28.715962272  -29.061129161   18.953357644
   -2.760793544   -2.402394382   24.510606523  -14.804845421   20.437998778
   -2.570393989   -2.402394382   23.083937131   -0.540562261   20.861075998
   -2.379994435   -2.402394382   24.061423485    9.951466991   20.507058892
   -2.189594880   -2.402394382   26.510152158   14.810892816   19.801846434
   -1.999195325   -2.402394382   29.379137415   14.660938840   19.096458530
   -1.808795770   -2.402394382   31.931152198   11.978537988   18.500533238
   -1.618396215   -2.402394382   33.965497522    9.671225538   17.849657560
   -1.427996661   -2.402394382   35.764477374    9.705514253   16.822107603
   -1.237597106   -2.402394382   37.828744849   12.358245402   15.134179465
   -1.047197551   -2.402394382   40.558485052   16.369151777   12.708279058
   -0.856797996   -2.402394382   44.020478425   19.650670301    9.713488014
   -0.666398442   -2.402394382   47.872925593   20.121323873    6.461149305
   -0.475998887   -2.402394382   51.431965149   16.406346862    3.243371432
   -0.285599332   -2.402394382   53.846952574    8.172820724    0.185733762
   -0.095199777   -2.402394382   54.320490286   -3.704199416   -2.776958355
    0.095199777   -2.402394382   52.350674229  -16.995590948   -5.810707752
    0.285599332   -2.402394382   47.984340878  -28.218853250   -9.002402081
    0.475998887   -2.402394382   42.000434239  -33.348184413  -12.206051555
    0.666398442   -2.402394382   35.880009370  -29.319633650  -14.997586150
    0.856797996   -2.402394382   31.451825239  -15.826982769  -16.808408789
    1.047197551   -2.402394382   30.255640062    3.795055628  -17.169639990
    1.237597106   -2.402394382   32.907795762   23.505008367  -15.952029293
    1.427996661   -2.402394382   38.816156804   37.115603477  -13.435238754
    1.618396215   -2.402394382   46.415781272   40.964091731  -10.167637575
    1.808795770   -2.402394382   53.785334560   34.968715738   -6.713314765
    1.999195325   -2.402394382   59.273481017   21.773990991   -3.421996353
    2.189594880   -2.402394382   61.847759178    4.954141061   -0.339041227
    2.379994435   -2.402394382   61.133194805  -12.302628599    2.716312312
    2.570393989   -2.402394382   57.298018427  -27.431425537    5.968904725
    2.760793544   -2.402394382   50.967957866  -38.152826654    9.491851638
    2.951193099   -2.402394382   43.182817087  -42.447017426   13.104352774

   -3.141592654   -2.032795246   40.392056910  -34.833491829   12.006702110
   -2.951193099   -2.032795246   34.475562974  -26.526364002   13.594763120
   -2.760793544   -2.032795246   30.560493359  -14.277037560   14.297484913
   -2.570393989   -2.032795246   29.067816268   -1.669117358   14.144491361
   -2.379994435   -2.032795246   29.724973234    7.833834848   13.360810423
   -2.189594880   -2.032795246   31.727046226   12.315581402   12.254611021
   -1.999195325   -2.032795246   34.109175158   12.049323485   11.072610890
   -1.808795770   -2.032795246   36.144213534    9.110963785    9.911575482
   -1.618396215   -2.032795246   37.581139165    6.208108840    8.720116631
   -1.427996661   -2.032795246   38.643755854    5.422225628    7.378711799
   -1.237597106   -2.032795246   39.820274118    7.376699587    5.801757048
   -1.047197551   -2.032795246   41.569671747   11.166231475    4.004745197
   -0.856797996   -2.032795246   44.069962162   14.860836617    2.096240491
   -0.666398442   -2.032795246   47.089178370   16.223272163    0.203443580
   -0.475998887   -2.032795246   49.999782308   13.476958059   -1.607194213
   -0.285599332   -2.032795246   51.922082268    5.839611247   -3.389837900
   -0.095199777   -2.032795246   51.957104091   -6.090361899   -5.297510701
    0.095199777   -2.032795246   49.478763693  -20.018341820   -7.506076356
    0.285599332   -2.032795246   44.458329693  -32.037943916  -10.068186891
    0.475998887   -2.032795246   37.703405166  -37.489970202  -12.794905684
    0.666398442   -2.032795246   30.840296999  -32.781819596  -15.227621077
    0.856797996   -2.032795246   25.907650662  -17.487418239  -16.772408723
    1.047197551   -2.032795246   24.628946072    4.650367267  -16.946487202
    1.237597106   -2.032795246   27.688580089   26.855848455  -15.618616753
    1.427996661   -2.032795246   34.420505089   42.251838337  -13.071150634
    1.618396215   -2.032795246   43.087841974   46.872732297   -9.856722119
    1.808795770   -2.032795246   51.586929538   40.818629876   -6.541306120
    1.999195325   -2.032795246   58.152143448   27.222137102   -3.479917575
    2.189594880   -2.032795246   61.734714662   10.147554069   -0.737248377
    2.379994435   -2.032795246   62.014575731   -6.987757466    1.834189246
    2.570393989   -2.032795246   59.225379384  -21.747488018    4.426199671
    2.760793544   -2.032795246   54.005001718  -32.249756293    7.105663498
    2.951193099   -2.032795246   47.321525290  -36.911357279    9.733717722

   -3.141592654   -1.663196111   40.877309465  -34.287101892   11.422718096
   -2.951193099   -1.663196111   35.039569419  -26.272983514   12.340169835
   -2.760793544   -1.663196111   31.137518931  -14.413653986   12.150957065
   -2.570393989   -1.663196111   29.574278629   -2.291088652   10.930449772
   -2.379994435   -1.663196111   30.060459218    6.649035167    8.953989714
   -2.189594880   -1.663196111   31.778759235   10.513193617    6.562887980
   -1.999195325   -1.663196111   33.757362405    9.616564738    4.032691242
   -1.808795770   -1.663196111   35.274224523    6.124497659    1.527277094
   -1.618396215   -1.663196111   36.106359479    2.895385964   -0.863383343
   -1.427996661   -1.663196111   36.538041634    2.189242247   -3.052962092
   -1.237597106   -1.663196111   37.147008828    4.739168647   -4.920424646
   -1.047197551   -1.663196111   38.487556119    9.573618770   -6.329643166
   -0.856797996   -1.663196111   40.801111615   14.491444077   -7.196951893
   -0.666398442   -1.663196111   43.851724521   16.853803647   -7.559199945
   -0.475998887   -1.663196111   46.933747826   14.525019725   -7.590259923
   -0.285599332   -1.663196111   49.035821351    6.558509711   -7.572376385
   -0.095199777   -1.663196111   49.120298118   -6.388038665   -7.810771142
    0.095199777   -1.663196111   46.455159216  -21.707452939   -8.542053357
    0.285599332   -1.663196111   40.984067575  -35.019266677   -9.820615651
    0.475998887   -1.663196111   33.586418004  -41.108782195  -11.452487595
    0.666398442   -1.663196111   26.057690736  -35.956848251  -13.004878104
    0.856797996   -1.663196111   20.655428569  -19.072993661  -13.942636712
    1.047197551   -1.663196111   19.290441042    5.391826751  -13.839704520
    1.237597106   -1.663196111   22.720730959   29.934477405  -12.581839901
    1.427996661   -1.663196111   30.210754692   46.968617116  -10.398244249
    1.618396215   -1.663196111   39.848585317   52.165976950   -7.728592085
    1.808795770   -1.663196111   49.330313354   45.711304872   -5.002581140
    1.999195325   -1.663196111   56.739681697   31.137163562   -2.457627551
    2.189594880   -1.663196111   60.962367049   12.965969064   -0.093453440
    2.379994435   -1.663196111   61.688466444   -5.071034200    2.240050223
    2.570393989   -1.663196111   59.202876273  -20.425905313    4.682328222
    2.760793544   -1.663196111   54.198756772  -31.270230346    7.212147820
    2.951193099   -1.663196111   47.680574905  -36.147514169    9.588619325

   -3.141592654   -1.293596975   41.425635090  -35.038864416    7.717513777
   -2.951193099   -1.293596975   35.356358015  -27.946629148    7.863533848
   -2.760793544   -1.293596975   31.062689937  -16.809675081    7.064906561
   -2.570393989   -1.293596975   28.998461090   -5.110757297    5.390303175
   -2.379994435   -1.293596975   28.926626097    3.631442318    3.036141734
   -2.189594880   -1.293596975   30.056979470    7.350015650    0.220909105
   -1.999195325   -1.293596975   31.414657182    6.247716307   -2.882555449
   -1.808795770   -1.293596975   32.270017316    2.563922595   -6.121554844
   -1.618396215   -1.293596975   32.424034209   -0.600199175   -9.285039527
   -1.427996661   -1.293596975   32.235766067   -0.725450560  -12.055145224
   -1.237597106   -1.293596975   32.392784148    3.004903313  -14.053640753
   -1.047197551   -1.293596975   33.549553994    9.419316620  -14.974076233
   -0.856797996   -1.293596975   35.986327158   15.899822753  -14.729839617
   -0.666398442   -1.293596975   39.417907960   19.335297208  -13.523717247
   -0.475998887   -1.293596975   43.012289027   17.274786618  -11.792381129
   -0.285599332   -1.293596975   45.594632806    8.716850209  -10.063299896
   -0.095199777   -1.293596975   45.977612548   -5.503528807   -8.780361198
    0.095199777   -1.293596975   43.331021360  -22.413233099   -8.190647802
    0.285599332   -1.293596975   37.582776583  -37.154495249   -8.275606363
    0.475998887   -1.293596975   29.692556361  -43.998360548   -8.777619593
    0.666398442   -1.293596975   21.624591237  -38.545080841   -9.283992381
    0.856797996   -1.293596975   15.847198684  -20.265195348   -9.379237018
    1.047197551   -1.293596975   14.449036176    6.284436793   -8.803937240
    1.237597106   -1.293596975   18.254872866   32.914944638   -7.565001177
    1.427996661   -1.293596975   26.463406177   51.382457198   -5.889718011
    1.618396215   -1.293596975   37.002122715   57.049996521   -4.090609408
    1.808795770   -1.293596975   47.389244036   50.224207526   -2.402908353
    1.999195325   -1.293596975   55.583140483   34.823997095   -0.891557269
    2.189594880   -1.293596975   60.422693214   15.772578954    0.529920412
    2.379994435   -1.293596975   61.611517151   -2.986973190    2.004296677
    2.570393989   -1.293596975   59.466520979  -18.919264537    3.610819974
    2.760793544   -1.293596975   54.694719238  -30.355646433    5.276108496
    2.951193099   -1.293596975   48.282388074  -35.983868805    6.756759784

   -3.141592654   -0.923997839   42.076060414  -36.062007927    3.020490056
   -2.951193099   -0.923997839   35.709554167  -30.032979527    2.108931709
   -2.760793544   -0.923997839   30.930950686  -19.765787380    0.522621643
   -2.570393989   -0.923997839   28.247611428   -8.601200942   -1.613489474
   -2.379994435   -0.923997839   27.484057455   -0.109925870   -4.146689865
   -2.189594880   -0.923997839   27.888302133    3.467965861   -6.971331144
   -1.999195325   -0.923997839   28.492430520    2.211439682  -10.021156832
   -1.808795770   -0.923997839   28.567273562   -1.572451247  -13.173526396
   -1.618396215   -0.923997839   27.946280981   -4.527522060  -16.148395374
   -1.427996661   -0.923997839   27.075616292   -3.848721591  -18.500524437
   -1.237597106   -0.923997839   26.770113496    1.384601996  -19.745413192
   -1.047197551   -0.923997839   27.803312143    9.793233383  -19.565379338
   -0.856797996   -0.923997839   30.505827858   18.273047269  -17.978248336
   -0.666398442   -0.923997839   34.538725242   23.144211520  -15.359737151
   -0.475998887   -0.923997839   38.920017446   21.549932666  -12.311608992
   -0.285599332   -0.923997839   42.276371118   12.408428014   -9.438450096
   -0.095199777   -0.923997839   43.240082153   -3.199639760   -7.144702957
    0.095199777   -0.923997839   40.871285751  -21.802290681   -5.550744780
    0.285599332   -0.923997839   35.095032251  -37.969100023   -4.510656472
    0.475998887   -0.923997839   26.971989338  -45.475644313   -3.739861580
    0.666398442   -0.923997839   18.638704171  -39.696063959   -2.964382639
    0.856797996   -0.923997839   12.742324643  -20.264099782   -2.046417297
    1.047197551   -0.923997839   11.485819278    7.758362414   -1.024575426
    1.237597106   -0.923997839   15.696868404   35.600355484   -0.073097869
    1.427996661   -0.923997839   24.482063024   54.626143158    0.633462036
    1.618396215   -0.923997839   35.636990083   60.178105908    1.023485097
    1.808795770   -0.923997839   46.573918140   52.834296050    1.169377971
    1.999195325   -0.923997839   55.208323247   36.854978452    1.245916992
    2.189594880   -0.923997839   60.391601195   17.385861501    1.433391487
    2.379994435   -0.923997839   61.862212780   -1.620650141    1.829264902
    2.570393989   -0.923997839   59.957205277  -17.779244587    2.395690187
    2.760793544   -0.923997839   55.367198474  -29.633088558    2.958149274
    2.951193099   -0.923997839   49.027681993  -35.997433248    3.252679445

   -3.141592654   -0.554398704   42.224162898  -38.291778447   -0.623179656
   -2.951193099   -0.554398704   35.330891647  -33.293712877   -2.384188426
   -2.760793544   -0.554398704   29.856267983  -23.749735906   -4.589929444
   -2.570393989   -0.554398704   26.373626101  -12.964235343   -7.052941970
   -2.379994435   -0.554398704   24.759645712   -4.667701556   -9.634915550
   -2.189594880   -0.554398704   24.278366486   -1.283409898  -12.303483552
   -1.999195325   -0.554398704   23.958751404   -2.721551341  -15.062552888
   -1.808795770   -0.554398704   23.097346240   -6.390413392  -17.798250593
   -1.618396215   -0.554398704   21.622989561   -8.528388291  -20.168848403
   -1.427996661   -0.554398704   20.141919789   -6.103953689  -21.653362521
   -1.237597106   -0.554398704   19.636373485    1.629014308  -21.762343807
   -1.047197551   -0.554398704   20.974375352   12.723280934  -20.293511912
   -0.856797996   -0.554398704   24.453239886   23.359769733  -17.469653875
   -0.666398442   -0.554398704   29.577968889   29.322460052  -13.858769694
   -0.475998887   -0.554398704   35.143383169   27.615966412  -10.145352287
   -0.285599332   -0.554398704   39.566013036   17.423235331   -6.856755682
   -0.095199777   -0.554398704   41.346273136    0.331707003   -4.193761689
    0.095199777   -0.554398704   39.514979275  -19.629566603   -2.031291159
    0.285599332   -0.554398704   34.062053056  -36.640677993   -0.052934519
    0.475998887   -0.554398704   26.162684688  -44.360763376    2.021296686
    0.666398442   -0.554398704   18.061311720  -38.335722469    4.240534842
    0.856797996   -0.554398704   12.458819538  -18.564929479    6.356741275
    1.047197551   -0.554398704   11.540211488    9.524726956    7.936703858
    1.237597106   -0.554398704   16.061379964   37.015437903    8.585970844
    1.427996661   -0.554398704   25.056737761   55.386619497    8.183290160
    1.618396215   -0.554398704   36.291682184   60.278717741    6.945592076
    1.808795770   -0.554398704   47.205147566   52.548633785    5.320870335
    1.999195325   -0.554398704   55.777739280   36.551782640    3.784019170
    2.189594880   -0.554398704   60.924066586   17.326338036    2.646200979
    2.379994435   -0.554398704   62.409600895   -1.426721688    1.971940392
    2.570393989   -0.554398704   60.547050548  -17.588538370    1.600779114
    2.760793544   -0.554398704   55.958629809  -29.883135579    1.237905012
    2.951193099   -0.554398704   49.494024344  -37.123435331    0.569250942

   -3.141592654   -0.184799568   41.429666762  -41.636473657   -2.892708153
   -2.951193099   -0.184799568   33.819934446  -37.406892691   -4.917761831
   -2.760793544   -0.184799568   27.515186731  -28.288869999   -7.166615548
   -2.570393989   -0.184799568   23.152365727  -17.634966878   -9.465732018
   -2.379994435   -0.184799568   20.645321261   -9.380912368  -11.733183072
   -2.189594880   -0.184799568   19.258915527   -6.083443118  -13.998059049
   -1.999195325   -0.184799568   18.022074946   -7.509300009  -16.288064951
   -1.808795770   -0.184799568   16.287548218  -10.646249470  -18.460971406
   -1.618396215   -0.184799568   14.126897773  -11.301833634  -20.123471720
   -1.427996661   -0.184799568   12.342066860   -6.371487134  -20.739018545
   -1.237597106   -0.184799568   12.074602917    4.424992548  -19.889264173
   -1.047197551   -0.184799568   14.220977895   18.290905366  -17.531616662
   -0.856797996   -0.184799568   18.940280147   30.592035895  -14.073622347
   -0.666398442   -0.184799568   25.483911296   36.747151811  -10.196298321
   -0.475998887   -0.184799568   32.380007171   34.008041159   -6.553652028
   -0.285599332   -0.184799568   37.872642512   22.247307929   -3.489085315
   -0.095199777   -0.184799568   40.437986222    3.849210273   -0.933890505
    0.095199777   -0.184799568   39.215216863  -16.599838825    1.488079013
    0.285599332   -0.184799568   34.364901979  -33.220423460    4.207296728
    0.475998887   -0.184799568   27.193540758  -40.127882964    7.411856880
    0.666398442   -0.184799568   19.956436723  -33.623776444   10.856671396
    0.856797996   -0.184799568   15.223489479  -14.353670787   13.898837583
    1.047197551   -0.184799568   14.967564637   12.085362494   15.770040511
    1.237597106   -0.184799568   19.757776923   37.221778203   15.946646664
    1.427996661   -0.184799568   28.569077640   53.331727416   14.425050586
    1.618396215   -0.184799568   39.258728224   56.779724478   11.711158281
    1.808795770   -0.184799568   49.456364422   48.710450546    8.573022651
    1.999195325   -0.184799568   57.339723798   33.265908893    5.710257410
    2.189594880   -0.184799568   61.947729301   14.975932564    3.514049606
    2.379994435   -0.184799568   63.066722747   -2.990913081    2.009792265
    2.570393989   -0.184799568   60.942945281  -18.868401228    0.948156740
    2.760793544   -0.184799568   56.088557684  -31.489289028   -0.033419752
    2.951193099   -0.184799568   49.247664062  -39.525013873   -1.257002741

   -3.141592654    0.184799568   40.291428629  -44.700400527   -4.573954307
   -2.951193099    0.184799568   32.061587591  -40.791002072   -6.312763571
   -2.760793544    0.184799568   25.101951281  -31.737996161   -8.003069690
   -2.570393989    0.184799568   20.088438124  -21.012025741   -9.571040575
   -2.379994435    0.184799568   16.942595561  -12.732108931  -11.051938065
   -2.189594880    0.184799568   14.913814883   -9.478171985  -12.549477905
   -1.999195325    0.184799568   13.038556162  -10.750201640  -14.096536160
   -1.808795770    0.184799568   10.749756059  -13.083014209  -15.511504977
   -1.618396215    0.184799568    8.277483345  -11.974794773  -16.377196339
   -1.427996661    0.184799568    6.599614030   -4.486352353  -16.203621496
   -1.237597106    0.184799568    6.950148200    8.968790818  -14.699536583
   -1.047197551    0.184799568   10.158026034   24.688898020  -11.984797437
   -0.856797996    0.184799568   16.160437929   37.415855853   -8.578643131
   -0.666398442    0.184799568   23.929101092   42.590631173   -5.146727355
   -0.475998887    0.184799568   31.778539321   38.126088482   -2.176463453
   -0.285599332    0.184799568   37.899743912   24.839210406    0.259843761
   -0.095199777    0.184799568   40.887925360    5.902377377    2.506645490
    0.095199777    0.184799568   40.106802750  -13.818075475    5.112642842
    0.285599332    0.184799568   35.932250026  -28.822245878    8.495396688
    0.475998887    0.184799568   29.759087549  -34.143146706   12.635693076
    0.666398442    0.184799568   23.735053607  -27.133116589   16.952435088
    0.856797996    0.184799568   20.151546472   -9.090109556   20.465139287
    1.047197551    0.184799568   20.649617706   14.518823518   22.200616848
    1.237597106    0.184799568   25.567682533   36.115777625   21.642089414
    1.427996661    0.184799568   33.859777602   49.158902460   18.974711509
    1.618396215    0.184799568   43.566666003   50.895204033   14.972468772
    1.808795770    0.184799568   52.606099583   42.670285507   10.631718087
    1.999195325    0.184799568   59.418495855   28.190537818    6.766980438
    2.189594880    0.184799568   63.189452139   11.267224543    3.772110438
    2.379994435    0.184799568   63.717561625   -5.571498474    1.616725545
    2.570393989    0.184799568   61.164929728  -20.901681237    0.003212306
    2.760793544    0.184799568   55.925587990  -33.584035208   -1.423807074
    2.951193099    0.184799568   48.646005141  -42.072798393   -2.920809986

   -3.141592654    0.554398704   40.733658895  -45.655613942   -3.756892788
   -2.951193099    0.554398704   32.258991905  -42.392919326   -4.738379464
   -2.760793544    0.554398704   24.933976115  -33.948072276   -5.577358681
   -2.570393989    0.554398704   19.451483138  -23.700071347   -6.306318721
   -2.379994435    0.554398704   15.761212361  -15.732801431   -7.021548477
   -2.189594880    0.554398704   13.148686333  -12.559847513   -7.821010192
   -1.999195325    0.554398704   10.708695376  -13.514299285   -8.697729421
   -1.808795770    0.554398704    7.970730095  -14.923444972   -9.466275627
   -1.618396215    0.554398704    5.289485066  -12.233368599   -9.794007231
   -1.427996661    0.554398704    3.746610036   -2.791817636   -9.351498429
   -1.237597106    0.554398704    4.594173041   12.397043381   -8.005883986
   -1.047197551    0.554398704    8.558316977   29.025156755   -5.935181080
   -0.856797996    0.554398704   15.386605594   41.586030746   -3.561356489
   -0.666398442    0.554398704   23.867556784   45.825356237   -1.323149023
   -0.475998887    0.554398704   32.233412599   40.378308801    0.565098822
   -0.285599332    0.554398704   38.741203833   26.813218996    2.249836571
   -0.095199777    0.554398704   42.167294383    8.722051797    4.171286955
    0.095199777    0.554398704   42.084184671   -9.195907509    6.843037910
    0.285599332    0.554398704   38.987076649  -22.175762817   10.538096269
    0.475998887    0.554398704   34.213817742  -26.316652260   15.041218258
    0.666398442    0.554398704   29.658394005  -19.882176072   19.584744133
    0.856797996    0.554398704   27.239743517   -4.426819578   23.069317151
    1.047197551    0.554398704   28.259995182   15.193112157   24.503661071
    1.237597106    0.554398704   32.902478514   32.641902797   23.451028229
    1.427996661    0.554398704   40.217444047   42.642122779   20.224389674
    1.618396215    0.554398704   48.536793672   43.158503528   15.714145669
    1.808795770    0.554398704   56.130920502   35.478314665   10.979491450
    1.999195325    0.554398704   61.721408978   22.671460800    6.839454600
    2.189594880    0.554398704   64.632833219    7.753997224    3.662369291
    2.379994435    0.554398704   64.663733608   -7.370788139    1.401741938
    2.570393989    0.554398704   61.884050524  -21.602228482   -0.222246249
    2.760793544    0.554398704   56.560627791  -33.868644410   -1.513832714
    2.951193099    0.554398704   49.218756475  -42.514507935   -2.671580628

   -3.141592654    0.923997839   40.058544186  -46.436129544   -3.671160330
   -2.951193099    0.923997839   31.466364309  -42.821753538   -3.697458182
   -2.760793544    0.923997839   24.089241181  -34.077489949   -3.404218280
   -2.570393989    0.923997839   18.597168052  -23.707043286   -2.988041628
   -2.379994435    0.923997839   14.897577086  -15.863464243   -2.667644256
   -2.189594880    0.923997839   12.232826519  -12.993850827   -2.586858996
   -1.999195325    0.923997839    9.681096627  -14.227848370   -2.745188170
   -1.808795770    0.923997839    6.800401683  -15.647958211   -2.998277811
   -1.618396215    0.923997839    4.011882086  -12.571836385   -3.124565823
   -1.427996661    0.923997839    2.466681394   -2.451845652   -2.927547835
   -1.237597106    0.923997839    3.446418950   13.408684872   -2.323963863
   -1.047197551    0.923997839    7.645027929   30.400816321   -1.375706064
   -0.856797996    0.923997839   14.738504541   42.941017138   -0.235094440
   -0.666398442    0.923997839   23.461864691   47.027104631    0.964994703
   -0.475998887    0.923997839   32.064017033   41.751647038    2.216800832
   -0.285599332    0.923997839   38.905270355   29.084435154    3.689625963
   -0.095199777    0.923997839   42.915942737   12.715829407    5.674866899
    0.095199777    0.923997839   43.800181581   -3.002970603    8.453278828
    0.285599332    0.923997839   42.077017738  -14.061039680   12.079201623
    0.475998887    0.923997839   38.942796721  -17.488682445   16.211510561
    0.666398442    0.923997839   35.988033430  -12.245772626   20.089567025
    0.856797996    0.923997839   34.752020635    0.066770918   22.749516672
    1.047197551    0.923997839   36.224228993   15.344206072   23.407989656
    1.237597106    0.923997839   40.476511415   28.523085181   21.825056438
    1.427996661    0.923997839   46.694647069   35.529332525   18.409959810
    1.618396215    0.923997839   53.523601604   34.935234570   14.015452476
    1.808795770    0.923997839   59.586220639   27.848964263    9.562556272
    1.999195325    0.923997839   63.866133627   16.628884756    5.704901779
    2.189594880    0.923997839   65.799014378    3.493062896    2.696330253
    2.379994435    0.923997839   65.163381953  -10.198226515    0.470732421
    2.570393989    0.923997839   61.940149980  -23.517064796   -1.172382496
    2.760793544    0.923997839   56.304281785  -35.280013102   -2.391646083
    2.951193099    0.923997839   48.724234304  -43.609077277   -3.233736701

   -3.141592654    1.293596975   37.531974643  -47.379217922   -6.550190923
   -2.951193099    1.293596975   28.882023447  -42.488332381   -6.568280630
   -2.760793544    1.293596975   21.671040732  -32.736735515   -5.876544405
   -2.570393989    1.293596975   16.486394875  -21.922017889   -4.671998167
   -2.379994435    1.293596975   13.119108074  -14.252609893   -3.229993367
   -2.189594880    1.293596975   10.706977234  -12.003594423   -1.783240684
   -1.999195325    1.293596975    8.269260962  -14.023888822   -0.451532288
   -1.808795770    1.293596975    5.358844187  -16.129017410    0.738296939
   -1.618396215    1.293596975    2.435504017  -13.449130511    1.784953226
   -1.427996661    1.293596975    0.716080030   -3.338593982    2.661281709
   -1.237597106    1.293596975    1.559250575   12.918459407    3.317651814
   -1.047197551    1.293596975    5.731636352   30.660479398    3.725975192
   -0.856797996    1.293596975   12.966539253   44.188318414    3.935132409
   -0.666398442    1.293596975   22.031199940   49.364684782    4.098556171
   -0.475998887    1.293596975   31.181857480   45.166876498    4.460077784
   -0.285599332    1.293596975   38.770240744   33.500482523    5.311834824
   -0.095199777    1.293596975   43.708821544   18.024637652    6.911758763
    0.095199777    1.293596975   45.672974765    2.975234403    9.390650571
    0.285599332    1.293596975   45.116486126   -7.895785996   12.617139228
    0.475998887    1.293596975   43.110376905  -11.970516169   16.125723859
    0.666398442    1.293596975   41.061652112   -8.421501460   19.160760068
    0.856797996    1.293596975   40.319274273    1.315116231   20.903108364
    1.047197551    1.293596975   41.754200089   13.718584912   20.790746173
    1.237597106    1.293596975   45.453627619   24.476370935   18.784591868
    1.427996661    1.293596975   50.748894583   30.068997395   15.374923911
    1.618396215    1.293596975   56.494104554   29.176580052   11.344730285
    1.808795770    1.293596975   61.498597610   22.582712361    7.432085275
    1.999195325    1.293596975   64.848524226   12.132850218    4.073259040
    2.189594880    1.293596975   65.989511823   -0.370413586    1.350747775
    2.379994435    1.293596975   64.656244473  -13.704701444   -0.883490213
    2.570393989    1.293596975   60.786649053  -26.797203051   -2.812222612
    2.760793544    1.293596975   54.558069561  -38.169956764   -4.491778666
    2.951193099    1.293596975   46.494280294  -45.718689341   -5.807024861

   -3.141592654    1.663196111   33.457436891  -49.297633864  -11.280677405
   -2.951193099    1.663196111   24.625583626  -42.459931285  -11.746094706
   -2.760793544    1.663196111   17.594609385  -30.948448914  -11.002681499
   -2.570393989    1.663196111   12.871088706  -18.987410800   -9.145626841
   -2.379994435    1.663196111   10.113390998  -10.897667166   -6.457212147
   -2.189594880    1.663196111    8.333435793   -8.789981713   -3.291864891
   -1.999195325    1.663196111    6.468273359  -11.255949422    0.010111201
   -1.808795770    1.663196111    4.031864768  -13.929358399    3.133368842
   -1.618396215    1.663196111    1.469990099  -11.852916669    5.770754596
   -1.427996661    1.663196111    0.000000000   -2.300305575    7.642656779
   -1.237597106    1.663196111    1.001319769   13.577169106    8.575798138
   -1.047197551    1.663196111    5.288663276   31.264214153    8.595255384
   -0.856797996    1.663196111   12.665068045   45.125544986    7.960359129
   -0.666398442    1.663196111   21.967504412   50.958743066    7.102605374
   -0.475998887    1.663196111   31.499689886   47.593414711    6.491382686
   -0.285599332    1.663196111   39.631769939   36.770227434    6.499582588
   -0.095199777    1.663196111   45.264201501   22.013162085    7.309564884
    0.095199777    1.663196111   48.034063725    7.379488020    8.884626980
    0.285599332    1.663196111   48.316670175   -3.599341630   10.952236130
    0.475998887    1.663196111   47.061055087   -8.520322644   13.041487070
    0.666398442    1.663196111   45.525043927   -6.599204238   14.575527480
    0.856797996    1.663196111   44.929871104    0.990876421   15.050331706
    1.047197551    1.663196111   46.095259479   11.268639682   14.222678176
    1.237597106    1.663196111   49.167606539   20.473336237   12.232581069
    1.427996661    1.663196111   53.621253710   25.376409382    9.518864799
    1.618396215    1.663196111   58.470557109   24.559006788    6.612616590
    1.808795770    1.663196111   62.635663670   18.402521159    3.905165280
    1.999195325    1.663196111   65.227438371    8.305442460    1.518505449
    2.189594880    1.663196111   65.645114002   -4.203728365   -0.665085149
    2.379994435    1.663196111   63.554110794  -17.862292379   -2.858835383
    2.570393989    1.663196111   58.858048697  -31.282756448   -5.196047137
    2.760793544    1.663196111   51.775521399  -42.545193670   -7.602442566
    2.951193099    1.663196111   42.947000971  -49.230540334   -9.774202800

   -3.141592654    2.032795246   28.251976195  -52.752067878  -12.341296754
   -2.951193099    2.032795246   18.979826027  -43.525797116  -12.640987216
   -2.760793544    2.032795246   12.004592826  -29.292068216  -11.563741991
   -2.570393989    2.032795246    7.841897673  -14.830205379   -9.205936075
   -2.379994435    2.032795246    6.065005944   -4.883023256   -5.869665933
   -2.189594880    2.032795246    5.540397049   -1.767291338   -1.931930321
   -1.999195325    2.032795246    5.037335599   -4.119965142    2.238212326
   -1.808795770    2.032795246    3.901734438   -7.537583319    6.271180765
   -1.618396215    2.032795246    2.426134902   -6.939732613    9.763045386
   -1.427996661    2.032795246    1.711423848    0.672925939   12.302407850
   -1.237597106    2.032795246    3.088493160   14.583593705   13.588466435
   -1.047197551    2.032795246    7.414966350   30.774072449   13.574013587
   -0.856797996    2.032795246   14.619687690   43.953952259   12.529372436
   -0.666398442    2.032795246   23.705007821   49.970859012   10.961737526
   -0.475998887    2.032795246   33.119310960   47.404468437    9.428281703
   -0.285599332    2.032795246   41.312345333   37.591769917    8.340918964
   -0.095199777    2.032795246   47.186023228   23.667127229    7.840799595
    0.095199777    2.032795246   50.315060323    9.401966375    7.799227765
    0.285599332    2.032795246   50.970584893   -1.812353546    7.890106346
    0.475998887    2.032795246   49.984495927   -7.566509223    7.740172804
    0.666398442    2.032795246   48.514513287   -6.896453418    7.078753336
    0.856797996    2.032795246   47.733535818   -0.641303538    5.854043154
    1.047197551    2.032795246   48.482328709    8.616891083    4.242233549
    1.237597106    2.032795246   50.996115310   17.363731669    2.572124683
    1.427996661    2.032795246   54.859581438   22.362650661    1.141203058
    1.618396215    2.032795246   59.169153267   21.920210564    0.077173692
    1.808795770    2.032795246   62.861750509   16.030434438   -0.713904158
    1.999195325    2.032795246   64.996258894    5.791370593   -1.495015527
    2.189594880    2.032795246   64.880885913   -7.364366430   -2.571298834
    2.379994435    2.032795246   62.096872564  -22.008291679   -4.155992959
    2.570393989    2.032795246   56.516620668  -36.376780036   -6.261710477
    2.760793544    2.032795246   48.411744895  -48.061963619   -8.650216113
    2.951193099    2.032795246   38.563545859  -54.241726051  -10.860810077

   -3.141592654    2.402394382   22.789011491  -56.393609490   -7.168970518
   -2.951193099    2.402394382   13.063523026  -44.520238643   -6.576426922
   -2.760793544    2.402394382    6.196664436  -27.133890398   -4.987759708
   -2.570393989    2.402394382    2.739054450   -9.654797142   -2.536240518
   -2.379994435    2.402394382    2.185674746    2.652601512    0.559989551
   -2.189594880    2.402394382    3.246474766    7.179504164    4.102120834
   -1.999195325    2.402394382    4.498388998    5.189635903    7.920513119
   -1.808795770    2.402394382    5.086430346    1.087367403   11.782070174
   -1.618396215    2.402394382    5.110094775    0.036590568   15.298934396
   -1.427996661    2.402394382    5.505827638    5.267104842   17.952982328
   -1.237597106    2.402394382    7.502530677   16.487868154   19.267140024
   -1.047197551    2.402394382   11.951519591   30.238737789   19.030356832
   -0.856797996    2.402394382   18.879456167   41.727780707   17.425417008
   -0.666398442    2.402394382   27.458600886   47.030851662   14.964023068
   -0.475998887    2.402394382   36.315878998   44.595112732   12.273990173
   -0.285599332    2.402394382   44.024530457   35.327512138    9.847987408
   -0.095199777    2.402394382   49.514771421   21.847814771    7.881582228
    0.095199777    2.402394382   52.302986919    7.542662020    6.264739202
    0.285599332    2.402394382   52.557113834   -4.245025294    4.697245733
    0.475998887    2.402394382   51.030664623  -10.807783989    2.894883201
    0.666398442    2.402394382   48.882338371  -10.683438906    0.775309127
    0.856797996    2.402394382   47.380086133   -4.289330362   -1.459713503
    1.047197551    2.402394382   47.510885950    5.905679157   -3.409881185
    1.237597106    2.402394382   49.639734421   16.079458995   -4.665926767
    1.427996661    2.402394382   53.394353054   22.450147545   -5.045499012
    1.618396215    2.402394382   57.807627911   22.797704736   -4.679104836
    1.808795770    2.402394382   61.674586758   16.834372291   -3.949479021
    1.999195325    2.402394382   63.886958309    5.680229445   -3.322402295
    2.189594880    2.402394382   63.612847934   -8.990166768   -3.163507327
    2.379994435    2.402394382   60.354073527  -25.364825927   -3.626429011
    2.570393989    2.402394382   53.984714923  -41.225779891   -4.617383471
    2.760793544    2.402394382   44.868653688  -53.675127695   -5.829228383
    2.951193099    2.402394382   33.966217971  -59.496805903   -6.824522011

   -3.141592654    2.771993518   20.673010099  -56.648979404    1.076274924
   -2.951193099    2.771993518   11.029742297  -43.387877823    2.831292826
   -2.760793544    2.771993518    4.514677005  -24.598243341    5.012031091
   -2.570393989    2.771993518    1.658875541   -5.910800521    7.480311572
   -2.379994435    2.771993518    1.914490094    7.372558808   10.151513131
   -2.189594880    2.771993518    3.952962502   12.704093488   13.029023453
   -1.999195325    2.771993518    6.319560067   11.328838901   16.125198203
   -1.808795770    2.771993518    8.105367114    7.434640829   19.307436648
   -1.618396215    2.771993518    9.300982055    5.851223423   22.193542818
   -1.427996661    2.771993518   10.677804066    9.598529924   24.206024856
   -1.237597106    2.771993518   13.290485503   18.524154206   24.790259347
   -1.047197551    2.771993518   17.879670589   29.678520834   23.680760990
   -0.856797996    2.771993518   24.477700270   38.925997784   21.045216332
   -0.666398442    2.771993518   32.374474004   42.818813022   17.412110286
   -0.475998887    2.771993518   40.368926945   39.873896550   13.439992020
   -0.285599332    2.771993518   47.180632220   30.684432140    9.643816600
   -0.095199777    2.771993518   51.805778374   17.385528919    6.228208505
    0.095199777    2.771993518   53.742425436    3.004481198    3.097618953
    0.285599332    2.771993518   53.101872727   -9.131124428    0.011925447
    0.475998887    2.771993518   50.612909788  -15.979698540   -3.175477258
    0.666398442    2.771993518   47.491440023  -15.601215524   -6.336111185
    0.856797996    2.771993518   45.143095170   -8.103463953   -9.051996551
    1.047197551    2.771993518   44.714722953    3.961216204  -10.796449010
    1.237597106    2.771993518   46.676794538   16.268372747  -11.201678325
    1.427996661    2.771993518   50.644887852   24.395749421  -10.280828853
    1.618396215    2.771993518   55.528291294   25.628193790   -8.427268535
    1.808795770    2.771993518   59.937662888   19.545305094   -6.237427089
    1.999195325    2.771993518   62.589783980    7.488045609   -4.262274626
    2.189594880    2.771993518   62.540092508   -8.466877231   -2.817652339
    2.379994435    2.771993518   59.258674160  -26.081001567   -1.931901360
    2.570393989    2.771993518   52.663325314  -42.794010914   -1.403177818
    2.760793544    2.771993518   43.216265689  -55.470445265   -0.915535840
    2.951193099    2.771993518   32.006953789  -60.815770189   -0.157570584
