#! FIELDS phi psi file.free der_phi der_psi
#! SET min_phi -pi
#! SET max_phi pi
#! SET nbins_phi  33
#! SET periodic_phi true
#! SET min_psi -pi
#! SET max_psi pi
#! SET nbins_psi  17
#! SET periodic_psi true
   -3.141592654   -3.141592654   19.688003227  -55.674843868   12.724731274
   -2.951193099   -3.141592654   10.820416976  -36.703860782   15.597351555
   -2.760793544   -3.141592654    5.874310958  -15.509829553   17.896621294
   -2.570393989   -3.141592654    4.698965854    2.127528940   19.632256577
   -2.379994435   -3.141592654    6.211931900   12.378811095   21.081686251
   -2.189594880   -3.141592654    8.909358101   14.787047137   22.699808868
   -1.999195325   -3.141592654   11.514785626   12.072245024   24.870292012
   -1.808795770   -3.141592654   13.463653046    8.649955312   27.623380945
   -1.618396215   -3.141592654   15.028376045    8.587183196   30.503310324
   -1.427996661   -3.141592654   17.080525759   13.862084337   32.700680691
   -1.237597106   -3.141592654   20.606053838   23.689740881   33.399647848
   -1.047197551   -3.141592654   26.211767718   35.047937041   32.156589358
   -0.856797996   -3.141592654   33.815377270   44.029952478   29.072020332
   -0.666398442   -3.141592654   42.630611929   47.262624263   24.671960299
   -0.475998887   -3.141592654   51.357862425   42.953949709   19.618892443
   -0.285599332   -3.141592654   58.529936539   31.111188074   14.398170264
   -0.095199777   -3.141592654   62.850021608   13.439260974    9.185633894
    0.095199777   -3.141592654   63.492346521   -6.863109533    3.916948592
    0.285599332   -3.141592654   60.365591384  -25.338899532   -1.494929723
    0.475998887   -3.141592654   54.295162520  -36.965884727   -6.922237957
    0.666398442   -3.141592654   47.009238682  -37.584279035  -11.905546139
    0.856797996   -3.141592654   40.793114194  -25.837864111  -15.756895731
    1.047197551   -3.141592654   37.800637466   -4.556399117  -17.843301977
    1.237597106   -3.141592654   39.253900762   19.559283270  -17.889545900
    1.427996661   -3.141592654   44.912497770   38.308283517  -16.128873998
    1.618396215   -3.141592654   53.095311516   45.330858404  -13.174748217
    1.808795770   -3.141592654   61.280362674   38.351241906   -9.734935787
    1.999195325   -3.141592654   66.940671112   19.472064862   -6.323771820
    2.189594880   -3.141592654   68.257246607   -6.283029424   -3.134573422
    2.379994435   -3.141592654   64.497982847  -32.832425686   -0.096639757
    2.570393989   -3.141592654   56.072663824  -54.414263702    2.967805995
    2.760793544   -3.141592654   44.382631181  -66.530832365    6.176338373
    2.951193099   -3.141592654   31.499655067  -66.796085231    9.493688089

   -3.141592654   -2.771993518   27.649544900  -49.470408134   21.152370477
   -2.951193099   -2.771993518   19.758691392  -32.722540563   23.889626397
   -2.760793544   -2.771993518   15.354486518  -13.742505748   25.491089641
   -2.570393989   -2.771993518   14.354864711    2.369897388   26.140798291
   -2.379994435   -2.771993518   15.861026603   12.282678765   26.311240707
   -2.189594880   -2.771993518   18.607964896   15.581178182   26.594413177
   -1.999195325   -2.771993518   21.512749787   14.470656014   27.428904852
   -1.808795770   -2.771993518   24.062671594   12.446383045   28.859682872
   -1.618396215   -2.771993518   26.397708695   12.633045972   30.459439748
   -1.427996661   -2.771993518   29.112990299   16.500472559   31.473895965
   -1.237597106   -2.771993518   32.882663639   23.424570722   31.138775949
   -1.047197551   -2.771993518   38.091244651   31.104175244   29.018342504
   -0.856797996   -2.771993518   44.598023318   36.556333729   25.170244709
   -0.666398442   -2.771993518   51.718256369   37.133606908   20.064967486
   -0.475998887   -2.771993518   58.355958942   31.347386423   14.350713741
   -0.285599332   -2.771993518   63.266148470   19.132856508    8.565133491
   -0.095199777   -2.771993518   65.337165851    1.913504778    2.999728328
    0.095199777   -2.771993518   63.872359050  -17.389553159   -2.271030690
    0.285599332   -2.771993518   58.869417259  -34.447766016   -7.216391603
    0.475998887   -2.771993518   51.233601720  -44.210743503  -11.665643150
    0.666398442   -2.771993518   42.783971832  -42.469462302  -15.238585451
    0.856797996   -2.771993518   35.893839765  -27.973070646  -17.457394766
    1.047197551   -2.771993518   32.762695502   -3.891007449  -17.976225551
    1.237597106   -2.771993518   34.578654899   22.605548752  -16.783693944
    1.427996661   -2.771993518   40.983849321   42.974435683  -14.236740889
    1.618396215   -2.771993518   50.144573871   50.832953011  -10.882288853
    1.808795770   -2.771993518   59.415834815   44.221926041   -7.210707574
    1.999195325   -2.771993518   66.223741835   25.683664083   -3.471290136
    2.189594880   -2.771993518   68.775410986    0.526835646    0.342921369
    2.379994435   -2.771993518   66.389576372  -25.198753467    4.361682113
    2.570393989   -2.771993518   59.491791755  -46.061593744    8.661331435
    2.760793544   -2.771993518   49.421512680  -58.004931295   13.127756151
    2.951193099   -2.771993518   38.111514222  -58.970621044   17.437631877

   -3.141592654   -2.402394382   35.779075618  -44.122915844   20.065039381
   -2.951193099   -2.402394382   28.691334971  -29.650697048   22.020521667
   -2.760793544   -2.402394382   24.675994894  -12.617723080   22.895797598
   -2.570393989   -2.402394382   23.773927083    2.451489236   22.957201472
   -2.379994435   -2.402394382   25.287170716   12.460257887   22.643691408
   -2.189594880   -2.402394382   28.151768190   16.740886557   22.394702272
   -1.999195325   -2.402394382   31.394368762   16.820789821   22.450835603
   -1.808795770   -2.402394382   34.459392692   15.329626955   22.739968351
   -1.618396215   -2.402394382   37.288746680   14.681319963   22.894424648
   -1.427996661   -2.402394382   40.187262948   16.132804880   22.397124342
   -1.237597106   -2.402394382   43.557978500   19.488811017   20.800372919
   -1.047197551   -2.402394382   47.649163728   23.370272423   17.925609780
   -0.856797996   -2.402394382   52.378194450   25.833469725   13.929282843
   -0.666398442   -2.402394382   57.287658795   24.932692452    9.215983244
   -0.475998887   -2.402394382   61.589488851   19.263804524    4.273402835
   -0.285599332   -2.402394382   64.306272339    8.324516760   -0.520752652
   -0.095199777   -2.402394382   64.483821005   -7.130011576   -4.965880192
    0.095199777   -2.402394382   61.466361278  -24.671290294   -9.005911330
    0.285599332   -2.402394382   55.233099893  -40.091464866  -12.594788024
    0.475998887   -2.402394382   46.680203750  -48.160746261  -15.577443517
    0.666398442   -2.402394382   37.659176322  -44.459566398  -17.662920584
    0.856797996   -2.402394382   30.595557868  -27.766712065  -18.533423787
    1.047197551   -2.402394382   27.708756394   -1.561263208  -18.012632219
    1.237597106   -2.402394382   30.135415742   26.593504104  -16.193554921
    1.427996661   -2.402394382   37.404367593   47.955341081  -13.413892061
    1.618396215   -2.402394382   47.562057920   56.259372562  -10.090641998
    1.808795770   -2.402394382   57.891617713   49.913914399   -6.543121235
    1.999195325   -2.402394382   65.821566913   31.824528327   -2.893999216
    2.189594880   -2.402394382   69.612051481    7.440323673    0.895571807
    2.379994435   -2.402394382   68.630200642  -17.373818538    4.898127017
    2.570393989   -2.402394382   63.290907908  -37.609624617    9.088525379
    2.760793544   -2.402394382   54.835258654  -49.658858889   13.260890010
    2.951193099   -2.402394382   45.028670114  -51.701360552   17.053442700

   -3.141592654   -2.032795246   41.329035371  -40.636450819   13.228738576
   -2.951193099   -2.032795246   34.735935440  -27.948952549   14.399282412
   -2.760793544   -2.032795246   30.891225144  -12.444931271   14.869081706
   -2.570393989   -2.032795246   29.922877057    1.693915454   14.805977510
   -2.379994435   -2.032795246   31.256999695   11.430782433   14.429488970
   -2.189594880   -2.032795246   33.931876242   15.797379540   13.924455592
   -1.999195325   -2.032795246   36.996489092   15.828524930   13.357070074
   -1.808795770   -2.032795246   39.824175555   13.709915391   12.656604076
   -1.618396215   -2.032795246   42.224843811   11.681378342   11.651608262
   -1.427996661   -2.032795246   44.373745189   11.204065441   10.145090362
   -1.237597106   -2.032795246   46.613906190   12.598007264    8.002490727
   -1.047197551   -2.032795246   49.246108842   15.092476423    5.226453133
   -0.856797996   -2.032795246   52.346599426   17.202137936    1.967966351
   -0.666398442   -2.032795246   55.668094818   17.069606970   -1.521809910
   -0.475998887   -2.032795246   58.612168858   12.959979917   -4.965007163
   -0.285599332   -2.032795246   60.298843004    3.800008617   -8.161077507
   -0.095199777   -2.032795246   59.761007720  -10.204609773  -11.017240101
    0.095199777   -2.032795246   56.250098754  -26.870222784  -13.542004793
    0.285599332   -2.032795246   49.643903631  -41.843334780  -15.747918402
    0.475998887   -2.032795246   40.794435279  -49.479936260  -17.552287614
    0.666398442   -2.032795246   31.591359938  -44.963183377  -18.736730758
    0.856797996   -2.032795246   24.548967071  -26.957525584  -19.020984664
    1.047197551   -2.032795246   21.965290265    0.829788760  -18.211254214
    1.237597106   -2.032795246   24.991369547   30.444800829  -16.333850772
    1.427996661   -2.032795246   33.100825078   52.846674012  -13.636453863
    1.618396215   -2.032795246   44.251230300   61.720190150  -10.466510351
    1.808795770   -2.032795246   55.649689322   55.643125461   -7.125725956
    1.999195325   -2.032795246   64.689284286   37.746805275   -3.782949528
    2.189594880   -2.032795246   69.630737223   13.610153085   -0.487540192
    2.379994435   -2.032795246   69.849326511  -10.949748104    2.753054147
    2.570393989   -2.032795246   65.744234314  -31.130143221    5.897675413
    2.760793544   -2.032795246   58.493786272  -43.581722942    8.821646783
    2.951193099   -2.032795246   49.757965716  -46.645544871   11.331333155

   -3.141592654   -1.663196111   40.492242579  -40.185206710   11.920175264
   -2.951193099   -1.663196111   34.024432644  -27.087356620   12.480684277
   -2.760793544   -1.663196111   30.376204588  -11.289116370   12.217308600
   -2.570393989   -1.663196111   29.627347629    2.757090922   11.246494836
   -2.379994435   -1.663196111   31.112968862   11.865421293    9.733870027
   -2.189594880   -1.663196111   33.768418072   15.079872461    7.824822470
   -1.999195325   -1.663196111   36.557656498   13.618218302    5.598305769
   -1.808795770   -1.663196111   38.816210764    9.965778145    3.091843329
   -1.618396215   -1.663196111   40.379524739    6.712182716    0.351534164
   -1.427996661   -1.663196111   41.513134420    5.630505308   -2.535255063
   -1.237597106   -1.663196111   42.697381404    7.220840359   -5.436379567
   -1.047197551   -1.663196111   44.385616521   10.669661888   -8.190159367
   -0.856797996   -1.663196111   46.777646512   14.232740050  -10.635558764
   -0.666398442   -1.663196111   49.683462238   15.657091166  -12.640017805
   -0.475998887   -1.663196111   52.486914650   12.814055875  -14.118274869
   -0.285599332   -1.663196111   54.224362478    4.383159688  -15.074130724
   -0.095199777   -1.663196111   53.816660936   -9.522889689  -15.600177867
    0.095199777   -1.663196111   50.402126379  -26.605033781  -15.860495400
    0.285599332   -1.663196111   43.784084056  -42.239717949  -15.999087390
    0.475998887   -1.663196111   34.804657479  -50.389162458  -16.045221197
    0.666398442   -1.663196111   25.420067940  -45.849769372  -15.872070012
    0.856797996   -1.663196111   18.267969829  -27.103179412  -15.260761021
    1.047197551   -1.663196111   15.776979021    2.015521174  -14.032095078
    1.237597106   -1.663196111   19.176800611   33.170200457  -12.174238917
    1.427996661   -1.663196111   27.936399067   56.867702790   -9.840679192
    1.618396215   -1.663196111   39.932439517   66.464016575   -7.251447231
    1.808795770   -1.663196111   52.248078596   60.413474686   -4.580881773
    1.999195325   -1.663196111   62.148256403   41.918860564   -1.902553679
    2.189594880   -1.663196111   67.792669038   16.765456262    0.781036569
    2.379994435   -1.663196111   68.501999702   -8.951786833    3.468788391
    2.570393989   -1.663196111   64.677443050  -30.137875083    6.103548430
    2.760793544   -1.663196111   57.549590389  -43.214534877    8.538724396
    2.951193099   -1.663196111   48.861931273  -46.431165028   10.554170425

   -3.141592654   -1.293596975   39.622936518  -40.941636186    9.661804555
   -2.951193099   -1.293596975   32.979034047  -28.175679589    9.464054298
   -2.760793544   -1.293596975   29.095667480  -12.674250536    8.651645903
   -2.570393989   -1.293596975   28.049894956    0.995615077    7.286866453
   -2.379994435   -1.293596975   29.149116212    9.525800369    5.389231733
   -2.189594880   -1.293596975   31.283780120   11.908471454    2.914943220
   -1.999195325   -1.293596975   33.377131398    9.475980725   -0.199219401
   -1.808795770   -1.293596975   34.763100786    4.997498298   -3.917613110
   -1.618396215   -1.293596975   35.338450099    1.411602321   -8.011466667
   -1.427996661   -1.293596975   35.489014787    0.737087399  -12.061494027
   -1.237597106   -1.293596975   35.840865676    3.488490222  -15.565786662
   -1.047197551   -1.293596975   36.972336129    8.612548362  -18.100908262
   -0.856797996   -1.293596975   39.146271362   13.988439309  -19.453437940
   -0.666398442   -1.293596975   42.161017160   16.980700923  -19.660244824
   -0.475998887   -1.293596975   45.326890114   15.192830968  -18.952213878
   -0.285599332   -1.293596975   47.567940978    7.183438508  -17.664386672
   -0.095199777   -1.293596975   47.681280786   -6.959009039  -16.127207619
    0.095199777   -1.293596975   44.686705428  -24.836172480  -14.600043410
    0.285599332   -1.293596975   38.302254606  -41.574714307  -13.202613073
    0.475998887   -1.293596975   29.349598002  -50.716812943  -11.902509513
    0.666398442   -1.293596975   19.851684006  -46.592838528  -10.556258196
    0.856797996   -1.293596975   12.585908631  -27.411776111   -9.011134441
    1.047197551   -1.293596975   10.140846648    2.890019885   -7.214408645
    1.237597106   -1.293596975   13.851081298   35.553240405   -5.265175383
    1.427996661   -1.293596975   23.196081069   60.553671181   -3.332687578
    1.618396215   -1.293596975   35.974095358   70.870923959   -1.538217228
    1.808795770   -1.293596975   49.143005066   64.852932058    0.118719194
    1.999195325   -1.293596975   59.844705506   45.812902195    1.732564840
    2.189594880   -1.293596975   66.149566800   19.763524889    3.393565001
    2.379994435   -1.293596975   67.333944373   -6.964917957    5.106118904
    2.570393989   -1.293596975   63.796054820  -29.092321860    6.769097287
    2.760793544   -1.293596975   56.790755197  -42.941982555    8.205491851
    2.951193099   -1.293596975   48.096090637  -46.748203518    9.220144176

   -3.141592654   -0.923997839   40.463831326  -42.812208283    5.630193307
   -2.951193099   -0.923997839   33.416757680  -30.490024342    4.364297734
   -2.760793544   -0.923997839   29.070830817  -15.182516328    2.642908074
   -2.570393989   -0.923997839   27.536151925   -1.641261739    0.577444447
   -2.379994435   -0.923997839   28.108009630    6.573317956   -1.822268731
   -2.189594880   -0.923997839   29.622999235    8.288209616   -4.660145660
   -1.999195325   -0.923997839   30.939646393    4.914136216   -8.051795298
   -1.808795770   -0.923997839   31.368277722   -0.446287815  -11.943636315
   -1.618396215   -0.923997839   30.860538049   -4.398933275  -15.992311289
   -1.427996661   -0.923997839   29.937149935   -4.568332207  -19.600861761
   -1.237597106   -0.923997839   29.402315215   -0.366220912  -22.112210367
   -1.047197551   -0.923997839   29.996476229    6.909335861  -23.067382638
   -0.856797996   -0.923997839   32.073093040   14.662167582  -22.381638560
   -0.666398442   -0.923997839   35.421855933   19.722908063  -20.352008180
   -0.475998887   -0.923997839   39.250462650   19.258531383  -17.512795952
   -0.285599332   -0.923997839   42.315011009   11.601227402  -14.423510110
   -0.095199777   -0.923997839   43.226222840   -3.143255213  -11.488493622
    0.095199777   -0.923997839   40.845171737  -22.278330597   -8.881041634
    0.285599332   -0.923997839   34.811168480  -40.423469267   -6.549595455
    0.475998887   -0.923997839   25.975076766  -50.529742046   -4.324155521
    0.666398442   -0.923997839   16.488155796  -46.512603553   -2.061492474
    0.856797996   -0.923997839    9.298567211  -26.578139518    0.229233812
    1.047197551   -0.923997839    7.125407124    4.924716949    2.355038118
    1.237597106   -0.923997839   11.333503484   38.675761916    4.023374980
    1.427996661   -0.923997839   21.338471813   64.256702098    5.033598650
    1.618396215   -0.923997839   34.832461649   74.599404708    5.407261966
    1.808795770   -0.923997839   48.683194828   68.239863648    5.389217549
    1.999195325   -0.923997839   59.983156013   48.687803796    5.312945281
    2.189594880   -0.923997839   66.779994487   22.037454390    5.422481316
    2.379994435   -0.923997839   68.331389647   -5.405707891    5.766440317
    2.570393989   -0.923997839   65.011588395  -28.381353902    6.200658110
    2.760793544   -0.923997839   58.052801944  -43.170521943    6.472174672
    2.951193099   -0.923997839   49.226373360  -47.886563636    6.331602770

   -3.141592654   -0.554398704   41.623943416  -46.187541049    2.760359964
   -2.951193099   -0.554398704   33.849799357  -34.673707599    0.459817707
   -2.760793544   -0.554398704   28.663377859  -19.753372543   -2.148879955
   -2.570393989   -0.554398704   26.243525491   -6.349986419   -4.853231242
   -2.379994435   -0.554398704   25.901889952    1.648269699   -7.595559555
   -2.189594880   -0.554398704   26.435381873    2.852648953  -10.495622761
   -1.999195325   -0.554398704   26.653265220   -1.181419685  -13.698487923
   -1.808795770   -0.554398704   25.881204330   -6.848992211  -17.135544179
   -1.618396215   -0.554398704   24.196335657  -10.164289156  -20.386001939
   -1.427996661   -0.554398704   22.333550858   -8.461663153  -22.765461365
   -1.237597106   -0.554398704   21.318653568   -1.391866047  -23.612359771
   -1.047197551   -0.554398704   22.021353473    9.059246397  -22.615144458
   -0.856797996   -0.554398704   24.773857477   19.466658144  -19.969584411
   -0.666398442   -0.554398704   29.203616141   26.052053794  -16.280723026
   -0.475998887   -0.554398704   34.277868646   25.799324169  -12.298961926
   -0.285599332   -0.554398704   38.518999626   17.277410713   -8.611950105
   -0.095199777   -0.554398704   40.380412801    1.116048183   -5.460345672
    0.095199777   -0.554398704   38.677583701  -19.350865830   -2.723915350
    0.285599332   -0.554398704   33.118638751  -38.229936626   -0.054933705
    0.475998887   -0.554398704   24.695153115  -48.266231624    2.876023241
    0.666398442   -0.554398704   15.698229852  -43.579888294    6.139637174
    0.856797996   -0.554398704    9.141815858  -22.913993904    9.435604911
    1.047197551   -0.554398704    7.700004423    8.803327525   12.187261777
    1.237597106   -0.554398704   12.606369307   41.996682314   13.809315107
    1.427996661   -0.554398704   23.141773140   66.442801027   14.026489315
    1.618396215   -0.554398704   36.934553291   75.578207254   13.014043090
    1.808795770   -0.554398704   50.885629782   68.402723144   11.303647726
    1.999195325   -0.554398704   62.182257475   48.571958567    9.517912350
    2.189594880   -0.554398704   68.960611748   21.986515207    8.093241411
    2.379994435   -0.554398704   70.508898984   -5.424430945    7.139614769
    2.570393989   -0.554398704   67.162187533  -28.720944546    6.462378100
    2.760793544   -0.554398704   60.070127723  -44.301236615    5.704832797
    2.951193099   -0.554398704   50.924898458  -50.139209352    4.527915699

   -3.141592654   -0.184799568   42.158854444  -50.899145966    0.600802442
   -2.951193099   -0.184799568   33.402320661  -40.173642953   -2.068318255
   -2.760793544   -0.184799568   27.135188494  -25.509897782   -4.880200716
   -2.570393989   -0.184799568   23.626088942  -11.998312080   -7.610190702
   -2.379994435   -0.184799568   22.221761548   -3.893660461  -10.206421387
   -2.189594880   -0.184799568   21.692384437   -2.804663486  -12.800152402
   -1.999195325   -0.184799568   20.816327026   -6.973886774  -15.524127816
   -1.808795770   -0.184799568   18.968123618  -12.205143743  -18.261962539
   -1.618396215   -0.184799568   16.395539358  -13.903250989  -20.530878219
   -1.427996661   -0.184799568   14.081169280   -9.265917265  -21.627197481
   -1.237597106   -0.184799568   13.259578868    1.489532789  -20.972785686
   -1.047197551   -0.184799568   14.846989897   15.323094790  -18.461705547
   -0.856797996   -0.184799568   19.013707043   27.776329714  -14.563424611
   -0.666398442   -0.184799568   25.075963731   34.576120186  -10.115996115
   -0.475998887   -0.184799568   31.663890567   32.965405488   -5.959129867
   -0.285599332   -0.184799568   37.073214854   22.341484525   -2.566999979
   -0.095199777   -0.184799568   39.715113925    4.371957874    0.096839838
    0.095199777   -0.184799568   38.544201669  -16.797128373    2.493172614
    0.285599332   -0.184799568   33.512325874  -35.044242551    5.223493952
    0.475998887   -0.184799568   25.831865717  -43.580365444    8.668562686
    0.666398442   -0.184799568   17.871651597  -37.501862922   12.714072683
    0.856797996   -0.184799568   12.525045499  -16.549440676   16.719985611
    1.047197551   -0.184799568   12.197056670   13.855222049   19.774896270
    1.237597106   -0.184799568   17.833018017   44.456039886   21.115525575
    1.427996661   -0.184799568   28.553499211   65.959481181   20.498849339
    1.618396215   -0.184799568   42.021208670   72.825773641   18.285812109
    1.808795770   -0.184799568   55.330161175   64.636013604   15.238454926
    1.999195325   -0.184799568   65.910088504   44.976198049   12.160206938
    2.189594880   -0.184799568   72.075488928   19.192497736    9.584982185
    2.379994435   -0.184799568   73.168285099   -7.479849060    7.647484812
    2.570393989   -0.184799568   69.457524737  -30.609773052    6.134932175
    2.760793544   -0.184799568   61.962193356  -46.759711848    4.661869668
    2.951193099   -0.184799568   52.249945991  -53.692133155    2.872356420

   -3.141592654    0.184799568   42.158612931  -55.367035287   -1.624946815
   -2.951193099    0.184799568   32.494700866  -45.132051963   -3.801631532
   -2.760793544    0.184799568   25.275249324  -30.468331251   -5.895016995
   -2.570393989    0.184799568   20.849230327  -16.640330886   -7.816916164
   -2.379994435    0.184799568   18.591947450   -8.234487516   -9.619037719
   -2.189594880    0.184799568   17.251991730   -6.990669500  -11.458465873
   -1.999195325    0.184799568   15.599918616  -10.868215130  -13.415492859
   -1.808795770    0.184799568   13.090409338  -15.086066356  -15.296043748
   -1.618396215    0.184799568   10.157682864  -14.598860672  -16.585146055
   -1.427996661    0.184799568    8.004758800   -6.750486586  -16.642385652
   -1.237597106    0.184799568    7.990954946    7.389942796  -15.048460727
   -1.047197551    0.184799568   10.954007244   23.608951219  -11.899670749
   -0.856797996    0.184799568   16.779005563   36.565122141   -7.821418657
   -0.666398442    0.184799568   24.403178226   41.898396518   -3.679060231
   -0.475998887    0.184799568   32.142656891   37.634336538   -0.175388788
   -0.285599332    0.184799568   38.183305784   24.418767546    2.486403869
   -0.095199777    0.184799568   41.066024363    5.100061807    4.651027271
    0.095199777    0.184799568   40.050844217  -15.580906636    7.003917219
    0.285599332    0.184799568   35.428490744  -31.766551732   10.179663012
    0.475998887    0.184799568   28.621439478  -37.718669167   14.371353379
    0.666398442    0.184799568   21.966053826  -29.926602885   19.125021009
    0.856797996    0.184799568   18.077402985   -9.199984904   23.455076967
    1.047197551    0.184799568   18.954443852   18.830086319   26.252658349
    1.237597106    0.184799568   25.192232029   45.680015111   26.780001497
    1.427996661    0.184799568   35.772804376   63.375785284   24.990413823
    1.618396215    0.184799568   48.469742952   67.577785902   21.487151042
    1.808795770    0.184799568   60.658786419   58.410645631   17.207711823
    1.999195325    0.184799568   70.080950749   39.241372532   13.023429980
    2.189594880    0.184799568   75.267776906   14.708100723    9.466221946
    2.379994435    0.184799568   75.628217887  -10.758218495    6.663601159
    2.570393989    0.184799568   71.362482765  -33.292245866    4.433163546
    2.760793544    0.184799568   63.349527018  -49.633245510    2.463400471
    2.951193099    0.184799568   53.023675442  -57.319066832    0.483398819

   -3.141592654    0.554398704   43.705868893  -57.490749789   -1.347003404
   -2.951193099    0.554398704   33.561598507  -48.012475276   -2.411626526
   -2.760793544    0.554398704   25.737705730  -33.874849989   -3.393767700
   -2.570393989    0.554398704   20.637681470  -20.258448316   -4.351309162
   -2.379994435    0.554398704   17.691239410  -11.821310115   -5.370616961
   -2.189594880    0.554398704   15.686509369  -10.344716001   -6.528107882
   -1.999195325    0.554398704   13.442059104  -13.655274124   -7.786295973
   -1.808795770    0.554398704   10.501152196  -16.709944914   -8.914942422
   -1.618396215    0.554398704    7.427833400  -14.344061966   -9.514713190
   -1.427996661    0.554398704    5.539859407   -4.201621940   -9.179282757
   -1.237597106    0.554398704    6.212708688   11.927918881   -7.717322738
   -1.047197551    0.554398704   10.147979886   29.048355200   -5.304345481
   -0.856797996    0.554398704   16.978138641   41.453445281   -2.422101804
   -0.666398442    0.554398704   25.386359960   45.121022761    0.388947826
   -0.475998887    0.554398704   33.557583826   39.011498919    2.805876478
   -0.285599332    0.554398704   39.747028454   24.821894205    4.911556866
   -0.095199777    0.554398704   42.736500051    6.103018655    7.139217795
    0.095199777    0.554398704   42.096391659  -12.435439727   10.053555644
    0.285599332    0.554398704   38.345199640  -25.740379975   14.008960472
    0.475998887    0.554398704   32.925684217  -29.382652474   18.865302631
    0.666398442    0.554398704   27.942053386  -21.087243856   23.893461389
    0.856797996    0.554398704   25.599330131   -2.195790686   27.975245648
    1.047197551    0.554398704   27.477862265   22.111409818   30.042513052
    1.237597106    0.554398704   33.921173566   44.576356966   29.536619467
    1.427996661    0.554398704   43.920543672   58.596944810   26.636808868
    1.618396215    0.554398704   55.482317941   60.742180520   22.126755748
    1.808795770    0.554398704   66.317533302   51.302312333   17.030673903
    1.999195325    0.554398704   74.471658554   33.202786585   12.225666991
    2.189594880    0.554398704   78.666629204   10.375407322    8.222713633
    2.379994435    0.554398704   78.366711206  -13.423059713    5.155299368
    2.570393989    0.554398704   73.714102616  -34.807135836    2.891536117
    2.760793544    0.554398704   65.462707775  -50.745905051    1.192640391
    2.951193099    0.554398704   54.905286691  -58.730931634   -0.169143876

   -3.141592654    0.923997839   43.782365158  -58.433207208   -1.594810166
   -2.951193099    0.923997839   33.490175165  -48.597206656   -1.231620653
   -2.760793544    0.923997839   25.587029796  -34.121909239   -0.680709059
   -2.570393989    0.923997839   20.463119880  -20.286894561   -0.223618266
   -2.379994435    0.923997839   17.514097984  -11.859900432   -0.067421148
   -2.189594880    0.923997839   15.481512796  -10.625722551   -0.286223467
   -1.999195325    0.923997839   13.152328553  -14.254915918   -0.796547355
   -1.808795770    0.923997839   10.078797623  -17.455398608   -1.394104029
   -1.618396215    0.923997839    6.876337990  -14.898376105   -1.823019359
   -1.427996661    0.923997839    4.924190521   -4.294694522   -1.857198134
   -1.237597106    0.923997839    5.626098843   12.291796370   -1.371069231
   -1.047197551    0.923997839    9.654866354   29.603174779   -0.376922953
   -0.856797996    0.923997839   16.584775689   41.917409318    1.013376309
   -0.666398442    0.923997839   25.072733671   45.538776142    2.676310862
   -0.475998887    0.923997839   33.359346721   39.937358860    4.567846265
   -0.285599332    0.923997839   39.845929859   27.184815926    6.793984071
   -0.095199777    0.923997839   43.497989309   10.830202086    9.565610783
    0.095199777    0.923997839   44.023602474   -4.909892767   13.090115511
    0.285599332    0.923997839   41.944144685  -15.866413651   17.364613516
    0.475998887    0.923997839   38.519887525  -18.615859535   22.008621621
    0.666398442    0.923997839   35.502168217  -11.594026503   26.244053154
    0.856797996    0.923997839   34.669526262    3.848729492   29.108640780
    1.047197551    0.923997839   37.252692304   23.344358853   29.832070925
    1.237597106    0.923997839   43.459169155   40.976704618   28.178330770
    1.427996661    0.923997839   52.404389104   51.414133827   24.536558523
    1.618396215    0.923997839   62.409072413   51.904084997   19.715689850
    1.808795770    0.923997839   71.553048148   42.635967948   14.606277573
    1.999195325    0.923997839   78.174833533   25.904742408    9.890047370
    2.189594880    0.923997839   81.150619536    4.881862065    5.934856593
    2.379994435    0.923997839   79.968682213  -17.254600194    2.854236745
    2.570393989    0.923997839   74.711846441  -37.400287903    0.625179208
    2.760793544    0.923997839   66.047974424  -52.544149095   -0.808720395
    2.951193099    0.923997839   55.197057296  -60.040668469   -1.513878645

   -3.141592654    1.293596975   40.331781504  -57.678426472   -5.936858791
   -2.951193099    1.293596975   30.343325526  -46.260791985   -5.190059011
   -2.760793544    1.293596975   22.971198558  -31.038987317   -3.997533771
   -2.570393989    1.293596975   18.428781649  -17.404951595   -2.656663011
   -2.379994435    1.293596975   15.948179137   -9.912436478   -1.381104101
   -2.189594880    1.293596975   14.166490752   -9.963341670   -0.247283290
   -1.999195325    1.293596975   11.837942871  -14.889508384    0.782832456
   -1.808795770    1.293596975    8.535571093  -19.179010045    1.766997021
   -1.618396215    1.293596975    4.929203986  -17.347701237    2.709374778
   -1.427996661    1.293596975    2.482212240   -6.947532296    3.559866151
   -1.237597106    1.293596975    2.714264168   10.121456377    4.274800773
   -1.047197551    1.293596975    6.437285989   28.676695452    4.879747095
   -0.856797996    1.293596975   13.363779460   42.892003339    5.500636700
   -0.666398442    1.293596975   22.251701433   48.790807717    6.339096163
   -0.475998887    1.293596975   31.377588889   45.475856773    7.617203639
   -0.285599332    1.293596975   39.111847551   34.671324022    9.536769356
   -0.095199777    1.293596975   44.330385773   19.685147211   12.212472826
    0.095199777    1.293596975   46.611348664    4.521906080   15.612880080
    0.285599332    1.293596975   46.304357914   -6.871932073   19.454421869
    0.475998887    1.293596975   44.455460396  -11.273712120   23.158558688
    0.666398442    1.293596975   42.580566422   -7.110856600   25.932904620
    0.856797996    1.293596975   42.260839082    4.675563938   27.020655341
    1.047197551    1.293596975   44.644520362   20.489728765   26.010371561
    1.237597106    1.293596975   50.015051967   35.237194067   23.041666330
    1.427996661    1.293596975   57.693654131   44.063301672   18.732670650
    1.618396215    1.293596975   66.245634794   44.162245624   13.889873856
    1.808795770    1.293596975   73.943841484   35.269449120    9.193397758
    1.999195325    1.293596975   79.222386963   19.171287549    5.022838804
    2.189594880    1.293596975   80.974920039   -1.236854368    1.491532687
    2.379994435    1.293596975   78.687128784  -22.727819158   -1.406920814
    2.570393989    1.293596975   72.469361344  -41.947401166   -3.668451832
    2.760793544    1.293596975   63.065920568  -55.668916078   -5.224770362
    2.951193099    1.293596975   51.792581781  -61.283546832   -5.987834074

   -3.141592654    1.663196111   35.020257209  -57.397082481  -13.878237884
   -2.951193099    1.663196111   25.270979635  -44.118993847  -13.259356512
   -2.760793544    1.663196111   18.426640505  -27.790772374  -11.669638055
   -2.570393989    1.663196111   14.538403774  -13.914077596   -9.377360302
   -2.379994435    1.663196111   12.693348612   -6.799515392   -6.638192790
   -2.189594880    1.663196111   11.446995138   -7.462967639   -3.635344159
   -1.999195325    1.663196111    9.537338170  -12.976738745   -0.507028661
   -1.808795770    1.663196111    6.549432592  -17.785013620    2.554905278
   -1.618396215    1.663196111    3.161687390  -16.445380676    5.262417854
   -1.427996661    1.663196111    0.846532121   -6.441651423    7.310015898
   -1.237597106    1.663196111    1.162002233   10.555408038    8.530725559
   -1.047197551    1.663196111    5.006379647   29.616695027    9.021242111
   -0.856797996    1.663196111   12.212710587   44.982612758    9.138716455
   -0.666398442    1.663196111   21.647128987   52.478310562    9.362954306
   -0.475998887    1.663196111   31.636028441   50.830935119   10.101188021
   -0.285599332    1.663196111   40.525054265   41.355246041   11.552572129
   -0.095199777    1.663196111   47.092394505   27.037476263   13.653334018
    0.095199777    1.663196111   50.765339676   11.614911718   16.108358805
    0.285599332    1.663196111   51.698460628   -1.136719780   18.431781911
    0.475998887    1.663196111   50.723997795   -7.993214470   20.035120235
    0.666398442    1.663196111   49.173265722   -7.060956449   20.370987716
    0.856797996    1.663196111   48.540870384    1.393403218   19.130569315
    1.047197551    1.663196111   50.033875200   14.597927221   16.395861630
    1.237597106    1.663196111   54.133983059   28.016579660   12.653515828
    1.427996661    1.663196111   60.416673871   36.798840292    8.576857968
    1.618396215    1.663196111   67.648442843   37.627967784    4.730986449
    1.808795770    1.663196111   74.183323880   29.545185486    1.365421560
    1.999195325    1.663196111   78.420715820   13.881452773   -1.590328310
    2.189594880    1.663196111   79.172899292   -6.494038213   -4.351676146
    2.379994435    1.663196111   75.878955413  -28.002327003   -7.061970390
    2.570393989    1.663196111   68.684825294  -46.816875232   -9.663161414
    2.760793544    1.663196111   58.450038248  -59.392954395  -11.892104696
    2.951193099    1.663196111   46.633702983  -63.153610505  -13.393244291

   -3.141592654    2.032795246   28.059928310  -58.828048652  -17.015122489
   -2.951193099    2.032795246   18.259081764  -43.228514908  -16.200203492
   -2.760793544    2.032795246   11.794445577  -24.765581623  -14.228440759
   -2.570393989    2.032795246    8.651422323   -9.198306022  -11.386282511
   -2.379994435    2.032795246    7.824511513   -0.906185175   -7.959868519
   -2.189594880    2.032795246    7.773401800   -0.883650256   -4.142524818
   -1.999195325    2.032795246    7.140316520   -6.247128736   -0.066164943
   -1.808795770    2.032795246    5.398082302  -11.549187489    4.065183236
   -1.618396215    2.032795246    3.097536636  -11.363973380    7.894048217
   -1.427996661    2.032795246    1.604358677   -2.928898050   10.982057783
   -1.237597106    2.032795246    2.442731979   12.588777376   13.003314798
   -1.047197551    2.032795246    6.581391778   30.800903818   13.930031836
   -0.856797996    2.032795246   14.004113052   46.213136215   14.065926683
   -0.666398442    2.032795246   23.739757699   54.493271719   13.897206225
   -0.475998887    2.032795246   34.211994327   53.876569419   13.854781673
   -0.285599332    2.032795246   43.757690230   45.100717809   14.126307850
   -0.095199777    2.032795246   51.045936974   30.707771988   14.585385568
    0.095199777    2.032795246   55.332996433   14.223375106   14.858514691
    0.285599332    2.032795246   56.587053874   -0.515108793   14.456421635
    0.475998887    2.032795246   55.490973220   -9.948319947   12.969939418
    0.666398442    2.032795246   53.315890911  -11.594767123   10.262420249
    0.856797996    2.032795246   51.624600225   -5.019109747    6.590811411
    1.047197551    2.032795246   51.813907596    7.556250844    2.556602315
    1.237597106    2.032795246   54.619789288   21.656825698   -1.102496897
    1.427996661    2.032795246   59.827886734   31.942790520   -3.849874076
    1.618396215    2.032795246   66.284991428   34.281553564   -5.577501701
    1.808795770    2.032795246   72.273802214   27.002327473   -6.616650630
    1.999195325    2.032795246   76.026135208   11.178332095   -7.529119553
    2.189594880    2.032795246   76.186626742  -10.076521944   -8.806837523
    2.379994435    2.032795246   72.109535332  -32.609098166  -10.645083044
    2.570393989    2.032795246   63.973343425  -51.977333397  -12.872340462
    2.760793544    2.032795246   52.772239265  -64.209792073  -15.032220211
    2.951193099    2.032795246   40.149933129  -66.639742996  -16.564219920

   -3.141592654    2.402394382   20.565590212  -60.937334965  -11.202577602
   -2.951193099    2.402394382   10.614360220  -42.662553044   -9.673497059
   -2.760793544    2.402394382    4.521503978  -21.473258183   -7.369263029
   -2.570393989    2.402394382    2.240280800   -3.522993788   -4.570364384
   -2.379994435    2.402394382    2.679418839    6.619758019   -1.461666194
   -2.189594880    2.402394382    4.191294520    7.906115592    1.946071385
   -1.999195325    2.402394382    5.300919727    3.145504730    5.725775562
   -1.808795770    2.402394382    5.342083545   -2.359253566    9.822224282
   -1.618396215    2.402394382    4.700601790   -3.277937626   13.904074678
   -1.427996661    2.402394382    4.578968503    3.286117859   17.413662692
   -1.237597106    2.402394382    6.391771103   16.590678505   19.798891938
   -1.047197551    2.402394382   11.095773136   32.806922024   20.783773344
   -0.856797996    2.402394382   18.760081674   46.859038786   20.487532140
   -0.666398442    2.402394382   28.546893037   54.475701467   19.323608334
   -0.475998887    2.402394382   38.988339007   53.587448717   17.763977629
   -0.285599332    2.402394382   48.449408460   44.428252343   16.104405155
   -0.095199777    2.402394382   55.530668585   29.081958269   14.353227419
    0.095199777    2.402394382   59.355730212   10.866905829   12.269115727
    0.285599332    2.402394382   59.758219364   -6.161679948    9.511096972
    0.475998887    2.402394382   57.367989409  -17.813269881    5.864791805
    0.666398442    2.402394382   53.549176034  -20.761295122    1.446581016
    0.856797996    2.402394382   50.111466113  -13.891748386   -3.223710171
    1.047197551    2.402394382   48.778350323    0.707961711   -7.366573695
    1.237597106    2.402394382   50.569462381   17.955225383  -10.245636573
    1.427996661    2.402394382   55.383096894   31.409012353  -11.524331793
    1.618396215    2.402394382   61.960732900   35.838411194  -11.409510214
    1.808795770    2.402394382   68.313012671   28.976285137  -10.538763388
    1.999195325    2.402394382   72.351690444   11.995885329   -9.668550518
    2.189594880    2.402394382   72.476187870  -11.351348123   -9.347445273
    2.379994435    2.402394382   67.943716052  -36.052086095   -9.733484574
    2.570393989    2.402394382   58.994843993  -56.899225281  -10.593292007
    2.760793544    2.402394382   46.807493949  -69.425994818  -11.445481284
    2.951193099    2.402394382   33.269237882  -70.839341818  -11.768562296

   -3.141592654    2.771993518   17.015169274  -60.338101089    0.408311269
   -2.951193099    2.771993518    7.300213401  -40.821600960    2.657554794
   -2.760793544    2.771993518    1.660435598  -18.616388389    5.059842733
   -2.570393989    2.771993518    0.000000000    0.110111357    7.476853081
   -2.379994435    2.771993518    1.200517485   11.000886537    9.942525565
   -2.189594880    2.771993518    3.633033055   13.237670791   12.663158917
   -1.999195325    2.771993518    5.864807339    9.605877875   15.856252242
   -1.808795770    2.771993518    7.232812003    5.037193784   19.507454225
   -1.618396215    2.771993518    8.034518832    4.322390057   23.226462748
   -1.427996661    2.771993518    9.293622926    9.996609720   26.325717803
   -1.237597106    2.771993518   12.215921269   21.393622574   28.096250796
   -1.047197551    2.771993518   17.606034960   35.172330694   28.129057436
   -0.856797996    2.771993518   25.491870526   46.872983634   26.473371173
   -0.666398442    2.771993518   35.095313220   52.628258007   23.555097004
   -0.475998887    2.771993518   45.049521946   50.378346634   19.938049851
   -0.285599332    2.771993518   53.789745880   40.066662022   16.055463147
   -0.095199777    2.771993518   59.921133317   23.421663108   12.069064774
    0.095199777    2.771993518   62.522248546    3.633907925    7.891484113
    0.285599332    2.771993518   61.393916716  -14.969154997    3.346908717
    0.475998887    2.771993518   57.219345902  -27.588116029   -1.594468905
    0.666398442    2.771993518   51.542810101  -30.239722468   -6.634604134
    0.856797996    2.771993518   46.453354616  -21.495705121  -11.145078623
    1.047197551    2.771993518   43.957262910   -3.728673582  -14.382557697
    1.237597106    2.771993518   45.246979562   17.113526196  -15.815277268
    1.427996661    2.771993518   50.200619757   33.546931194  -15.399696427
    1.618396215    2.771993518   57.361327009   39.567191523  -13.592698814
    1.808795770    2.771993518   64.448209115   32.725927795  -11.134062414
    1.999195325    2.771993518   69.103756488   14.586215399   -8.721355673
    2.189594880    2.771993518   69.565370547  -10.417953560   -6.764548432
    2.379994435    2.771993518   65.061824802  -36.595593650   -5.318621334
    2.570393989    2.771993518   55.917354103  -58.273603381   -4.166984208
    2.760793544    2.771993518   43.456235881  -70.790364847   -2.985043780
    2.951193099    2.771993518   29.721658957  -71.438724755   -1.497733407
