#! FIELDS phi psi file.free der_phi der_psi
#! SET min_phi -pi
#! SET max_phi pi
#! SET nbins_phi  33
#! SET periodic_phi true
#! SET min_psi -pi
#! SET max_psi pi
#! SET nbins_psi  17
#! SET periodic_psi true
   -3.141592654   -3.141592654   20.094503676  -56.864501250   12.353286023
   -2.951193099   -3.141592654   11.005962040  -37.789947134   15.177894446
   -2.760793544   -3.141592654    5.880357210  -16.275734012   17.505008525
   -2.570393989   -3.141592654    4.600096698    1.802507079   19.310980082
   -2.379994435   -3.141592654    6.094344869   12.499676922   20.837947388
   -2.189594880   -3.141592654    8.849386242   15.246677921   22.512513986
   -1.999195325   -3.141592654   11.561149375   12.699196373   24.701640312
   -1.808795770   -3.141592654   13.630705231    9.266007668   27.430803155
   -1.618396215   -3.141592654   15.299653285    9.052051846   30.250133763
   -1.427996661   -3.141592654   17.418816387   14.095678323   32.364607606
   -1.237597106   -3.141592654   20.964639859   23.672523547   32.979645331
   -1.047197551   -3.141592654   26.545023183   34.807810444   31.674736438
   -0.856797996   -3.141592654   34.086937384   43.639765262   28.569540445
   -0.666398442   -3.141592654   42.822632926   46.843789176   24.201080368
   -0.475998887   -3.141592654   51.480841647   42.681303531   19.231109331
   -0.285599332   -3.141592654   58.630002187   31.175830641   14.133779080
   -0.095199777   -3.141592654   63.005915793   13.975696893    9.065182597
    0.095199777   -3.141592654   63.796553703   -5.857078138    3.935874997
    0.285599332   -3.141592654   60.892635064  -24.047757455   -1.365568037
    0.475998887   -3.141592654   55.069714928  -35.715013137   -6.726113830
    0.666398442   -3.141592654   47.989200770  -36.728619032  -11.683780476
    0.856797996   -3.141592654   41.877433796  -25.618069082  -15.527889679
    1.047197551   -3.141592654   38.862723034   -4.988264794  -17.591091625
    1.237597106   -3.141592654   40.188144480   18.707649554  -17.569193976
    1.427996661   -3.141592654   45.675225701   37.431778895  -15.689424017
    1.618396215   -3.141592654   53.719869478   44.809630909  -12.590227290
    1.808795770   -3.141592654   61.856191644   38.371117933   -9.028398235
    1.999195325   -3.141592654   67.566166775   19.937333283   -5.571687222
    2.189594880   -3.141592654   68.989769157   -5.685281426   -2.448014561
    2.379994435   -3.141592654   65.327646770  -32.465039289    0.413596980
    2.570393989   -3.141592654   56.929118895  -54.523045194    3.227139504
    2.760793544   -3.141592654   45.167134051  -67.165912794    6.168934680
    2.951193099   -3.141592654   32.121939083  -67.826347721    9.262796656

   -3.141592654   -2.771993518   27.860378142  -50.641880638   20.633409932
   -2.951193099   -2.771993518   19.767607642  -33.637776372   23.395434693
   -2.760793544   -2.771993518   15.224774504  -14.264557921   25.081371112
   -2.570393989   -2.771993518   14.166965660    2.279547122   25.837287140
   -2.379994435   -2.771993518   15.692967908   12.565899498   26.099798767
   -2.189594880   -2.771993518   18.518530369   16.095956437   26.434415435
   -1.999195325   -2.771993518   21.528986683   15.036184575   27.266325454
   -1.808795770   -2.771993518   24.177545300   12.895430293   28.640416480
   -1.618396215   -2.771993518   26.577222469   12.855133406   30.142284809
   -1.427996661   -2.771993518   29.309859510   16.464837829   31.042251571
   -1.237597106   -2.771993518   33.051155566   23.177023746   30.609621894
   -1.047197551   -2.771993518   38.199945210   30.743022284   28.442258933
   -0.856797996   -2.771993518   44.637047314   36.210139036   24.620194291
   -0.666398442   -2.771993518   51.703836527   36.944102193   19.616670315
   -0.475998887   -2.771993518   58.331995106   31.461414784   14.059703045
   -0.285599332   -2.771993518   63.302225211   19.666875190    8.450321871
   -0.095199777   -2.771993518   65.518270563    2.899478530    3.038258904
    0.095199777   -2.771993518   64.277459510  -16.052215818   -2.136599239
    0.285599332   -2.771993518   59.544011952  -33.002471838   -7.059454154
    0.475998887   -2.771993518   52.168002946  -42.978529799  -11.550208267
    0.666398442   -2.771993518   43.908771291  -41.737291240  -15.194780090
    0.856797996   -2.771993518   37.097607436  -27.878631766  -17.466334075
    1.047197551   -2.771993518   33.927755224   -4.359118938  -17.974185577
    1.237597106   -2.771993518   35.620887249   21.841978287  -16.688166348
    1.427996661   -2.771993518   41.880646379   42.270738925  -13.985405548
    1.618396215   -2.771993518   50.936727219   50.471713241  -10.467244798
    1.808795770   -2.771993518   60.179581376   44.278245651   -6.690456101
    1.999195325   -2.771993518   67.026128182   25.990110879   -2.954006326
    2.189594880   -2.771993518   69.635368688    0.771028249    0.736735942
    2.379994435   -2.771993518   67.266169937  -25.306214797    4.539901534
    2.570393989   -2.771993518   60.302391311  -46.648820004    8.587401915
    2.760793544   -2.771993518   50.078100740  -59.006163091   12.826409976
    2.951193099   -2.771993518   38.553178047  -60.180712482   16.980822115

   -3.141592654   -2.402394382   35.836628577  -45.228672083   19.670704121
   -2.951193099   -2.402394382   28.570055661  -30.399982310   21.701889336
   -2.760793544   -2.402394382   24.451520295  -12.946599017   22.681220935
   -2.570393989   -2.402394382   23.524841788    2.509989653   22.839818665
   -2.379994435   -2.402394382   25.077654319   12.795839937   22.588362812
   -2.189594880   -2.402394382   28.019587909   17.188896074   22.349738372
   -1.999195325   -2.402394382   31.344234478   17.209348842   22.361556918
   -1.808795770   -2.402394382   34.466518143   15.529742150   22.562314929
   -1.618396215   -2.402394382   37.311239608   14.646470375   22.608152416
   -1.427996661   -2.402394382   40.183778751   15.912817679   22.016262056
   -1.237597106   -2.402394382   43.504109786   19.205417054   20.377908639
   -1.047197551   -2.402394382   47.546770484   23.166390792   17.544626989
   -0.856797996   -2.402394382   52.254182841   25.827918299   13.680182997
   -0.666398442   -2.402394382   57.187490911   25.198435600    9.166028767
   -0.475998887   -2.402394382   61.568967200   19.839961467    4.439508871
   -0.285599332   -2.402394382   64.425426715    9.216516591   -0.182720426
   -0.095199777   -2.402394382   64.799673196   -5.968432818   -4.550454114
    0.095199777   -2.402394382   62.019925895  -23.364063990   -8.630042554
    0.285599332   -2.402394382   56.033281451  -38.845156931  -12.360957153
    0.475998887   -2.402394382   47.692788376  -47.210234838  -15.540518487
    0.666398442   -2.402394382   38.809501424  -43.980101441  -17.811023870
    0.856797996   -2.402394382   31.787814971  -27.795069495  -18.789181610
    1.047197551   -2.402394382   28.855928352   -1.971485694  -18.258027024
    1.237597106   -2.402394382   31.186756264   26.044522131  -16.313301541
    1.427996661   -2.402394382   38.359098889   47.529685202  -13.341140343
    1.618396215   -2.402394382   48.461261298   56.115402808   -9.835223701
    1.808795770   -2.402394382   58.789404126   50.024282613   -6.187650645
    1.999195325   -2.402394382   66.749005532   31.982830348   -2.559519063
    2.189594880   -2.402394382   70.551907979    7.370055547    1.097074183
    2.379994435   -2.402394382   69.517872901  -17.871811818    4.902412873
    2.570393989   -2.402394382   64.039465421  -38.556768786    8.893969319
    2.760793544   -2.402394382   55.371282829  -50.903398626   12.918949157
    2.951193099   -2.402394382   45.318312451  -52.996154058   16.644521799

   -3.141592654   -2.032795246   41.337042564  -41.580914265   12.948524680
   -2.951193099   -2.032795246   34.601066706  -28.491518961   14.177341865
   -2.760793544   -2.032795246   30.692377371  -12.577989004   14.714059884
   -2.570393989   -2.032795246   29.731745858    1.889307014   14.705798106
   -2.379994435   -2.032795246   31.123074243   11.810909720   14.358511129
   -2.189594880   -2.032795246   33.873743411   16.184937886   13.851665492
   -1.999195325   -2.032795246   36.999592595   16.063504699   13.253994995
   -1.808795770   -2.032795246   39.849411405   13.703972422   12.504721797
   -1.618396215   -2.032795246   42.226582132   11.457127120   11.451143454
   -1.427996661   -2.032795246   44.321894390   10.898242265    9.922669738
   -1.237597106   -2.032795246   46.511494524   12.408773223    7.814483276
   -1.047197551   -2.032795246   49.133134454   15.192437330    5.149431389
   -0.856797996   -2.032795246   52.286885696   17.665038992    2.075431181
   -0.666398442   -2.032795246   55.728078441   17.848804493   -1.190061618
   -0.475998887   -2.032795246   58.841386247   13.937430359   -4.428009872
   -0.285599332   -2.032795246   60.722170528    4.844931674   -7.502457373
   -0.095199777   -2.032795246   60.380864702   -9.200305612  -10.365961861
    0.095199777   -2.032795246   57.050181274  -25.995343144  -13.033713257
    0.285599332   -2.032795246   50.590970999  -41.185598156  -15.480081850
    0.475998887   -2.032795246   41.839728555  -49.112032346  -17.550774944
    0.666398442   -2.032795246   32.676785089  -44.903731530  -18.945968636
    0.856797996   -2.032795246   25.620674709  -27.139965402  -19.321732772
    1.047197551   -2.032795246   22.989961857    0.547004455  -18.461396053
    1.237597106   -2.032795246   25.965698432   30.225430039  -16.419745025
    1.427996661   -2.032795246   34.049239936   52.806437079  -13.514316167
    1.618396215   -2.032795246   45.210217144   61.862408262  -10.176424432
    1.808795770   -2.032795246   56.643569455   55.840160777   -6.770626341
    1.999195325   -2.032795246   65.708800509   37.783262105   -3.482990610
    2.189594880   -2.032795246   70.625000638   13.283796072   -0.332997873
    2.379994435   -2.032795246   70.738708017  -11.725611811    2.729178758
    2.570393989   -2.032795246   66.447661615  -32.277932473    5.718702947
    2.760793544   -2.032795246   58.958474985  -44.896359348    8.545902568
    2.951193099   -2.032795246   49.975957993  -47.877697891   11.025862075

   -3.141592654   -1.663196111   40.545749960  -41.120475191   11.625776605
   -2.951193099   -1.663196111   33.935309171  -27.638697202   12.247658735
   -2.760793544   -1.663196111   30.219310114  -11.452834577   12.036728603
   -2.570393989   -1.663196111   29.470618509    2.905485316   11.102395660
   -2.379994435   -1.663196111   31.003760595   12.193300665    9.610727146
   -2.189594880   -1.663196111   33.725591928   15.423987883    7.711363500
   -1.999195325   -1.663196111   36.569900133   13.835021118    5.488539141
   -1.808795770   -1.663196111   38.851191567    9.988591260    2.985470992
   -1.618396215   -1.663196111   40.403090612    6.590775641    0.258582290
   -1.427996661   -1.663196111   41.511917029    5.528522017   -2.588438271
   -1.237597106   -1.663196111   42.695105463    7.347723440   -5.402959828
   -1.047197551   -1.663196111   44.442095278   11.174000444   -8.010696487
   -0.856797996   -1.663196111   46.967631439   15.118845851  -10.260062254
   -0.666398442   -1.663196111   50.067160816   16.770852872  -12.057434449
   -0.475998887   -1.663196111   53.085927274   13.923910909  -13.378745533
   -0.285599332   -1.663196111   55.016943410    5.282717490  -14.289222965
   -0.095199777   -1.663196111   54.750981512   -8.941524631  -14.916006704
    0.095199777   -1.663196111   51.415958677  -26.343748777  -15.412110964
    0.285599332   -1.663196111   44.821615681  -42.234623155  -15.864036412
    0.475998887   -1.663196111   35.825785620  -50.546576477  -16.215997590
    0.666398442   -1.663196111   26.404107115  -46.061246471  -16.257801524
    0.856797996   -1.663196111   19.215337972  -27.256244685  -15.717941853
    1.047197551   -1.663196111   16.708325142    2.013309887  -14.413162621
    1.237597106   -1.663196111   20.125667916   33.358513663  -12.378377925
    1.427996661   -1.663196111   28.936937480   57.210378110   -9.846867321
    1.618396215   -1.663196111   41.004022159   66.844452524   -7.120289578
    1.808795770   -1.663196111   53.381823811   60.659648853   -4.422929993
    1.999195325   -1.663196111   63.301418478   41.853382443   -1.827947087
    2.189594880   -1.663196111   68.893523373   16.273301646    0.706806606
    2.379994435   -1.663196111   69.467180322   -9.873481991    3.242931745
    2.570393989   -1.663196111   65.434623362  -31.368430850    5.773340272
    2.760793544   -1.663196111   58.058367330  -44.551627609    8.170963480
    2.951193099   -1.663196111   49.123321922  -47.654951991   10.206608820

   -3.141592654   -1.293596975   39.671987336  -41.942864508    9.230090538
   -2.951193099   -1.293596975   32.874689854  -28.776339455    9.135888281
   -2.760793544   -1.293596975   28.915433290  -12.873292541    8.384274691
   -2.570393989   -1.293596975   27.865010310    1.131070144    7.044063381
   -2.379994435   -1.293596975   29.012479739    9.877440666    5.151759530
   -2.189594880   -1.293596975   31.222504212   12.325454849    2.681679508
   -1.999195325   -1.293596975   33.389968790    9.819935761   -0.416171947
   -1.808795770   -1.293596975   34.827900436    5.199960078   -4.099901903
   -1.618396215   -1.293596975   35.430561848    1.515954112   -8.136648438
   -1.427996661   -1.293596975   35.603339824    0.902396977  -12.101822672
   -1.237597106   -1.293596975   36.008462004    3.917395644  -15.487072937
   -1.047197551   -1.293596975   37.258037255    9.433429887  -17.869087404
   -0.856797996   -1.293596975   39.623797469   15.160263399  -19.050399467
   -0.666398442   -1.293596975   42.878124855   18.276673635  -19.103409138
   -0.475998887   -1.293596975   46.277653705   16.300539864  -18.306063309
   -0.285599332   -1.293596975   48.689643916    7.842439528  -17.034399153
   -0.095199777   -1.293596975   48.876263615   -6.848639732  -15.634309873
    0.095199777   -1.293596975   45.855747844  -25.191464013  -14.343430266
    0.285599332   -1.293596975   39.374862415  -42.188192534  -13.225844542
    0.475998887   -1.293596975   30.300466221  -51.337163869  -12.178231271
    0.666398442   -1.293596975   20.702095340  -46.993343615  -10.996027733
    0.856797996   -1.293596975   13.393502763  -27.441674076   -9.498302541
    1.047197551   -1.293596975   10.981816163    3.266670627   -7.647591059
    1.237597106   -1.293596975   14.796061063   36.245207797   -5.596473330
    1.427996661   -1.293596975   24.287784923   61.365353872   -3.584512446
    1.618396215   -1.293596975   37.211953517   71.555187284   -1.790105204
    1.808795770   -1.293596975   50.479768605   65.179609651   -0.229769689
    1.999195325   -1.293596975   61.196316835   45.629635546    1.222336282
    2.189594880   -1.293596975   67.413789520   19.037356191    2.720252870
    2.379994435   -1.293596975   68.414324584   -8.144002506    4.332153163
    2.570393989   -1.293596975   64.622669105  -30.539135228    5.990208037
    2.760793544   -1.293596975   57.333874737  -44.431560438    7.508863214
    2.951193099   -1.293596975   48.368313332  -48.070611780    8.654595684

   -3.141592654   -0.923997839   40.423647165  -43.595284663    5.254300151
   -2.951193099   -0.923997839   33.256903005  -30.956684385    4.086220175
   -2.760793544   -0.923997839   28.852915120  -15.324256588    2.399992225
   -2.570393989   -0.923997839   27.319728632   -1.491470549    0.324101935
   -2.379994435   -0.923997839   27.941690982    6.936628611   -2.102854637
   -2.189594880   -0.923997839   29.536424780    8.743449837   -4.956586744
   -1.999195325   -0.923997839   30.937895416    5.331921394   -8.333835594
   -1.808795770   -0.923997839   31.435552402   -0.140421292  -12.175225492
   -1.618396215   -0.923997839   30.976851065   -4.171204365  -16.141285951
   -1.427996661   -0.923997839   30.100696884   -4.264107362  -19.645255616
   -1.237597106   -0.923997839   29.646997028    0.215975260  -22.043249691
   -1.047197551   -0.923997839   30.389045274    7.886532348  -22.892601808
   -0.856797996   -0.923997839   32.685235766   15.961995677  -22.127582552
   -0.666398442   -0.923997839   36.291443718   21.069770661  -20.065267663
   -0.475998887   -0.923997839   40.352236894   20.293891751  -17.255290174
   -0.285599332   -0.923997839   43.560703374   12.049786747  -14.262467166
   -0.095199777   -0.923997839   44.494370402   -3.345937787  -11.481897474
    0.095199777   -0.923997839   42.024258511  -22.966731982   -9.061695657
    0.285599332   -0.923997839   35.836555092  -41.289218360   -6.913552517
    0.475998887   -0.923997839   26.844775879  -51.245511109   -4.829020218
    0.666398442   -0.923997839   17.256018419  -46.835456762   -2.637431751
    0.856797996   -0.923997839   10.051096209  -26.411287683   -0.343932803
    1.047197551   -0.923997839    7.952056483    5.512733555    1.834991430
    1.237597106   -0.923997839   12.296556662   39.479146264    3.562234885
    1.427996661   -0.923997839   22.453182161   65.000697621    4.588733482
    1.618396215   -0.923997839   36.062021211   75.028329187    4.905827750
    1.808795770   -0.923997839   49.950092106   68.192870721    4.763420199
    1.999195325   -0.923997839   61.191930868   48.133995563    4.536371140
    2.189594880   -0.923997839   67.841016888   21.065177193    4.529183705
    2.379994435   -0.923997839   69.179549303   -6.638108082    4.841306092
    2.570393989   -0.923997839   65.614128954  -29.697268630    5.345494087
    2.760793544   -0.923997839   58.409131252  -44.414718810    5.765245896
    2.951193099   -0.923997839   49.362167922  -48.940570496    5.801769374

   -3.141592654   -0.554398704   41.446396253  -46.729409054    2.489785761
   -2.951193099   -0.554398704   33.586755726  -35.021964270    0.291069203
   -2.760793544   -0.554398704   28.355035085  -19.871557723   -2.285189261
   -2.570393989   -0.554398704   25.936481346   -6.215534224   -5.004734946
   -2.379994435   -0.554398704   25.642874776    2.013198320   -7.780002815
   -2.189594880   -0.554398704   26.260939507    3.360520812  -10.704400046
   -1.999195325   -0.554398704   26.579124612   -0.655640141  -13.907450339
   -1.808795770   -0.554398704   25.900616285   -6.398394550  -17.317981838
   -1.618396215   -0.554398704   24.293577712   -9.784946272  -20.522727253
   -1.427996661   -0.554398704   22.505118048   -8.029786810  -22.851588157
   -1.237597106   -0.554398704   21.591240875   -0.732363764  -23.660745333
   -1.047197551   -0.554398704   22.450080750   10.043840437  -22.656321772
   -0.856797996   -0.554398704   25.416221548   20.696687267  -20.046281946
   -0.666398442   -0.554398704   30.083424804   27.262009459  -16.438097219
   -0.475998887   -0.554398704   35.359469679   26.657931574  -12.571289942
   -0.285599332   -0.554398704   39.710072123   17.546781963   -9.012724597
   -0.095199777   -0.554398704   41.562456822    0.766971293   -5.978724217
    0.095199777   -0.554398704   39.747784858  -20.129439133   -3.327689669
    0.285599332   -0.554398704   34.024084239  -39.121717452   -0.698961614
    0.475998887   -0.554398704   25.445521265  -48.951819834    2.238412809
    0.666398442   -0.554398704   16.356095282  -43.840351399    5.544150089
    0.856797996   -0.554398704    9.796295883  -22.692090836    8.894453857
    1.047197551   -0.554398704    8.434442491    9.389112589   11.681666723
    1.237597106   -0.554398704   13.467483465   42.693829575   13.291305210
    1.427996661   -0.554398704   24.122362331   66.954866546   13.432314878
    1.618396215   -0.554398704   37.975305530   75.673154473   12.287253179
    1.808795770   -0.554398704   51.895945867   67.993649470   10.420656239
    1.999195325   -0.554398704   63.071111850   47.732794793    8.505095805
    2.189594880   -0.554398704   69.662503227   20.899883421    7.026621175
    2.379994435   -0.554398704   70.996229180   -6.559535494    6.123630722
    2.570393989   -0.554398704   67.440464948  -29.761754469    5.595715975
    2.760793544   -0.554398704   60.164513281  -45.184137089    5.047614100
    2.951193099   -0.554398704   50.867149784  -50.853150060    4.085782362

   -3.141592654   -0.184799568   41.907472642  -51.163446059    0.470535028
   -2.951193099   -0.184799568   33.106694797  -40.366698310   -2.077291566
   -2.760793544   -0.184799568   26.813361873  -25.576914583   -4.850443193
   -2.570393989   -0.184799568   23.308596177  -11.875378152   -7.599884354
   -2.379994435   -0.184799568   21.947729049   -3.558919796  -10.242092251
   -2.189594880   -0.184799568   21.497945894   -2.315646086  -12.880577760
   -1.999195325   -0.184799568   20.720668260   -6.445515114  -15.631270356
   -1.808795770   -0.184799568   18.968167799  -11.737303395  -18.373850854
   -1.618396215   -0.184799568   16.476727206  -13.510687261  -20.633335905
   -1.427996661   -0.184799568   14.236793795   -8.851372976  -21.722114661
   -1.237597106   -0.184799568   13.507796254    2.073319175  -21.082690881
   -1.047197551   -0.184799568   15.229702274   16.155132749  -18.627178276
   -0.856797996   -0.184799568   19.573937258   28.782981953  -14.831063543
   -0.666398442   -0.184799568   25.827165291   35.530519088  -10.520928018
   -0.475998887   -0.184799568   32.569972978   33.597954398   -6.507167233
   -0.285599332   -0.184799568   38.053582206   22.475620808   -3.227786550
   -0.095199777   -0.184799568   40.672339746    4.012563694   -0.617338092
    0.095199777   -0.184799568   39.399290641  -17.468159346    1.795867109
    0.285599332   -0.184799568   34.231097048  -35.754491094    4.602796837
    0.475998887   -0.184799568   26.432116857  -44.074454562    8.155928455
    0.666398442   -0.184799568   18.411531379  -37.626648289   12.302804858
    0.856797996   -0.184799568   13.077841415  -16.299085310   16.363653755
    1.047197551   -0.184799568   12.822681594   14.335837758   19.395609424
    1.237597106   -0.184799568   18.552752392   44.920262806   20.622686494
    1.427996661   -0.184799568   29.339065798   66.150498001   19.815082068
    1.618396215   -0.184799568   42.802639417   72.579389899   17.373806644
    1.808795770   -0.184799568   56.020781879   63.947240781   14.119131958
    1.999195325   -0.184799568   66.438072148   43.994616480   10.914101709
    2.189594880   -0.184799568   72.406485571   18.146933991    8.334769318
    2.379994435   -0.184799568   73.310451377   -8.389988738    6.525051236
    2.570393989   -0.184799568   69.447457133  -31.290615249    5.244884263
    2.760793544   -0.184799568   61.843224922  -47.229886132    4.054159087
    2.951193099   -0.184799568   52.055349805  -54.029087956    2.534612070

   -3.141592654    0.184799568   41.914644388  -55.397140059   -1.674058114
   -2.951193099    0.184799568   32.238311016  -45.224173612   -3.766737626
   -2.760793544    0.184799568   25.000603889  -30.547469832   -5.848476569
   -2.570393989    0.184799568   20.568636727  -16.606551798   -7.804636779
   -2.379994435    0.184799568   18.333893363   -8.024013011   -9.656998052
   -2.189594880    0.184799568   17.049596895   -6.623988022  -11.538994450
   -1.999195325    0.184799568   15.475267282  -10.436038920  -13.519141253
   -1.808795770    0.184799568   13.046217389  -14.683997570  -15.403819235
   -1.618396215    0.184799568   10.183848475  -14.258847541  -16.688934738
   -1.427996661    0.184799568    8.093857936   -6.411314344  -16.751019947
   -1.237597106    0.184799568    8.152982083    7.836754766  -15.189817010
   -1.047197551    0.184799568   11.216761068   24.223608829  -12.114789485
   -0.856797996    0.184799568   17.171653513   37.296235738   -8.149782242
   -0.666398442    0.184799568   24.933768830   42.585606078   -4.140318005
   -0.475998887    0.184799568   32.784971458   38.095269357   -0.753919917
   -0.285599332    0.184799568   38.882183540   24.546498755    1.842918678
   -0.095199777    0.184799568   41.758154769    4.916940513    4.017856006
    0.095199777    0.184799568   40.688649460  -15.938107259    6.455821940
    0.285599332    0.184799568   35.995867685  -32.115928767    9.766434728
    0.475998887    0.184799568   29.135166467  -37.909004468   14.100658437
    0.666398442    0.184799568   22.464617275  -29.892275927   18.956417184
    0.856797996    0.184799568   18.601135283   -8.984780080   23.305717645
    1.047197551    0.184799568   19.525291901   19.079856449   26.015234141
    1.237597106    0.184799568   25.798067591   45.766138248   26.351664013
    1.427996661    0.184799568   36.365272472   63.130433855   24.305297647
    1.618396215    0.184799568   48.978069918   66.945312002   20.541532115
    1.808795770    0.184799568   61.015743645   57.484841909   16.066393774
    1.999195325    0.184799568   70.249634581   38.232903530   11.803482553
    2.189594880    0.184799568   75.255332337   13.851989564    8.304804322
    2.379994435    0.184799568   75.480247560  -11.309519154    5.681248910
    2.570393989    0.184799568   71.140310448  -33.527707266    3.705662062
    2.760793544    0.184799568   63.104108929  -49.663313872    2.009087105
    2.951193099    0.184799568   52.779668480  -57.297305482    0.267276856

   -3.141592654    0.554398704   43.451709373  -57.249838766   -1.321832913
   -2.951193099    0.554398704   33.335836229  -47.946604906   -2.365575188
   -2.760793544    0.554398704   25.514042963  -33.893619717   -3.375566653
   -2.570393989    0.554398704   20.412591533  -20.232502990   -4.387614259
   -2.379994435    0.554398704   17.483111263  -11.658318158   -5.466925038
   -2.189594880    0.554398704   15.522684228  -10.049132693   -6.673165214
   -1.999195325    0.554398704   13.340579940  -13.314086526   -7.958651094
   -1.808795770    0.554398704   10.460715254  -16.422371632   -9.090961341
   -1.618396215    0.554398704    7.433356776  -14.146762172   -9.678233423
   -1.427996661    0.554398704    5.578183484   -4.037013327   -9.329334404
   -1.237597106    0.554398704    6.287840021   12.170847984   -7.871911956
   -1.047197551    0.554398704   10.283278972   29.445320213   -5.495304075
   -0.856797996    0.554398704   17.203234482   41.988238173   -2.681397700
   -0.666398442    0.554398704   25.717998003   45.684114499    0.045318448
   -0.475998887    0.554398704   33.988115807   39.468364466    2.390281699
   -0.285599332    0.554398704   40.246796203   25.087209866    4.464892519
   -0.095199777    0.554398704   43.267926112    6.178751715    6.718974627
    0.095199777    0.554398704   42.629809185  -12.472083493    9.714138770
    0.285599332    0.554398704   38.868695401  -25.788592289   13.780794825
    0.475998887    0.554398704   33.444575216  -29.370951214   18.740154613
    0.666398442    0.554398704   28.469798677  -21.010461042   23.820344919
    0.856797996    0.554398704   26.142520610   -2.127276471   27.868692908
    1.047197551    0.554398704   28.022681213   22.035426006   29.803633138
    1.237597106    0.554398704   34.425907865   44.212206472   29.084020688
    1.427996661    0.554398704   44.321432625   57.869061572   25.937453559
    1.618396215    0.554398704   55.712693412   59.702069181   21.214242194
    1.808795770    0.554398704   66.333578158   50.133870590   16.000096217
    1.999195325    0.554398704   74.273104387   32.163457890   11.205188244
    2.189594880    0.554398704   78.301162892    9.694462915    7.334302730
    2.379994435    0.554398704   77.915130463  -13.641240608    4.480817925
    2.570393989    0.554398704   73.261170494  -34.623024516    2.457390566
    2.760793544    0.554398704   65.068456199  -50.347227391    0.974158549
    2.951193099    0.554398704   54.589506321  -58.337808755   -0.230321360

   -3.141592654    0.923997839   43.565116458  -58.064784945   -1.569794026
   -2.951193099    0.923997839   33.317693944  -48.484775118   -1.219387528
   -2.760793544    0.923997839   25.418952323  -34.160174031   -0.717506777
   -2.570393989    0.923997839   20.284996866  -20.329219379   -0.325692294
   -2.379994435    0.923997839   17.337021557  -11.793114476   -0.234451864
   -2.189594880    0.923997839   15.329661612  -10.431102019   -0.505754449
   -1.999195325    0.923997839   13.044893802  -13.998312634   -1.048055612
   -1.808795770    0.923997839   10.019108461  -17.221977592   -1.653470287
   -1.618396215    0.923997839    6.855720510  -14.718443734   -2.070381895
   -1.427996661    0.923997839    4.936632427   -4.110173037   -2.085811455
   -1.237597106    0.923997839    5.682827352   12.593822554   -1.594761471
   -1.047197551    0.923997839    9.786974867   30.101315986   -0.628838219
   -0.856797996    0.923997839   16.829939374   42.593978354    0.693417981
   -0.666398442    0.923997839   25.454319484   46.270805732    2.261199808
   -0.475998887    0.923997839   33.872499404   40.563688232    4.061175142
   -0.285599332    0.923997839   40.458201550   27.590311497    6.235599223
   -0.095199777    0.923997839   44.164084203   10.996710053    9.021164442
    0.095199777    0.923997839   44.703754500   -4.910610705   12.627376045
    0.285599332    0.923997839   42.616159582  -15.932181052   17.025666008
    0.475998887    0.923997839   39.178486425  -18.681457381   21.789543127
    0.666398442    0.923997839   36.147703712  -11.674248695   26.089415479
    0.856797996    0.923997839   35.291076743    3.656918947   28.924209078
    1.047197551    0.923997839   37.815862566   22.900725790   29.512838994
    1.237597106    0.923997839   43.904582366   40.174403556   27.645775880
    1.427996661    0.923997839   52.661865840   50.256976594   23.771191989
    1.618396215    0.923997839   62.423032943   50.542130050   18.770711588
    1.808795770    0.923997839   71.308215385   41.331599145   13.593398865
    1.999195325    0.923997839   77.709669462   24.940289518    8.941811775
    2.189594880    0.923997839   80.550344489    4.449722840    5.161213729
    2.379994435    0.923997839   79.340191272  -17.128071527    2.312183138
    2.570393989    0.923997839   74.149917129  -36.860628384    0.312383302
    2.760793544    0.923997839   65.608123209  -51.842922926   -0.939560416
    2.951193099    0.923997839   54.885431580  -59.429922132   -1.532019123

   -3.141592654    1.293596975   40.219949224  -57.458028392   -5.753985161
   -2.951193099    1.293596975   30.240278798  -46.369227438   -5.077957754
   -2.760793544    1.293596975   22.827775433  -31.318994336   -3.963021818
   -2.570393989    1.293596975   18.230684543  -17.669203310   -2.691760892
   -2.379994435    1.293596975   15.713122329  -10.019932629   -1.470014554
   -2.189594880    1.293596975   13.929666081   -9.875839544   -0.370108011
   -1.999195325    1.293596975   11.632889728  -14.656141030    0.648731952
   -1.808795770    1.293596975    8.382812991  -18.873177905    1.644858998
   -1.618396215    1.293596975    4.838273325  -17.003197060    2.615584412
   -1.427996661    1.293596975    2.462355028   -6.535129486    3.494548017
   -1.237597106    1.293596975    2.783880176   10.659329196    4.214549812
   -1.047197551    1.293596975    6.622699256   29.352936399    4.781806808
   -0.856797996    1.293596975   13.686307095   43.637224768    5.319095740
   -0.666398442    1.293596975   22.711713053   49.466869496    6.046540040
   -0.475998887    1.293596975   31.948552067   45.949417172    7.220826587
   -0.285599332    1.293596975   39.748060916   34.884428519    9.079643059
   -0.095199777    1.293596975   44.984755274   19.677612553   11.759122015
    0.095199777    1.293596975   47.251205807    4.396760257   15.225301780
    0.285599332    1.293596975   46.916788803   -7.020558020   19.168468579
    0.475998887    1.293596975   45.039782421  -11.419224748   22.970096791
    0.666398442    1.293596975   43.133162345   -7.314159982   25.798088312
    0.856797996    1.293596975   42.759518496    4.290663773   26.870309058
    1.047197551    1.293596975   45.042076864   19.796538997   25.774320197
    1.237597106    1.293596975   50.246286017   34.187798852   22.677151413
    1.427996661    1.293596975   57.697086296   42.750489804   18.245756254
    1.618396215    1.293596975   65.991436503   42.819082080   13.339727530
    1.808795770    1.293596975   73.454365219   34.193820268    8.674071509
    1.999195325    1.293596975   78.573848365   18.609993209    4.628743323
    2.189594880    1.293596975   80.277404806   -1.186704545    1.282650777
    2.379994435    1.293596975   78.051552199  -22.155485372   -1.423802709
    2.570393989    1.293596975   71.974101465  -41.090457183   -3.535332500
    2.760793544    1.293596975   62.737026905  -54.822634334   -5.010524926
    2.951193099    1.293596975   51.603269689  -60.694023039   -5.762843518

   -3.141592654    1.663196111   35.060368163  -57.443347073  -13.460605877
   -2.951193099    1.663196111   25.270295373  -44.473661692  -12.970272688
   -2.760793544    1.663196111   18.343745959  -28.259570470  -11.488341992
   -2.570393989    1.663196111   14.371732515  -14.294170380   -9.275600521
   -2.379994435    1.663196111   12.474779281   -6.948948190   -6.590690705
   -2.189594880    1.663196111   11.225405585   -7.347493750   -3.622419956
   -1.999195325    1.663196111    9.359004771  -12.652154398   -0.512285172
   -1.808795770    1.663196111    6.445668597  -17.340255162    2.548236280
   -1.618396215    1.663196111    3.148117698  -15.948385975    5.268853505
   -1.427996661    1.663196111    0.930175305   -5.916842111    7.334121562
   -1.237597106    1.663196111    1.348093055   11.108888690    8.558003614
   -1.047197551    1.663196111    5.299026973   30.177590761    9.017297757
   -0.856797996    1.663196111   12.608289308   45.489483415    9.059670376
   -0.666398442    1.663196111   22.126874056   52.844172123    9.174137749
   -0.475998887    1.663196111   32.166733821   50.997625522    9.794706677
   -0.285599332    1.663196111   41.068704776   41.335764847   11.155558905
   -0.095199777    1.663196111   47.620627030   26.913945437   13.222418266
    0.095199777    1.663196111   51.268726176   11.494465478   15.711692997
    0.285599332    1.663196111   52.184681065   -1.189805070   18.125225847
    0.475998887    1.663196111   51.205167199   -8.001148441   19.842205428
    0.666398442    1.663196111   49.648900334   -7.133667890   20.274819590
    0.856797996    1.663196111   48.984148529    1.102245754   19.082756988
    1.047197551    1.663196111   50.390329800   13.965255357   16.340385213
    1.237597106    1.663196111   54.335166218   27.031439647   12.557357655
    1.427996661    1.663196111   60.406770445   35.605921383    8.452867878
    1.618396215    1.663196111   67.412189427   36.496492680    4.639585508
    1.808795770    1.663196111   73.760803936   28.767231227    1.390655425
    1.999195325    1.663196111   77.900107596   13.650716683   -1.379921931
    2.189594880    1.663196111   78.663116648   -6.160218337   -3.937424736
    2.379994435    1.663196111   75.474747038  -27.265314008   -6.485769062
    2.570393989    1.663196111   68.437800916  -45.949668658   -9.010055368
    2.760793544    1.663196111   58.357147858  -58.680510880  -11.256565136
    2.951193099    1.663196111   46.644704249  -62.795060401  -12.848580492

   -3.141592654    2.032795246   28.282750750  -59.148517363  -16.547138449
   -2.951193099    2.032795246   18.391691340  -43.820719407  -15.891032208
   -2.760793544    2.032795246   11.805521141  -25.407304115  -14.028201502
   -2.570393989    2.032795246    8.552452489   -9.682452723  -11.243363497
   -2.379994435    2.032795246    7.659697864   -1.099663085   -7.833839681
   -2.189594880    2.032795246    7.601991880   -0.763782042   -4.008069469
   -1.999195325    2.032795246    7.016967225   -5.877558486    0.089156880
   -1.808795770    2.032795246    5.360910899  -11.029685207    4.245113169
   -1.618396215    2.032795246    3.165803192  -10.785854958    8.093559492
   -1.427996661    2.032795246    1.782738090   -2.357164570   11.183864940
   -1.237597106    2.032795246    2.725442353   13.107686106   13.174535740
   -1.047197551    2.032795246    6.953590956   31.213936870   14.026351426
   -0.856797996    2.032795246   14.440173171   46.462147261   14.044341820
   -0.666398442    2.032795246   24.203710506   54.536658669   13.734021129
   -0.475998887    2.032795246   34.665291689   53.732481124   13.559551409
   -0.285599332    2.032795246   44.172373993   44.863042923   13.745845703
   -0.095199777    2.032795246   51.417325094   30.516023042   14.194156643
    0.095199777    2.032795246   55.682342572   14.198648124   14.538194767
    0.285599332    2.032795246   56.950704246   -0.343179610   14.271493267
    0.475998887    2.032795246   55.899336787   -9.672452808   12.948674585
    0.666398442    2.032795246   53.771834222  -11.405685761   10.390935365
    0.856797996    2.032795246   52.090930752   -5.129016264    6.824202680
    1.047197551    2.032795246   52.218983147    7.014304036    2.843490232
    1.237597106    2.032795246   54.881268437   20.714850786   -0.791593724
    1.427996661    2.032795246   59.887764159   30.819329265   -3.504527210
    1.618396215    2.032795246   66.139530705   33.308332450   -5.150670987
    1.808795770    2.032795246   71.982167208   26.483709962   -6.050576829
    1.999195325    2.032795246   75.691819286   11.256955020   -6.791058515
    2.189594880    2.032795246   75.919735758   -9.474172716   -7.915837972
    2.379994435    2.032795246   71.988494802  -31.729325044   -9.673862390
    2.570393989    2.032795246   64.021127483  -51.132407921  -11.923166382
    2.760793544    2.032795246   52.955282304  -63.666488774  -14.200450861
    2.951193099    2.032795246   40.395190129  -66.537307037  -15.908885267

   -3.141592654    2.402394382   20.972288189  -61.531715394  -10.917086554
   -2.951193099    2.402394382   10.886737989  -43.439032848   -9.560356108
   -2.760793544    2.402394382    4.646860312  -22.198834545   -7.353647156
   -2.570393989    2.402394382    2.248263189   -4.004148168   -4.582133236
   -2.379994435    2.402394382    2.628112792    6.486966824   -1.448798029
   -2.189594880    2.402394382    4.147741752    8.110301138    2.012145725
   -1.999195325    2.402394382    5.321234318    3.592177487    5.850988754
   -1.808795770    2.402394382    5.460388538   -1.796223121    9.994393384
   -1.618396215    2.402394382    4.927436754   -2.713603179   14.097482083
   -1.427996661    2.402394382    4.906104116    3.765783517   17.593034457
   -1.237597106    2.402394382    6.797216251   16.927628249   19.924055340
   -1.047197551    2.402394382   11.548007414   32.956779812   20.817680284
   -0.856797996    2.402394382   19.220855209   46.798781011   20.406333013
   -0.666398442    2.402394382   28.976943046   54.223983646   19.127455199
   -0.475998887    2.402394382   39.358600092   53.234125678   17.481756767
   -0.285599332    2.402394382   48.754426426   44.128328308   15.791438302
   -0.095199777    2.402394382   55.797274116   29.005520054   14.079903505
    0.095199777    2.402394382   59.638519548   11.122427484   12.103451120
    0.285599332    2.402394382   60.120224992   -5.600738259    9.499996915
    0.475998887    2.402394382   57.852617693  -17.123002378    6.021703655
    0.666398442    2.402394382   54.155853138  -20.216302849    1.750874187
    0.856797996    2.402394382   50.786060270  -13.757737003   -2.812701535
    1.047197551    2.402394382   49.426856446    0.296149005   -6.886242073
    1.237597106    2.402394382   51.091779730   17.077070241   -9.708113851
    1.427996661    2.402394382   55.715178182   30.352491761  -10.908380923
    1.618396215    2.402394382   62.104793962   34.984398710  -10.673073699
    1.808795770    2.402394382   68.338891539   28.626978708   -9.648373825
    1.999195325    2.402394382   72.367798563   12.237955098   -8.630092847
    2.189594880    2.402394382   72.584039057  -10.670009703   -8.221176112
    2.379994435    2.402394382   68.199629639  -35.233828124   -8.622707702
    2.570393989    2.402394382   59.393784650  -56.259610839   -9.611575140
    2.760793544    2.402394382   47.292485987  -69.183309170  -10.679085852
    2.951193099    2.402394382   33.755948261  -71.057891513  -11.252451820

   -3.141592654    2.771993518   17.506275110  -61.302180805    0.305949908
   -2.951193099    2.771993518    7.599026415  -41.831283456    2.433156603
   -2.760793544    2.771993518    1.781970673  -19.428164281    4.798864927
   -2.570393989    2.771993518    0.000000000   -0.334760634    7.243702421
   -2.379994435    2.771993518    1.156270505   10.981777083    9.772539362
   -2.189594880    2.771993518    3.621564268   13.582957816   12.564200446
   -1.999195325    2.771993518    5.943034205   10.176097367   15.815468584
   -1.808795770    2.771993518    7.427901990    5.670674668   19.498743962
   -1.618396215    2.771993518    8.344413367    4.879916110   23.216741300
   -1.427996661    2.771993518    9.694259483   10.382789854   26.280805193
   -1.237597106    2.771993518   12.669332452   21.559039258   27.988568581
   -1.047197551    2.771993518   18.068292141   35.100873528   27.946311892
   -0.856797996    2.771993518   25.919219382   46.586603317   26.224704176
   -0.666398442    2.771993518   35.452723379   52.199734290   23.272708872
   -0.475998887    2.771993518   45.322494536   49.950934054   19.670884923
   -0.285599332    2.771993518   53.996407302   39.834093222   15.858485945
   -0.095199777    2.771993518   60.116799230   23.564843833   11.989616885
    0.095199777    2.771993518   62.788607201    4.233970243    7.956783544
    0.285599332    2.771993518   61.812131970  -14.003215144    3.556489749
    0.475998887    2.771993518   57.836390796  -26.516578909   -1.267184541
    0.666398442    2.771993518   52.346138355  -29.410267354   -6.230500639
    0.856797996    2.771993518   47.366658800  -21.204160151  -10.700002193
    1.047197551    2.771993518   44.864134159   -4.082343009  -13.908920887
    1.237597106    2.771993518   46.034622943   16.263706064  -15.294428056
    1.427996661    2.771993518   50.806603290   32.562239723  -14.791043806
    1.618396215    2.771993518   57.800230602   38.861634754  -12.857553020
    1.808795770    2.771993518   64.802670937   32.572294324  -10.264395920
    1.999195325    2.771993518   69.483952061   14.989187339   -7.758912972
    2.189594880    2.771993518   70.057071410   -9.704346698   -5.799512978
    2.379994435    2.771993518   65.690461506  -35.931413373   -4.465543179
    2.570393989    2.771993518   56.642027661  -57.966703991   -3.527721173
    2.760793544    2.771993518   44.191739538  -70.989502730   -2.615432001
    2.951193099    2.771993518   30.372161184  -72.108287445   -1.392939009
