#! FIELDS phi psi file.free der_phi der_psi
#! SET min_phi -pi
#! SET max_phi pi
#! SET nbins_phi  33
#! SET periodic_phi true
#! SET min_psi -pi
#! SET max_psi pi
#! SET nbins_psi  17
#! SET periodic_psi true
   -3.141592654   -3.141592654   19.364579090  -54.669219997   15.597979665
   -2.951193099   -3.141592654   10.730277694  -35.426534901   18.405781349
   -2.760793544   -3.141592654    5.988813319  -14.784026064   20.455799109
   -2.570393989   -3.141592654    4.858961893    1.824079800   21.846505990
   -2.379994435   -3.141592654    6.218205976   11.098916854   22.944317354
   -2.189594880   -3.141592654    8.619260969   13.056760940   24.282528705
   -1.999195325   -3.141592654   10.910880129   10.608803319   26.311785284
   -1.808795770   -3.141592654   12.661312056    8.095852303   29.121531122
   -1.618396215   -3.141592654   14.242028559    9.328502841   32.302117018
   -1.427996661   -3.141592654   16.570535089   15.995427835   35.052672176
   -1.237597106   -3.141592654   20.629509961   27.109339411   36.504179176
   -1.047197551   -3.141592654   26.993956102   39.530144834   36.091122141
   -0.856797996   -3.141592654   35.530064319   49.260222028   33.738748880
   -0.666398442   -3.141592654   45.376555475   52.742308308   29.783964706
   -0.475998887   -3.141592654   55.111540965   47.886876482   24.739975244
   -0.285599332   -3.141592654   63.090341714   34.450492890   19.041387767
   -0.095199777   -3.141592654   67.815274484   14.189789207   12.946372055
    0.095199777   -3.141592654   68.312301809   -9.172718635    6.599340751
    0.285599332   -3.141592654   64.480109777  -30.321521179    0.185451317
    0.475998887   -3.141592654   57.300195094  -43.407164688   -5.931106101
    0.666398442   -3.141592654   48.778958859  -43.869188805  -11.181057770
    0.856797996   -3.141592654   41.501007539  -30.532837356  -14.933307336
    1.047197551   -3.141592654   37.838863751   -6.844750323  -16.741665593
    1.237597106   -3.141592654   39.094572737   19.690193670  -16.552376105
    1.427996661   -3.141592654   44.957868255   40.138066795  -14.745585367
    1.618396215   -3.141592654   53.560815826   47.678867208  -11.944340590
    1.808795770   -3.141592654   62.144624611   39.992507768   -8.737322233
    1.999195325   -3.141592654   67.982105266   19.600861244   -5.466611672
    2.189594880   -3.141592654   69.167566082   -7.743593003   -2.192991662
    2.379994435   -3.141592654   65.026357547  -35.237735939    1.181404631
    2.570393989   -3.141592654   56.134973231  -56.743183472    4.750537141
    2.760793544   -3.141592654   44.085109698  -67.892775672    8.483347032
    2.951193099   -3.141592654   31.071670443  -66.825034502   12.194925167

   -3.141592654   -2.771993518   28.490154514  -49.219864798   24.413258020
   -2.951193099   -2.771993518   20.664910198  -32.417107057   26.794018473
   -2.760793544   -2.771993518   16.275783906  -13.998839279   27.974078311
   -2.570393989   -2.771993518   15.148506580    1.255981684   28.237247650
   -2.379994435   -2.771993518   16.374151206   10.500030412   28.125083116
   -2.189594880   -2.771993518   18.766035999   13.752183861   28.274920701
   -1.999195325   -2.771993518   21.382988702   13.389657871   29.158575463
   -1.808795770   -2.771993518   23.857530332   12.809074734   30.848091970
   -1.618396215   -2.771993518   26.432640480   14.800968739   32.925606966
   -1.427996661   -2.771993518   29.732753313   20.409224985   34.600066215
   -1.237597106   -2.771993518   34.382398884   28.643575309   35.004686479
   -1.047197551   -2.771993518   40.659625279   36.964441848   33.544058104
   -0.856797996   -2.771993518   48.284722114   42.294210491   30.093743054
   -0.666398442   -2.771993518   56.424117291   41.949760682   24.971880130
   -0.475998887   -2.771993518   63.828204193   34.435709253   18.758958812
   -0.285599332   -2.771993518   69.105589961   19.783249721   12.051163436
   -0.095199777   -2.771993518   71.036757293   -0.249241514    5.329760964
    0.095199777   -2.771993518   68.908182125  -22.115927212   -1.050818136
    0.285599332   -2.771993518   62.835228179  -40.771533835   -6.780512549
    0.475998887   -2.771993518   53.959149971  -50.680741785  -11.515885754
    0.666398442   -2.771993518   44.382354083  -47.652664011  -14.880640396
    0.856797996   -2.771993518   36.709140062  -30.942619715  -16.573356798
    1.047197551   -2.771993518   33.246996116   -4.443451666  -16.511607487
    1.237597106   -2.771993518   35.157165711   24.012679030  -14.911328304
    1.427996661   -2.771993518   41.950375689   45.458260606  -12.219988929
    1.618396215   -2.771993518   51.606152065   53.363577899   -8.914899266
    1.808795770   -2.771993518   61.290754046   45.893537653   -5.315820644
    1.999195325   -2.771993518   68.290672870   25.974579009   -1.507818929
    2.189594880   -2.771993518   70.764258092   -0.542275921    2.584051896
    2.379994435   -2.771993518   68.085462140  -27.095733118    7.030963850
    2.570393989   -2.771993518   60.811490822  -47.998552967   11.765439994
    2.760793544   -2.771993518   50.427212260  -59.309567367   16.522329417
    2.951193099   -2.771993518   38.957017578  -59.374040562   20.885385390

   -3.141592654   -2.402394382   37.780140668  -45.046662431   22.189857002
   -2.951193099   -2.402394382   30.526446845  -30.545569414   23.691688472
   -2.760793544   -2.402394382   26.318692666  -13.812317939   24.197144307
   -2.570393989   -2.402394382   25.149091809    0.820463372   24.046909573
   -2.379994435   -2.402394382   26.327325424   10.620847689   23.693001924
   -2.189594880   -2.402394382   28.867282654   15.278923765   23.554197799
   -1.999195325   -2.402394382   31.927249504   16.464183470   23.842121921
   -1.808795770   -2.402394382   35.081780327   16.683575318   24.460399142
   -1.618396215   -2.402394382   38.353521097   17.955345348   25.013067397
   -1.427996661   -2.402394382   42.039845241   21.023743433   24.929030630
   -1.237597106   -2.402394382   46.441490478   25.260095530   23.670810842
   -1.047197551   -2.402394382   51.641523870   29.059677165   20.949710941
   -0.856797996   -2.402394382   57.372626118   30.509697718   16.824079244
   -0.666398442   -2.402394382   63.016265882   27.846297554   11.652111540
   -0.475998887   -2.402394382   67.664419070   19.912287918    5.958962382
   -0.285599332   -2.402394382   70.271433449    6.498377334    0.256218643
   -0.095199777   -2.402394382   69.879379491  -11.238504063   -5.045500707
    0.095199777   -2.402394382   65.916392948  -30.352939518   -9.659678655
    0.285599332   -2.402394382   58.543385400  -46.189800417  -13.374533919
    0.475998887   -2.402394382   48.895880467  -53.380708862  -16.010721861
    0.666398442   -2.402394382   39.048842886  -47.821771094  -17.418204718
    0.856797996   -2.402394382   31.557332296  -28.918656681  -17.534128221
    1.047197551   -2.402394382   28.646105691   -0.766127891  -16.439018330
    1.237597106   -2.402394382   31.361697119   28.700907942  -14.369807926
    1.427996661   -2.402394382   39.100454649   50.650855100  -11.635657164
    1.618396215   -2.402394382   49.775835070   58.888333518   -8.482369775
    1.808795770   -2.402394382   60.557252550   51.941671457   -5.017838396
    1.999195325   -2.402394382   68.786595723   32.887778670   -1.231386332
    2.189594880   -2.402394382   72.676917223    7.418809997    2.904500855
    2.379994435   -2.402394382   71.600439119  -18.306881214    7.320646123
    2.570393989   -2.402394382   66.029552897  -39.048110959   11.805591091
    2.760793544   -2.402394382   57.291954442  -51.142232352   16.022098682
    2.951193099   -2.402394382   47.228565731  -52.911412492   19.588100922

   -3.141592654   -2.032795246   43.336503721  -42.256944712   13.483060093
   -2.951193099   -2.032795246   36.466962786  -29.276012793   14.427679702
   -2.760793544   -2.032795246   32.382298967  -13.697374308   14.841915124
   -2.570393989   -2.032795246   31.170455913    0.359843939   14.889538025
   -2.379994435   -2.032795246   32.252267954   10.141459009   14.727099762
   -2.189594880   -2.032795246   34.720904037   15.006191392   14.463919595
   -1.999195325   -2.032795246   37.732015498   16.135959046   14.108416842
   -1.808795770   -2.032795246   40.765140602   15.598055418   13.561554933
   -1.618396215   -2.032795246   43.686140833   15.217576894   12.637597747
   -1.427996661   -2.032795246   46.634361327   15.928585871   11.120341514
   -1.237597106   -2.032795246   49.822547244   17.650884969    8.840636066
   -1.047197551   -2.032795246   53.371598121   19.491511963    5.763647923
   -0.856797996   -2.032795246   57.183976668   20.157025538    2.022346828
   -0.666398442   -2.032795246   60.893371642   18.125882562   -2.104447419
   -0.475998887   -2.032795246   63.847668097   12.001984348   -6.247703288
   -0.285599332   -2.032795246   65.173047686    0.994664358  -10.056213998
   -0.095199777   -2.032795246   63.961438470  -14.397253745  -13.262527989
    0.095199777   -2.032795246   59.582189389  -31.663366718  -15.739704213
    0.285599332   -2.032795246   52.087042337  -46.243779031  -17.473522738
    0.475998887   -2.032795246   42.513776240  -52.582429661  -18.498847583
    0.666398442   -2.032795246   32.886824896  -46.307227946  -18.830112488
    0.856797996   -2.032795246   25.752334516  -26.664313594  -18.446265638
    1.047197551   -2.032795246   23.342210589    2.245001382  -17.327185775
    1.237597106   -2.032795246   26.699251772   32.412257439  -15.513378410
    1.427996661   -2.032795246   35.204856297   54.979800192  -13.108015574
    1.618396215   -2.032795246   46.760452718   63.796929499  -10.234024282
    1.808795770   -2.032795246   58.533654665   57.443824453   -7.003701563
    1.999195325   -2.032795246   67.867249824   38.964506250   -3.524485578
    2.189594880   -2.032795246   72.960320163   13.927433539    0.069533262
    2.379994435   -2.032795246   73.142294174  -11.665401770    3.598585894
    2.570393989   -2.032795246   68.815998154  -32.701888992    6.863352806
    2.760793544   -2.032795246   61.220615973  -45.581513879    9.678256695
    2.951193099   -2.032795246   52.104961639  -48.590872013   11.906516697

   -3.141592654   -1.663196111   41.460664762  -41.399494163   11.574335919
   -2.951193099   -1.663196111   34.820836115  -27.734663959   11.968981296
   -2.760793544   -1.663196111   31.079079348  -11.708866637   11.798441860
   -2.570393989   -1.663196111   30.246811192    2.242286664   11.113308169
   -2.379994435   -1.663196111   31.622770553   11.233292766    9.945521897
   -2.189594880   -1.663196111   34.173541706   14.685056227    8.307600385
   -1.999195325   -1.663196111   36.955598950   14.010233557    6.191038517
   -1.808795770   -1.663196111   39.403325999   11.593425455    3.607253395
   -1.618396215   -1.663196111   41.402305003    9.615815683    0.617146718
   -1.427996661   -1.663196111   43.179047436    9.348477692   -2.660756406
   -1.237597106   -1.663196111   45.088802672   10.959929171   -6.066939501
   -1.047197551   -1.663196111   47.426613745   13.608178876   -9.412846620
   -0.856797996   -1.663196111   50.257660416   15.826094232  -12.497181587
   -0.666398442   -1.663196111   53.324174271   15.734478190  -15.115750352
   -0.475998887   -1.663196111   56.009053690   11.519863842  -17.072078679
   -0.285599332   -1.663196111   57.396890666    2.055669068  -18.236549501
   -0.095199777   -1.663196111   56.487330177  -12.398327859  -18.590657551
    0.095199777   -1.663196111   52.523459284  -29.410768892  -18.269047281
    0.285599332   -1.663196111   45.430479624  -44.355548324  -17.509297153
    0.475998887   -1.663196111   36.150714870  -51.415736354  -16.549212651
    0.666398442   -1.663196111   26.677826605  -45.814443235  -15.519640254
    0.856797996   -1.663196111   19.604701249  -26.415639108  -14.409134086
    1.047197551   -1.663196111   17.267596494    2.861016029  -13.109323877
    1.237597106   -1.663196111   20.821152323   33.914392959  -11.514604537
    1.427996661   -1.663196111   29.717860729   57.577841196   -9.563922105
    1.618396215   -1.663196111   41.862104144   67.314001866   -7.242407540
    1.808795770   -1.663196111   54.355127625   61.377488800   -4.579323804
    1.999195325   -1.663196111   64.426391996   42.660202447   -1.660222076
    2.189594880   -1.663196111   70.153982051   16.807523584    1.358555652
    2.379994435   -1.663196111   70.781401688   -9.887624565    4.268599582
    2.570393989   -1.663196111   66.694979702  -31.912410366    6.867732181
    2.760793544   -1.663196111   59.190635241  -45.321769938    9.003209415
    2.951193099   -1.663196111   50.121370519  -48.265815369   10.584933835

   -3.141592654   -1.293596975   39.826617708  -41.754872381   10.019399535
   -2.951193099   -1.293596975   33.115255995  -28.139648489    9.733743762
   -2.760793544   -1.293596975   29.283527635  -12.290956569    9.072772817
   -2.570393989   -1.293596975   28.299760803    1.159962869    8.020734769
   -2.379994435   -1.293596975   29.388888441    9.229249294    6.463552447
   -2.189594880   -1.293596975   31.439204106   11.378319142    4.227000375
   -1.999195325   -1.293596975   33.453124576    9.251483861    1.157065304
   -1.808795770   -1.293596975   34.870956523    5.607877450   -2.746919211
   -1.618396215   -1.293596975   35.660850398    3.037282629   -7.253022993
   -1.427996661   -1.293596975   36.199652484    3.083062351  -11.908313163
   -1.237597106   -1.293596975   37.021260636    5.940404307  -16.155321248
   -1.047197551   -1.293596975   38.579158898   10.519967103  -19.491476808
   -0.856797996   -1.293596975   41.032498371   14.959051086  -21.599732149
   -0.666398442   -1.293596975   44.138937671   16.975902288  -22.395037262
   -0.475998887   -1.293596975   47.230803935   14.463596841  -21.983181689
   -0.285599332   -1.293596975   49.295486098    6.111139066  -20.602836386
   -0.095199777   -1.293596975   49.206142699   -7.975984741  -18.555068235
    0.095199777   -1.293596975   46.052897554  -25.461063238  -16.169843748
    0.285599332   -1.293596975   39.603626419  -41.651237860  -13.739164285
    0.475998887   -1.293596975   30.683308782  -50.370236908  -11.463511829
    0.666398442   -1.293596975   21.262515776  -46.234442075   -9.418745019
    0.856797996   -1.293596975   14.029226806  -27.515244493   -7.578972861
    1.047197551   -1.293596975   11.503101579    2.135364207   -5.877339581
    1.237597106   -1.293596975   15.029074381   34.449018485   -4.265193648
    1.427996661   -1.293596975   24.183405075   59.753029264   -2.690704826
    1.618396215   -1.293596975   36.886487895   70.922015319   -1.074597443
    1.808795770   -1.293596975   50.154101645   65.764343029    0.675039511
    1.999195325   -1.293596975   61.068966304   46.986055239    2.595417933
    2.189594880   -1.293596975   67.555241761   20.341490061    4.605081605
    2.379994435   -1.293596975   68.745391297   -7.548127324    6.515993767
    2.570393989   -1.293596975   64.988053381  -30.763987410    8.116573631
    2.760793544   -1.293596975   57.612012247  -45.052337672    9.255688163
    2.951193099   -1.293596975   48.542938615  -48.464598038    9.880668932

   -3.141592654   -0.923997839   40.686475549  -43.855208651    6.601512860
   -2.951193099   -0.923997839   33.560654127  -30.340877022    5.227435951
   -2.760793544   -0.923997839   29.315793457  -14.418755301    3.614567202
   -2.570393989   -0.923997839   27.926462192   -1.019945251    1.794579162
   -2.379994435   -0.923997839   28.565284010    6.595200059   -0.349309274
   -2.189594880   -0.923997839   30.029846135    7.773395240   -3.040766844
   -1.999195325   -0.923997839   31.234050362    4.324824018   -6.475844613
   -1.808795770   -0.923997839   31.588424671   -0.577726587  -10.628299410
   -1.618396215   -0.923997839   31.123737554   -3.813403098  -15.140473888
   -1.427996661   -0.923997839   30.372447079   -3.425396816  -19.363947147
   -1.237597106   -0.923997839   30.076677110    0.897205959  -22.560572380
   -1.047197551   -0.923997839   30.887955465    7.838363318  -24.170157900
   -0.856797996   -0.923997839   33.092677551   15.049429580  -23.999915223
   -0.666398442   -0.923997839   36.471580987   19.673073280  -22.250040732
   -0.475998887   -0.923997839   40.274713023   19.086471346  -19.385009071
   -0.285599332   -0.923997839   43.322649561   11.630183700  -15.942744848
   -0.095199777   -0.923997839   44.277510043   -2.720040900  -12.371392807
    0.095199777   -0.923997839   42.018663830  -21.454363827   -8.964813490
    0.285599332   -0.923997839   36.167081927  -39.408101962   -5.852338528
    0.475998887   -0.923997839   27.514297887  -49.719697279   -3.055068042
    0.666398442   -0.923997839   18.125334292  -46.390765888   -0.563930769
    0.856797996   -0.923997839   10.867582114  -27.458507059    1.591779339
    1.047197551   -0.923997839    8.439506361    3.183777907    3.329430187
    1.237597106   -0.923997839   12.286724616   36.764008703    4.559105121
    1.427996661   -0.923997839   21.990382703   63.139105926    5.297433437
    1.618396215   -0.923997839   35.407622236   74.947815287    5.709491652
    1.808795770   -0.923997839   49.464875236   69.946193769    6.047472954
    1.999195325   -0.923997839   61.153014828   50.839857897    6.511074598
    2.189594880   -0.923997839   68.305250251   23.405086137    7.129464731
    2.379994435   -0.923997839   69.972179458   -5.651639197    7.755949541
    2.570393989   -0.923997839   66.448882316  -30.206905259    8.159672751
    2.760793544   -0.923997839   59.056434131  -45.740945037    8.141472799
    2.951193099   -0.923997839   49.762013807  -50.074710336    7.611628670

   -3.141592654   -0.554398704   42.104215521  -47.897049126    3.939540250
   -2.951193099   -0.554398704   34.158700110  -34.818817344    1.306666473
   -2.760793544   -0.554398704   29.052509265  -18.934510284   -1.414787200
   -2.570393989   -0.554398704   26.809172016   -5.492800548   -4.059454286
   -2.379994435   -0.554398704   26.579186155    1.868149304   -6.667825704
   -2.189594880   -0.554398704   27.082165489    2.326015011   -9.463077348
   -1.999195325   -0.554398704   27.158620462   -2.063367332  -12.665197681
   -1.808795770   -0.554398704   26.231118710   -7.526332498  -16.234829557
   -1.618396215   -0.554398704   24.469429163  -10.267794868  -19.741061783
   -1.427996661   -0.554398704   22.645935872   -7.995328054  -22.453451743
   -1.237597106   -0.554398704   21.755424056   -0.630244105  -23.639698737
   -1.047197551   -0.554398704   22.607179940    9.793129890  -22.911584926
   -0.856797996   -0.554398704   25.485785020   20.030739153  -20.401313501
   -0.666398442   -0.554398704   30.014169309   26.533737677  -16.681028667
   -0.475998887   -0.554398704   35.189851490   26.403681880  -12.503620635
   -0.285599332   -0.554398704   39.571017637   18.141314934   -8.497793679
   -0.095199777   -0.554398704   41.622643548    2.205930670   -4.978208325
    0.095199777   -0.554398704   40.135791402  -18.238393669   -1.923338718
    0.285599332   -0.554398704   34.767403668  -37.426742982    0.914345740
    0.475998887   -0.554398704   26.439338329  -48.150798240    3.799738710
    0.666398442   -0.554398704   17.374595803  -44.466283320    6.807433301
    0.856797996   -0.554398704   10.549979366  -24.835394672    9.723737443
    1.047197551   -0.554398704    8.676925796    6.301754526   12.121289509
    1.237597106   -0.554398704   13.126009853   39.867477004   13.578119388
    1.427996661   -0.554398704   23.382436351   65.784814237   13.935725781
    1.618396215   -0.554398704   37.248103709   77.012803169   13.391516357
    1.808795770   -0.554398704   51.654011012   71.575324286   12.385980897
    1.999195325   -0.554398704   63.624190322   52.185119927   11.360385951
    2.189594880   -0.554398704   71.003504623   24.414558057   10.539293098
    2.379994435   -0.554398704   72.808692049   -5.268766117    9.868469831
    2.570393989   -0.554398704   69.268395411  -30.825060763    9.097387761
    2.760793544   -0.554398704   61.640346500  -47.615412794    7.938207228
    2.951193099   -0.554398704   51.868195031  -53.193458511    6.214617014

   -3.141592654   -0.184799568   42.857437487  -53.886975066    1.319143513
   -2.951193099   -0.184799568   33.723212628  -41.184964438   -1.826601363
   -2.760793544   -0.184799568   27.416023100  -25.096596359   -4.866667473
   -2.570393989   -0.184799568   24.042936568  -11.186268374   -7.607140887
   -2.379994435   -0.184799568   22.762286311   -3.532497129  -10.082418415
   -2.189594880   -0.184799568   22.234055712   -3.163056814  -12.525992102
   -1.999195325   -0.184799568   21.242963622   -7.751843139  -15.150375938
   -1.808795770   -0.184799568   19.251028815  -12.856800949  -17.874091605
   -1.618396215   -0.184799568   16.603121997  -14.001302593  -20.205612361
   -1.427996661   -0.184799568   14.334599616   -8.716425101  -21.397320234
   -1.237597106   -0.184799568   13.667933390    2.501883034  -20.811452851
   -1.047197551   -0.184799568   15.471254177   16.507117555  -18.294289768
   -0.856797996   -0.184799568   19.864683993   28.926091646  -14.297342568
   -0.666398442   -0.184799568   26.138543102   35.626930315   -9.677460742
   -0.475998887   -0.184799568   32.918773565   33.921337932   -5.319352309
   -0.285599332   -0.184799568   38.499966705   23.166285705   -1.758061713
   -0.095199777   -0.184799568   41.280444548    4.956444181    0.981154113
    0.095199777   -0.184799568   40.188397500  -16.599376866    3.307737806
    0.285599332   -0.184799568   35.147573452  -35.383049889    5.800962545
    0.475998887   -0.184799568   27.343526855  -44.578150842    8.871789979
    0.666398442   -0.184799568   19.127427024  -39.210480401   12.497889481
    0.856797996   -0.184799568   13.400886075  -18.795117383   16.178339079
    1.047197551   -0.184799568   12.637087187   11.640537491   19.143991105
    1.237597106   -0.184799568   17.930046532   43.232095423   20.723001356
    1.427996661   -0.184799568   28.595533312   66.723254666   20.671994467
    1.618396215   -0.184799568   42.440314162   75.990991013   19.254175152
    1.808795770   -0.184799568   56.539836038   69.550425343   17.063119916
    1.999195325   -0.184799568   68.098753028   50.000417266   14.711677620
    2.189594880   -0.184799568   75.077476330   22.400116333   12.571912389
    2.379994435   -0.184799568   76.500790915   -7.340771443   10.688321646
    2.570393989   -0.184799568   72.518774716  -33.489646682    8.852344557
    2.760793544   -0.184799568   64.285051346  -51.370960514    6.773974531
    2.951193099   -0.184799568   53.677250542  -58.209288977    4.259535253

   -3.141592654    0.184799568   42.851810200  -59.722998526   -1.356188521
   -2.951193099    0.184799568   32.584760209  -47.119391964   -3.971172993
   -2.760793544    0.184799568   25.183834860  -30.569024522   -6.261632624
   -2.570393989    0.184799568   20.834683947  -15.956544268   -8.166251946
   -2.379994435    0.184799568   18.701014867   -7.771840174   -9.804596760
   -2.189594880    0.184799568   17.391957240   -7.154514989  -11.420250274
   -1.999195325    0.184799568   15.665407627  -11.414064935  -13.170258044
   -1.808795770    0.184799568   13.061726360  -15.436409699  -14.907328682
   -1.618396215    0.184799568   10.123857565  -14.246396711  -16.127993832
   -1.427996661    0.184799568    8.121969844   -5.538425279  -16.170461906
   -1.237597106    0.184799568    8.408601829    9.257687743  -14.578097858
   -1.047197551    0.184799568   11.759421574   25.713396590  -11.421004662
   -0.856797996    0.184799568   17.975898293   38.482755440   -7.323098131
   -0.666398442    0.184799568   25.924764902   43.332478066   -3.170725312
   -0.475998887    0.184799568   33.878881648   38.422745371    0.307286317
   -0.285599332    0.184799568   40.003358223   24.493039597    2.886408088
   -0.095199777    0.184799568   42.834181982    4.463836391    4.899961244
    0.095199777    0.184799568   41.637789205  -16.851599287    7.029882840
    0.285599332    0.184799568   36.725293665  -33.543031631    9.924314753
    0.475998887    0.184799568   29.546423208  -39.842354967   13.825786912
    0.666398442    0.184799568   22.469980680  -32.211326683   18.373373375
    0.856797996    0.184799568   18.156968905  -11.321314645   22.700206245
    1.047197551    0.184799568   18.691578842   17.464384671   25.793602669
    1.237597106    0.184799568   24.808447747   45.908023320   26.935881754
    1.427996661    0.184799568   35.648793574   65.945596367   25.995029946
    1.618396215    0.184799568   49.075356929   72.587191642   23.403361271
    1.808795770    0.184799568   62.384570845   64.897369382   19.898491082
    1.999195325    0.184799568   73.038859604   45.319131291   16.189110768
    2.189594880    0.184799568   79.177393841   18.299981605   12.724784473
    2.379994435    0.184799568   79.873467751  -10.946527409    9.641714500
    2.570393989    0.184799568   75.211632752  -37.134306461    6.839637463
    2.760793544    0.184799568   66.231758847  -55.639624216    4.133168296
    2.951193099    0.184799568   54.726397182  -63.372288270    1.396595194

   -3.141592654    0.554398704   44.503766183  -63.326314974   -0.881101660
   -2.951193099    0.554398704   33.511749482  -51.064738791   -2.178421121
   -2.760793544    0.554398704   25.351993455  -34.527094259   -3.212803716
   -2.570393989    0.554398704   20.271967587  -19.629406554   -4.078363047
   -2.379994435    0.554398704   17.477444555  -11.027805680   -4.918219612
   -2.189594880    0.554398704   15.591306250   -9.941718196   -5.874989624
   -1.999195325    0.554398704   13.391204186  -13.536706848   -6.969018608
   -1.808795770    0.554398704   10.483713221  -16.394759859   -8.008182403
   -1.618396215    0.554398704    7.527769711  -13.375934884   -8.606298509
   -1.427996661    0.554398704    5.899939146   -2.465408250   -8.348193435
   -1.237597106    0.554398704    6.958285282   14.149046224   -7.021244342
   -1.047197551    0.554398704   11.322432774   31.207769999   -4.780478371
   -0.856797996    0.554398704   18.515599761   42.997604197   -2.088601905
   -0.666398442    0.554398704   27.132207689   45.709547581    0.536411566
   -0.475998887    0.554398704   35.318746925   38.579585812    2.800300965
   -0.285599332    0.554398704   41.341668991   23.531041862    4.809001571
   -0.095199777    0.554398704   44.027707041    4.232731480    6.998469903
    0.095199777    0.554398704   43.002629645  -14.582883423    9.911014185
    0.285599332    0.554398704   38.839735954  -27.901243144   13.873927532
    0.475998887    0.554398704   33.027180213  -31.338532757   18.751036571
    0.666398442    0.554398704   27.709100024  -22.628705166   23.867970427
    0.856797996    0.554398704   25.137824134   -3.010455103   28.195182224
    1.047197551    0.554398704   26.970408470   22.531806762   30.733115092
    1.237597106    0.554398704   33.664067669   46.877288220   30.913985136
    1.427996661    0.554398704   44.322476417   63.235607983   28.805788251
    1.618396215    0.554398704   56.981863319   67.499397133   25.012303518
    1.808795770    0.554398704   69.218357996   58.961643232   20.381722882
    1.999195325    0.554398704   78.761596176   39.744467225   15.690195849
    2.189594880    0.554398704   83.927844089   13.714652551   11.451191889
    2.379994435    0.554398704   83.853437090  -14.496233067    7.885928821
    2.570393989    0.554398704   78.587425191  -40.019121431    4.988079382
    2.760793544    0.554398704   69.077718899  -58.405239990    2.639984583
    2.951193099    0.554398704   57.018354163  -66.476900531    0.712583415

   -3.141592654    0.923997839   44.409684355  -64.883522768   -0.063065435
   -2.951193099    0.923997839   33.194533121  -51.828063639    0.418513271
   -2.760793544    0.923997839   24.960117965  -34.556782963    1.040354524
   -2.570393989    0.923997839   19.929069348  -19.120877515    1.522465568
   -2.379994435    0.923997839   17.255991563  -10.317513370    1.690152293
   -2.189594880    0.923997839   15.494309410   -9.392717451    1.495151739
   -1.999195325    0.923997839   13.362926833  -13.379844709    1.019320759
   -1.808795770    0.923997839   10.446618168  -16.623039597    0.432698694
   -1.618396215    0.923997839    7.424692099  -13.808449592   -0.057978641
   -1.427996661    0.923997839    5.708256995   -2.950759465   -0.267255429
   -1.237597106    0.923997839    6.667481630   13.559760323   -0.079543211
   -1.047197551    0.923997839   10.894959668   30.321065215    0.521631488
   -0.856797996    0.923997839   17.883514423   41.754155590    1.493123017
   -0.666398442    0.923997839   26.256540590   44.501718966    2.806128725
   -0.475998887    0.923997839   34.286732823   38.332158651    4.507459103
   -0.285599332    0.923997839   40.448594164   25.431122507    6.752762397
   -0.095199777    0.923997839   43.782345271    9.254468693    9.736908994
    0.095199777    0.923997839   44.040284874   -6.156653750   13.593534910
    0.285599332    0.923997839   41.759410181  -16.757300087   18.230049520
    0.475998887    0.923997839   38.203119159  -19.121650369   23.212993122
    0.666398442    0.923997839   35.137332191  -11.580554411   27.773776553
    0.856797996    0.923997839   34.381770901    4.691044180   31.001942884
    1.047197551    0.923997839   37.242284085   25.491609615   32.165048596
    1.237597106    0.923997839   44.023994919   44.929150554   30.998056239
    1.427996661    0.923997839   53.915833868   57.375002677   27.781692122
    1.618396215    0.923997839   65.216915887   59.385920772   23.182639679
    1.808795770    0.923997839   75.829546945   50.263838773   17.993079195
    1.999195325    0.923997839   83.762978412   31.680048932   12.904073479
    2.189594880    0.923997839   87.508212785    6.907148834    8.404838778
    2.379994435    0.923997839   86.270801518  -19.918252013    4.787077868
    2.570393989    0.923997839   80.093148974  -44.210606399    2.178181513
    2.760793544    0.923997839   69.883523065  -61.594088903    0.583088313
    2.951193099    0.923997839   57.297648438  -68.826422386   -0.098568360

   -3.141592654    1.293596975   40.913179061  -63.001010788   -4.507102847
   -2.951193099    1.293596975   30.205514140  -48.513356809   -3.256292633
   -2.760793544    1.293596975   22.661919940  -30.784361245   -1.811149071
   -2.570393989    1.293596975   18.314290489  -15.849186253   -0.448492672
   -2.379994435    1.293596975   16.159259658   -8.227147430    0.728095506
   -2.189594880    1.293596975   14.655487412   -8.796600183    1.761815669
   -1.999195325    1.293596975   12.490261412  -14.322891809    2.757153015
   -1.808795770    1.293596975    9.256210953  -18.992662484    3.757745994
   -1.618396215    1.293596975    5.667159630  -17.342221625    4.698495093
   -1.427996661    1.293596975    3.205030261   -7.148821734    5.451451999
   -1.237597106    1.293596975    3.365026319    9.509490743    5.936942517
   -1.047197551    1.293596975    6.919490391   27.478868227    6.211492287
   -0.856797996    1.293596975   13.569380273   41.198897416    6.496518724
   -0.666398442    1.293596975   22.121840244   47.029534339    7.120578583
   -0.475998887    1.293596975   30.952750814   44.212904138    8.410354278
   -0.285599332    1.293596975   38.530390689   34.312486723   10.601145845
   -0.095199777    1.293596975   43.774179526   20.253318282   13.748575682
    0.095199777    1.293596975   46.228930300    5.682294948   17.692563754
    0.285599332    1.293596975   46.164093887   -5.582301332   22.008481505
    0.475998887    1.293596975   44.548342567  -10.160243726   26.026782133
    0.666398442    1.293596975   42.869946537   -6.146669382   28.945674700
    0.856797996    1.293596975   42.750042648    5.880972801   30.065059049
    1.047197551    1.293596975   45.436785095   22.569841572   29.041034987
    1.237597106    1.293596975   51.338934628   38.808997400   26.032835611
    1.427996661    1.293596975   59.864618033   49.354779201   21.604623493
    1.618396215    1.293596975   69.556460633   50.662842973   16.467915541
    1.808795770    1.293596975   78.508903645   41.638097060   11.242197434
    1.999195325    1.293596975   84.845403850   23.578823813    6.354423297
    2.189594880    1.293596975   87.119235637   -0.396382493    2.086898155
    2.379994435    1.293596975   84.592379981  -26.090511252   -1.338315920
    2.570393989    1.293596975   77.382527606  -48.793400138   -3.739922158
    2.760793544    1.293596975   66.488924315  -64.120241937   -5.015431059
    2.951193099    1.293596975   53.638591807  -69.054731204   -5.203511929

   -3.141592654    1.663196111   35.469006922  -60.569077567  -13.151231704
   -2.951193099    1.663196111   25.353760301  -44.876460567  -11.819324160
   -2.760793544    1.663196111   18.541012282  -26.901635466   -9.893952456
   -2.570393989    1.663196111   14.894581819  -12.453167313   -7.601849799
   -2.379994435    1.663196111   13.312637816   -5.616092212   -5.048067198
   -2.189594880    1.663196111   12.235846728   -6.888026008   -2.253066649
   -1.999195325    1.663196111   10.382987993  -12.927210540    0.742018759
   -1.808795770    1.663196111    7.372691051  -18.051298545    3.744768916
   -1.618396215    1.663196111    3.914237941  -16.936361814    6.403114557
   -1.427996661    1.663196111    1.478563555   -7.262749252    8.342585457
   -1.237597106    1.663196111    1.595079328    9.248922120    9.381847651
   -1.047197551    1.663196111    5.146292488   27.848018633    9.680243709
   -0.856797996    1.663196111   12.000882585   43.121410478    9.713979167
   -0.666398442    1.663196111   21.125463276   51.184187001   10.083025872
   -0.475998887    1.663196111   30.975536397   50.734286653   11.247621138
   -0.285599332    1.663196111   39.985429379   42.698815954   13.353358078
   -0.095199777    1.663196111   46.926223506   29.491549345   16.182352752
    0.095199777    1.663196111   51.115749714   14.422126798   19.242819475
    0.285599332    1.663196111   52.553177345    1.216081747   21.888387542
    0.475998887    1.663196111   51.944279982   -6.559908940   23.467419636
    0.666398442    1.663196111   50.582632507   -6.468988454   23.480182939
    0.856797996    1.663196111   50.028005909    1.727540207   21.738813966
    1.047197551    1.663196111   51.628517669   15.525216889   18.449428773
    1.237597106    1.663196111   56.025086744   30.278966950   14.163650834
    1.427996661    1.663196111   62.891050984   40.617018772    9.537325841
    1.618396215    1.663196111   70.961320194   42.425416057    5.070562809
    1.808795770    1.663196111   78.404898146   34.005599933    0.976208123
    1.999195325    1.663196111   83.334281294   16.411982827   -2.752490452
    2.189594880    1.663196111   84.286989181   -7.062041520   -6.155822272
    2.379994435    1.663196111   80.568145007  -31.840022970   -9.158782027
    2.570393989    1.663196111   72.402613448  -52.957438972  -11.556639511
    2.760793544    1.663196111   60.916215086  -66.100156339  -13.103132869
    2.951193099    1.663196111   47.915531539  -68.648243470  -13.635165783

   -3.141592654    2.032795246   28.467533041  -60.062609474  -17.592824051
   -2.951193099    2.032795246   18.595488333  -42.870261900  -15.927870078
   -2.760793544    2.032795246   12.288196588  -23.655409343  -13.520160659
   -2.570393989    2.032795246    9.360388108   -8.181145729  -10.631514190
   -2.379994435    2.032795246    8.678341069   -0.458811394   -7.408876933
   -2.189594880    2.032795246    8.655741287   -1.011917741   -3.879093542
   -1.999195325    2.032795246    7.962812464   -6.712754050   -0.050680197
   -1.808795770    2.032795246    6.118518364  -12.152446028    3.923767320
   -1.618396215    2.032795246    3.693659926  -12.099887171    7.690696252
   -1.427996661    2.032795246    2.038398697   -3.942898513   10.806376163
   -1.237597106    2.032795246    2.651260543   11.218392691   12.964112473
   -1.047197551    2.032795246    6.510714454   29.278367989   14.184619392
   -0.856797996    2.032795246   13.673573749   45.100719600   14.821281311
   -0.666398442    2.032795246   23.297162745   54.527899144   15.366783164
   -0.475998887    2.032795246   33.930524178   55.563631225   16.175921276
   -0.285599332    2.032795246   43.955014332   48.350663524   17.278343069
   -0.095199777    2.032795246   51.955981519   34.741989601   18.349812924
    0.095199777    2.032795246   56.995563865   17.871271206   18.852681973
    0.285599332    2.032795246   58.823187634    1.706537820   18.232773786
    0.475998887    2.032795246   57.974999223   -9.594359163   16.139030262
    0.666398442    2.032795246   55.712054619  -12.774338873   12.587854867
    0.856797996    2.032795246   53.724560316   -6.778153466    8.017151565
    1.047197551    2.032795246   53.620321419    6.408819215    3.160732198
    1.237597106    2.032795246   56.346039724   22.052153504   -1.207524886
    1.427996661    2.032795246   61.804133044   34.117391857   -4.608709009
    1.618396215    2.032795246   68.802581750   37.588779045   -7.030824214
    1.808795770    2.032795246   75.429217718   30.118891588   -8.853305339
    1.999195325    2.032795246   79.642846354   12.673499743  -10.570153440
    2.189594880    2.032795246   79.859640186  -11.065167503  -12.486871892
    2.379994435    2.032795246   75.360123980  -35.961722622  -14.571518219
    2.570393989    2.032795246   66.439128428  -56.655297087  -16.504497245
    2.760793544    2.032795246   54.339442046  -68.741283498  -17.853253476
    2.951193099    2.032795246   40.973565037  -69.780830216  -18.265107107

   -3.141592654    2.402394382   20.393870069  -60.608893949  -11.591246389
   -2.951193099    2.402394382   10.613583942  -41.357778253   -9.424629547
   -2.760793544    2.402394382    4.793331245  -20.087308043   -6.855034590
   -2.570393989    2.402394382    2.728843565   -2.724238282   -4.130340415
   -2.379994435    2.402394382    3.246702560    6.637056729   -1.310819589
   -2.189594880    2.402394382    4.705415790    7.381596315    1.743074528
   -1.999195325    2.402394382    5.694742083    2.450791591    5.229894492
   -1.808795770    2.402394382    5.610011552   -2.985602445    9.174699558
   -1.618396215    2.402394382    4.860608462   -3.818181501   13.294228379
   -1.427996661    2.402394382    4.638875540    2.738023326   17.061022965
   -1.237597106    2.402394382    6.348394657   16.055581742   19.940829545
   -1.047197551    2.402394382   10.974989925   32.578082627   21.652686519
   -0.856797996    2.402394382   18.669457419   47.486479821   22.264671376
   -0.666398442    2.402394382   28.704276162   56.506309434   22.076539110
   -0.475998887    2.402394382   39.683250440   57.160461919   21.387621215
   -0.285599332    2.402394382   49.935609758   48.998337315   20.303062679
   -0.095199777    2.402394382   57.894643613   33.477111067   18.684356226
    0.095199777    2.402394382   62.433145434   13.737051764   16.248224609
    0.285599332    2.402394382   63.159273606   -5.744859430   12.741667130
    0.475998887    2.402394382   60.603261073  -19.923369517    8.139108838
    0.666398442    2.402394382   56.203434070  -24.573916861    2.775070184
    0.856797996    2.402394382   51.987920691  -18.017197767   -2.666786182
    1.047197551    2.402394382   49.957710334   -2.292991930   -7.356857846
    1.237597106    2.402394382   51.367084383   17.018673358  -10.628485602
    1.427996661    2.402394382   56.214242970   32.604539016  -12.284934492
    1.618396215    2.402394382   63.163348162   38.311510160  -12.660109988
    1.808795770    2.402394382   69.999043729   31.305778164  -12.424215130
    1.999195325    2.402394382   74.359444338   12.847758361  -12.235453065
    2.189594880    2.402394382   74.450471123  -12.587901044  -12.443794262
    2.379994435    2.402394382   69.507247339  -38.997755160  -12.999788053
    2.570393989    2.402394382   59.922310823  -60.425902745  -13.558401550
    2.760793544    2.402394382   47.114024481  -72.246072926  -13.686493356
    2.951193099    2.402394382   33.180340960  -72.114176322  -13.062234473

   -3.141592654    2.771993518   16.223610076  -59.294195976    1.494567677
   -2.951193099    2.771993518    6.788601005  -39.107492207    4.077693562
   -2.760793544    2.771993518    1.465297153  -17.179281527    6.528802773
   -2.570393989    2.771993518    0.000000000    0.643647819    8.764380483
   -2.379994435    2.771993518    1.206757261   10.542911267   10.919967841
   -2.189594880    2.771993518    3.487064766   12.175448899   13.314033368
   -1.999195325    2.771993518    5.504537785    8.490652001   16.264518239
   -1.808795770    2.771993518    6.694342384    4.315086372   19.839708309
   -1.618396215    2.771993518    7.417121002    4.212308598   23.715944849
   -1.427996661    2.771993518    8.720321775   10.547879387   27.244583093
   -1.237597106    2.771993518   11.815467706   22.650398341   29.709240820
   -1.047197551    2.771993518   17.525023025   37.278982134   30.632346363
   -0.856797996    2.771993518   25.912041082   50.042304500   29.929413282
   -0.666398442    2.771993518   36.228874141   56.915076251   27.843973197
   -0.475998887    2.771993518   47.080036454   55.384675416   24.747718134
   -0.285599332    2.771993518   56.770906417   44.825677091   20.932070417
   -0.095199777    2.771993518   63.683691175   26.622895209   16.522340410
    0.095199777    2.771993518   66.655232897    4.166267066   11.528696925
    0.285599332    2.771993518   65.339785318  -17.467076348    5.982446140
    0.475998887    2.771993518   60.445885903  -32.483803557    0.095984079
    0.666398442    2.771993518   53.719249743  -36.119562081   -5.646682388
    0.856797996    2.771993518   47.551143007  -26.703731311  -10.555593918
    1.047197551    2.771993518   44.239278599   -6.943504273  -13.961473549
    1.237597106    2.771993518   45.159119017   16.436675291  -15.491474917
    1.427996661    2.771993518   50.203332544   35.011941546  -15.258439979
    1.618396215    2.771993518   57.760439553   42.002664883  -13.794895117
    1.808795770    2.771993518   65.287801716   34.659796299  -11.797587920
    1.999195325    2.771993518   70.169420194   14.880111491   -9.824075520
    2.189594880    2.771993518   70.499640781  -12.070591916   -8.111664956
    2.379994435    2.771993518   65.539977818  -39.571718133   -6.591332846
    2.570393989    2.771993518   55.797436815  -61.375747147   -5.028342644
    2.760793544    2.771993518   42.831399724  -72.852458456   -3.195937556
    2.951193099    2.771993518   28.859547619  -71.855869474   -0.997572292
