#! FIELDS phi psi file.free der_phi der_psi
#! SET min_phi -pi
#! SET max_phi pi
#! SET nbins_phi  33
#! SET periodic_phi true
#! SET min_psi -pi
#! SET max_psi pi
#! SET nbins_psi  17
#! SET periodic_psi true
   -3.141592654   -3.141592654   19.465016055  -55.128849601   13.773839091
   -2.951193099   -3.141592654   10.739111003  -35.856582982   16.605746723
   -2.760793544   -3.141592654    5.943075324  -14.873475108   18.833079653
   -2.570393989   -3.141592654    4.840161039    2.207391115   20.482962676
   -2.379994435   -3.141592654    6.311509606   11.877910195   21.844172820
   -2.189594880   -3.141592654    8.879433130   13.991963486   23.381026880
   -1.999195325   -3.141592654   11.340292050   11.408408096   25.493174712
   -1.808795770   -3.141592654   13.208079846    8.502376906   28.236707374
   -1.618396215   -3.141592654   14.811975090    9.157068553   31.184710137
   -1.427996661   -3.141592654   17.043585303   15.156656149   33.542387032
   -1.237597106   -3.141592654   20.878048800   25.609886769   34.478214035
   -1.047197551   -3.141592654   26.899326302   37.456993771   33.500196121
   -0.856797996   -3.141592654   34.995897425   46.756271737   30.635454863
   -0.666398442   -3.141592654   44.340182755   50.026738080   26.334817738
   -0.475998887   -3.141592654   53.562876228   45.298200232   21.206087037
   -0.285599332   -3.141592654   61.095410924   32.441499683   15.723986940
   -0.095199777   -3.141592654   65.529054013   13.222337193   10.106724995
    0.095199777   -3.141592654   65.963784386   -8.830415169    4.378502174
    0.285599332   -3.141592654   62.317532568  -28.741554052   -1.438346550
    0.475998887   -3.141592654   55.523722570  -41.012332521   -7.121154605
    0.666398442   -3.141592654   47.487185756  -41.264160891  -12.162568470
    0.856797996   -3.141592654   40.677347354  -28.287830493  -15.892009889
    1.047197551   -3.141592654   37.375117490   -5.338909590  -17.750569598
    1.237597106   -3.141592654   38.834973409   20.340849344  -17.561192003
    1.427996661   -3.141592654   44.749750680   40.084663251  -15.633289915
    1.618396215   -3.141592654   53.301285688   47.274603832  -12.603631054
    1.808795770   -3.141592654   61.808948441   39.678613133   -9.148590451
    1.999195325   -3.141592654   67.623085029   19.716259568   -5.726540301
    2.189594880   -3.141592654   68.879518747   -7.121700808   -2.486974146
    2.379994435   -3.141592654   64.888597235  -34.332634870    0.649436614
    2.570393989   -3.141592654   56.164967855  -55.943311489    3.836262382
    2.760793544   -3.141592654   44.228968588  -67.522235180    7.153570585
    2.951193099   -3.141592654   31.235153687  -66.966064157   10.534897244

   -3.141592654   -2.771993518   27.794281112  -49.318405408   22.444706093
   -2.951193099   -2.771993518   19.972775050  -32.230601477   25.005156287
   -2.760793544   -2.771993518   15.658510993  -13.375280735   26.450581286
   -2.570393989   -2.771993518   14.689971468    2.286468762   26.987632579
   -2.379994435   -2.771993518   16.133617137   11.725423836   27.092494365
   -2.189594880   -2.771993518   18.750591410   14.839458956   27.354200246
   -1.999195325   -2.771993518   21.532931263   13.992100161   28.213692141
   -1.808795770   -2.771993518   24.052197651   12.649833531   29.727535002
   -1.618396215   -2.771993518   26.510214281   13.731506461   31.478076948
   -1.427996661   -2.771993518   29.519011205   18.449742484   32.700989431
   -1.237597106   -2.771993518   33.724321220   25.993447034   32.591498594
   -1.047197551   -2.771993518   39.456393777   33.963747915   30.649528846
   -0.856797996   -2.771993518   46.507692066   39.347099105   26.861992201
   -0.666398442   -2.771993518   54.122615533   39.463627566   21.649431227
   -0.475998887   -2.771993518   61.126329271   32.782670483   15.650725994
   -0.285599332   -2.771993518   66.191213149   19.249998721    9.447274162
   -0.095199777   -2.771993518   68.137271755    0.455287656    3.421674429
    0.095199777   -2.771993518   66.249799009  -20.328307372   -2.236416002
    0.285599332   -2.771993518   60.587091213  -38.325117184   -7.394081751
    0.475998887   -2.771993518   52.193058872  -48.147833851  -11.829075952
    0.666398442   -2.771993518   43.064479475  -45.531546298  -15.180918486
    0.856797996   -2.771993518   35.731001361  -29.502547314  -17.056367163
    1.047197551   -2.771993518   32.473636766   -3.707929165  -17.223266952
    1.237597106   -2.771993518   34.466470408   24.184356578  -15.765509368
    1.427996661   -2.771993518   41.254587052   45.280567976  -13.076656086
    1.618396215   -2.771993518   50.860317797   53.062435337   -9.674799659
    1.808795770   -2.771993518   60.492255628   45.680803001   -5.983075880
    1.999195325   -2.771993518   67.471199753   25.986753113   -2.192667583
    2.189594880   -2.771993518   69.969620054   -0.299974292    1.718192487
    2.379994435   -2.771993518   67.348262413  -26.758425263    5.847338087
    2.570393989   -2.771993518   60.131104356  -47.757343996   10.217740509
    2.760793544   -2.771993518   49.771979689  -59.279743520   14.675113506
    2.951193099   -2.771993518   38.288406795  -59.509269589   18.888253923

   -3.141592654   -2.402394382   36.346397647  -44.490689875   20.763245880
   -2.951193099   -2.402394382   29.235836578  -29.585149352   22.476874753
   -2.760793544   -2.402394382   25.245661278  -12.494172048   23.205966476
   -2.570393989   -2.402394382   24.347230387    2.320185121   23.232396356
   -2.379994435   -2.402394382   25.804766671   12.014562489   22.974102585
   -2.189594880   -2.402394382   28.571896669   16.221516070   22.835660983
   -1.999195325   -2.402394382   31.742104093   16.642219491   23.027413120
   -1.808795770   -2.402394382   34.838840160   15.884853360   23.459871822
   -1.618396215   -2.402394382   37.859514527   16.136260597   23.751812802
   -1.427996661   -2.402394382   41.113014747   18.353815212   23.363307464
   -1.237597106   -2.402394382   44.953253018   22.121604874   21.810835872
   -1.047197551   -2.402394382   49.550848759   25.970625384   18.876880509
   -0.856797996   -2.402394382   54.739708815   27.993828716   14.691789144
   -0.666398442   -2.402394382   59.991954935   26.316030210    9.666542691
   -0.475998887   -2.402394382   64.461862842   19.602025611    4.335292686
   -0.285599332   -2.402394382   67.128752148    7.432554789   -0.840204272
   -0.095199777   -2.402394382   67.017254316   -9.265558145   -5.556035803
    0.095199777   -2.402394382   63.494289074  -27.783688762   -9.665031442
    0.285599332   -2.402394382   56.620471024  -43.599681492  -13.077750024
    0.475998887   -2.402394382   47.423593947  -51.297092406  -15.668278717
    0.666398442   -2.402394382   37.899777834  -46.515681436  -17.244810631
    0.856797996   -2.402394382   30.582846169  -28.346573084  -17.626140935
    1.047197551   -2.402394382   27.728259176   -0.686902449  -16.756528124
    1.237597106   -2.402394382   30.431836732   28.534343496  -14.786326898
    1.427996661   -2.402394382   38.126193357   50.369387964  -12.025876847
    1.618396215   -2.402394382   48.738050380   58.508663475   -8.801034500
    1.808795770   -2.402394382   59.436793912   51.462562060   -5.327969087
    1.999195325   -2.402394382   67.567571018   32.348672966   -1.671316493
    2.189594880   -2.402394382   71.355195451    6.900529157    2.193494986
    2.379994435   -2.402394382   70.187430255  -18.727395481    6.268051638
    2.570393989   -2.402394382   64.549009692  -39.315960224   10.446812016
    2.760793544   -2.402394382   55.777357083  -51.207188001   14.482962993
    2.951193099   -2.402394382   45.724758297  -52.707876005   18.033275899

   -3.141592654   -2.032795246   41.841942632  -41.460291829   12.933885270
   -2.951193099   -2.032795246   35.158623403  -28.117948362   13.971494127
   -2.760793544   -2.032795246   31.319883425  -12.286522026   14.445915161
   -2.570393989   -2.032795246   30.384500548    1.822413459   14.504279910
   -2.379994435   -2.032795246   31.726174091   11.371230252   14.312246688
   -2.189594880   -2.032795246   34.380378352   15.680876006   13.998840411
   -1.999195325   -2.032795246   37.443631351   15.980585491   13.589695890
   -1.808795770   -2.032795246   40.353410401   14.455099650   12.993693262
   -1.618396215   -2.032795246   42.963051211   13.122295807   12.026489113
   -1.427996661   -2.032795246   45.440207403   13.149898641   10.475816362
   -1.237597106   -2.032795246   48.069889113   14.665650079    8.189356481
   -1.047197551   -2.032795246   51.075289189   16.869920831    5.160382270
   -0.856797996   -2.032795246   54.463223363   18.400236800    1.551568083
   -0.666398442   -2.032795246   57.945490575   17.537274007   -2.341189782
   -0.475998887   -2.032795246   60.904606331   12.640200434   -6.162754617
   -0.285599332   -2.032795246   62.455287043    2.686370344   -9.614394781
   -0.095199777   -2.032795246   61.636440940  -12.026324427  -12.509934018
    0.095199777   -2.032795246   57.730852888  -29.144536909  -14.804812611
    0.285599332   -2.032795246   50.683708430  -44.125288898  -16.528706264
    0.475998887   -2.032795246   41.442204230  -51.242140954  -17.695505353
    0.666398442   -2.032795246   31.989271337  -45.783891300  -18.238240935
    0.856797996   -2.032795246   24.895326536  -26.685076755  -18.031523118
    1.047197551   -2.032795246   22.458862998    2.054362007  -16.980606628
    1.237597106   -2.032795246   25.783126657   32.281004603  -15.119111729
    1.427996661   -2.032795246   34.268835728   54.887361732  -12.611710200
    1.618396215   -2.032795246   45.795608029   63.561734230   -9.676766913
    1.808795770   -2.032795246   57.497120547   56.922005114   -6.504736412
    1.999195325   -2.032795246   66.703542355   38.175629292   -3.224070743
    2.189594880   -2.032795246   71.633729995   13.051795056    0.074871583
    2.379994435   -2.032795246   71.657947174  -12.400114911    3.298501917
    2.570393989   -2.032795246   67.218329446  -33.121495957    6.332670902
    2.760793544   -2.032795246   59.578823161  -45.601801722    9.039376973
    2.951193099   -2.032795246   50.497670968  -48.197276453   11.276817220

   -3.141592654   -1.663196111   40.458079832  -41.029683911   11.303423718
   -2.951193099   -1.663196111   33.919452069  -27.036710223   11.772860670
   -2.760793544   -1.663196111   30.336581929  -10.741779054   11.573772911
   -2.570393989   -1.663196111   29.702227023    3.334583242   10.784913645
   -2.379994435   -1.663196111   31.278445335   12.215156613    9.498806990
   -2.189594880   -1.663196111   33.981913769   15.266937397    7.788579237
   -1.999195325   -1.663196111   36.814430367   13.932058522    5.681235535
   -1.808795770   -1.663196111   39.169840360   10.700117124    3.188858675
   -1.618396215   -1.663196111   40.920835552    7.933770993    0.348061180
   -1.427996661   -1.663196111   42.319067951    7.124179821   -2.753817402
   -1.237597106   -1.663196111   43.785475905    8.620093192   -5.974656383
   -1.047197551   -1.663196111   45.704914244   11.641383263   -9.125414184
   -0.856797996   -1.663196111   48.229082794   14.632117812  -11.994939574
   -0.666398442   -1.663196111   51.158665284   15.515117678  -14.377212210
   -0.475998887   -1.663196111   53.893753526   12.255462023  -16.099794713
   -0.285599332   -1.663196111   55.496228041    3.535690903  -17.084660145
   -0.095199777   -1.663196111   54.910495412  -10.532410572  -17.373043847
    0.095199777   -1.663196111   51.302210031  -27.607176214  -17.135071964
    0.285599332   -1.663196111   44.512754460  -43.008202650  -16.591091249
    0.475998887   -1.663196111   35.428562383  -50.700316397  -15.907384779
    0.666398442   -1.663196111   26.040153635  -45.580829503  -15.117500651
    0.856797996   -1.663196111   18.992976461  -26.295187883  -14.132865645
    1.047197551   -1.663196111   16.694969639    3.196053062  -12.826442088
    1.237597106   -1.663196111   20.339246183   34.518845593  -11.142513428
    1.427996661   -1.663196111   29.357873918   58.203540921   -9.113967988
    1.618396215   -1.663196111   41.593003888   67.596733626   -6.817332134
    1.808795770   -1.663196111   54.086849541   61.098028348   -4.323843777
    1.999195325   -1.663196111   64.052711180   41.869732782   -1.688342801
    2.189594880   -1.663196111   69.600662005   15.774828182    1.021716901
    2.379994435   -1.663196111   70.032151267  -10.854729280    3.702716327
    2.570393989   -1.663196111   65.784334911  -32.601808709    6.220813783
    2.760793544   -1.663196111   58.180914636  -45.652673945    8.424658910
    2.951193099   -1.663196111   49.081856479  -48.240224141   10.161915800

   -3.141592654   -1.293596975   39.057617585  -41.592866633    9.520297504
   -2.951193099   -1.293596975   32.394765174  -27.778534717    9.248436844
   -2.760793544   -1.293596975   28.652075689  -11.699374939    8.485310864
   -2.570393989   -1.293596975   27.800885543    1.965270933    7.262604336
   -2.379994435   -1.293596975   29.053520695   10.128499257    5.542143826
   -2.189594880   -1.293596975   31.265940937   12.147305825    3.221443404
   -1.999195325   -1.293596975   33.391714155    9.623765440    0.189341599
   -1.808795770   -1.293596975   34.822899931    5.358983974   -3.549319376
   -1.618396215   -1.293596975   35.497398237    2.082852485   -7.784837973
   -1.427996661   -1.293596975   35.794885413    1.554868695  -12.102345364
   -1.237597106   -1.293596975   36.294808301    4.170792994  -15.982691863
   -1.047197551   -1.293596975   37.526035220    8.939978078  -18.957799958
   -0.856797996   -1.293596975   39.726629304   13.944668394  -20.741891780
   -0.666398442   -1.293596975   42.709679853   16.717236758  -21.282614370
   -0.475998887   -1.293596975   45.822159330   14.924030434  -20.722660629
   -0.285599332   -1.293596975   48.025527652    7.067829441  -19.334610813
   -0.095199777   -1.293596975   48.138424237   -6.853630107  -17.433062119
    0.095199777   -1.293596975   45.186276798  -24.510326499  -15.322204198
    0.285599332   -1.293596975   38.882726353  -41.071399770  -13.223194451
    0.475998887   -1.293596975   30.037668068  -50.117570346  -11.240869980
    0.666398442   -1.293596975   20.654848765  -46.013636452   -9.368118151
    0.856797996   -1.293596975   13.488420085  -26.968183436   -7.546461087
    1.047197551   -1.293596975   11.111525524    3.160861028   -5.743459699
    1.237597106   -1.293596975   14.863585866   35.739127148   -3.998086721
    1.427996661   -1.293596975   24.249749372   60.816656848   -2.361973079
    1.618396215   -1.293596975   37.093179183   71.282013519   -0.829786759
    1.808795770   -1.293596975   50.344905510   65.254241116    0.681071607
    1.999195325   -1.293596975   61.094010899   45.825748231    2.270101682
    2.189594880   -1.293596975   67.331889217   18.984293623    3.962245118
    2.379994435   -1.293596975   68.277863744   -8.689162514    5.671271811
    2.570393989   -1.293596975   64.340463519  -31.487023738    7.234436034
    2.760793544   -1.293596975   56.865048714  -45.374754564    8.476166715
    2.951193099   -1.293596975   47.762500601  -48.504293059    9.261274491

   -3.141592654   -0.923997839   39.702662121  -43.557668168    5.887220751
   -2.951193099   -0.923997839   32.635651978  -30.009467437    4.550599538
   -2.760793544   -0.923997839   28.460491518  -13.985455699    2.836522597
   -2.570393989   -0.923997839   27.169487761   -0.394300609    0.837622713
   -2.379994435   -0.923997839   27.945555206    7.418065343   -1.474850313
   -2.189594880   -0.923997839   29.574965741    8.658197392   -4.244930302
   -1.999195325   -0.923997839   30.934180119    5.032806124   -7.623694621
   -1.808795770   -0.923997839   31.384791716   -0.301157125  -11.581536813
   -1.618396215   -0.923997839   30.917226334   -4.127228550  -15.788260169
   -1.427996661   -0.923997839   30.050302600   -4.291056498  -19.642346219
   -1.237597106   -0.923997839   29.553542490   -0.282384106  -22.457590814
   -1.047197551   -0.923997839   30.137054222    6.696215976  -23.723168703
   -0.856797996   -0.923997839   32.153154434   14.263211608  -23.287049602
   -0.666398442   -0.923997839   35.429245629   19.398792529  -21.380770190
   -0.475998887   -0.923997839   39.226168498   19.282276495  -18.489379272
   -0.285599332   -0.923997839   42.341460664   12.112665303  -15.155444134
   -0.095199777   -0.923997839   43.395918695   -2.179353464  -11.806229134
    0.095199777   -0.923997839   41.229773299  -21.030590139   -8.680629506
    0.285599332   -0.923997839   35.443010826  -39.125124548   -5.825077088
    0.475998887   -0.923997839   26.840778051  -49.419637557   -3.178399366
    0.666398442   -0.923997839   17.531950750  -45.787680139   -0.686895596
    0.856797996   -0.923997839   10.435385986  -26.335423561    1.600543020
    1.047197551   -0.923997839    8.267258639    4.757269206    3.519436020
    1.237597106   -0.923997839   12.424191274   38.352776518    4.868031629
    1.427996661   -0.923997839   22.380532272   64.109649494    5.567440103
    1.618396215   -0.923997839   35.880870751   74.809717104    5.744439834
    1.808795770   -0.923997839   49.797530200   68.655248399    5.690235292
    1.999195325   -0.923997839   61.160973908   48.831579588    5.709934834
    2.189594880   -0.923997839   67.915309072   21.360035671    5.963949630
    2.379994435   -0.923997839   69.235323145   -7.169949287    6.408201790
    2.570393989   -0.923997839   65.492536120  -30.976399864    6.842159001
    2.760793544   -0.923997839   58.015831823  -45.885145729    7.013754748
    2.951193099   -0.923997839   48.729874923  -49.881471083    6.723350984

   -3.141592654   -0.554398704   41.059002170  -47.250465961    3.321622702
   -2.951193099   -0.554398704   33.209908816  -34.443560583    0.871696513
   -2.760793544   -0.554398704   28.155836310  -18.708435898   -1.842741907
   -2.570393989   -0.554398704   25.959098689   -5.173490618   -4.605081157
   -2.379994435   -0.554398704   25.812797740    2.462077802   -7.369953998
   -2.189594880   -0.554398704   26.454894142    3.183806126  -10.276054975
   -1.999195325   -0.554398704   26.704080669   -1.145830901  -13.490033635
   -1.808795770   -0.554398704   25.931850103   -6.854371353  -16.959427199
   -1.618396215   -0.554398704   24.251917605  -10.109645671  -20.272093143
   -1.427996661   -0.554398704   22.400233114   -8.435122370  -22.738474315
   -1.237597106   -0.554398704   21.377169944   -1.530584043  -23.675405896
   -1.047197551   -0.554398704   22.035612039    8.729868493  -22.740286127
   -0.856797996   -0.554398704   24.721015113   19.122235841  -20.095901685
   -0.666398442   -0.554398704   29.107294329   25.979833273  -16.326387841
   -0.475998887   -0.554398704   34.214599496   26.241027284  -12.177819606
   -0.285599332   -0.554398704   38.595343898   18.287812030   -8.255492712
   -0.095199777   -0.554398704   40.693709471    2.545599239   -4.836253403
    0.095199777   -0.554398704   39.282483623  -17.779104095   -1.849687921
    0.285599332   -0.554398704   34.012849873  -36.821375823    0.999230451
    0.475998887   -0.554398704   25.821784621  -47.280067319    3.997553698
    0.666398442   -0.554398704   16.959125964  -43.182270122    7.196947152
    0.856797996   -0.554398704   10.419928563  -23.124066626   10.312379046
    1.047197551   -0.554398704    8.893791757    8.171393366   12.818510882
    1.237597106   -0.554398704   13.670041684   41.330896763   14.206289437
    1.427996661   -0.554398704   24.112800195   66.191587112   14.276369969
    1.618396215   -0.554398704   37.919954463   75.978158679   13.250839736
    1.808795770   -0.554398704   51.998580213   69.260481653   11.659471344
    1.999195325   -0.554398704   63.456988497   49.278229912   10.075270300
    2.189594880   -0.554398704   70.297552351   21.818565534    8.858154355
    2.379994435   -0.554398704   71.694331616   -6.876572957    8.046579857
    2.570393989   -0.554398704   67.959597264  -31.263095353    7.405415537
    2.760793544   -0.554398704   60.336982529  -47.188622122    6.577259086
    2.951193099   -0.554398704   50.685237702  -52.435540829    5.257116228

   -3.141592654   -0.184799568   41.780881484  -52.525466697    1.167109727
   -2.951193099   -0.184799568   32.847531226  -40.436143050   -1.703253587
   -2.760793544   -0.184799568   26.631172503  -24.822420696   -4.671435745
   -2.570393989   -0.184799568   23.292020177  -11.023645694   -7.500642436
   -2.379994435   -0.184799568   22.058083757   -3.145604518  -10.144280512
   -2.189594880   -0.184799568   21.634336973   -2.448070848  -12.749302712
   -1.999195325   -0.184799568   20.799180018   -6.868681620  -15.467185870
   -1.808795770   -0.184799568   18.965297663  -12.130066162  -18.193560093
   -1.618396215   -0.184799568   16.413540036  -13.760024730  -20.447984983
   -1.427996661   -0.184799568   14.129792495   -9.115594658  -21.517551437
   -1.237597106   -0.184799568   13.329849726    1.546354729  -20.807570871
   -1.047197551   -0.184799568   14.918955816   15.283304091  -18.199746244
   -0.856797996   -0.184799568   19.081738331   27.798515928  -14.161287998
   -0.666398442   -0.184799568   25.173496810   34.891372393   -9.544736708
   -0.475998887   -0.184799568   31.863710899   33.732018013   -5.214883575
   -0.285599332   -0.184799568   37.461972531   23.533917625   -1.677726145
   -0.095199777   -0.184799568   40.357862344    5.794345230    1.073715447
    0.095199777   -0.184799568   39.459148311  -15.417233243    3.478926840
    0.285599332   -0.184799568   34.666275734  -33.960326912    6.132356007
    0.475998887   -0.184799568   27.149988022  -42.972157937    9.426154871
    0.666398442   -0.184799568   19.253614124  -37.453023102   13.275747854
    0.856797996   -0.184799568   13.866454524  -17.007268006   17.086051645
    1.047197551   -0.184799568   13.421109481   13.132200936   19.996543277
    1.237597106   -0.184799568   18.927594567   43.891899661   21.287654504
    1.427996661   -0.184799568   29.593799395   66.007114363   20.736542477
    1.618396215   -0.184799568   43.148823379   73.682382338   18.691765461
    1.808795770   -0.184799568   56.680640902   66.021276063   15.872555534
    1.999195325   -0.184799568   67.520163564   46.162856202   13.023632261
    2.189594880   -0.184799568   73.825358002   19.342706336   10.622920457
    2.379994435   -0.184799568   74.805067235   -8.853967409    8.766777517
    2.570393989   -0.184799568   70.696200596  -33.335001389    7.228992793
    2.760793544   -0.184799568   62.613424695  -50.049579340    5.633538788
    2.951193099   -0.184799568   52.303657738  -56.524796704    3.654570102

   -3.141592654    0.184799568   41.862034351  -57.470651550   -1.178635836
   -2.951193099    0.184799568   31.934603736  -45.818399855   -3.521058889
   -2.760793544    0.184799568   24.694058912  -30.109177755   -5.730814514
   -2.570393989    0.184799568   20.385335953  -15.892416554   -7.711182358
   -2.379994435    0.184799568   18.263703963   -7.626937495   -9.514825577
   -2.189594880    0.184799568   17.009884201   -6.698089978  -11.310804878
   -1.999195325    0.184799568   15.394728814  -10.735661872  -13.198597734
   -1.808795770    0.184799568   12.916256338  -14.855428976  -15.002040695
   -1.618396215    0.184799568   10.049415008  -14.132782128  -16.215645360
   -1.427996661    0.184799568    8.005651897   -6.098446266  -16.195562802
   -1.237597106    0.184799568    8.123108740    8.084852850  -14.512236557
   -1.047197551    0.184799568   11.214934365   24.246916494  -11.259422958
   -0.856797996    0.184799568   17.158383823   37.171147725   -7.073241640
   -0.666398442    0.184799568   24.904029153   42.577360568   -2.843658380
   -0.475998887    0.184799568   32.787116709   38.462615813    0.701481662
   -0.285599332    0.184799568   38.998236463   25.359706256    3.341842761
   -0.095199777    0.184799568   42.061422937    6.016256272    5.419013094
    0.095199777    0.184799568   41.206069984  -14.855116392    7.628042100
    0.285599332    0.184799568   36.694183787  -31.357597329   10.624081730
    0.475998887    0.184799568   29.930555429  -37.686165417   14.631204416
    0.666398442    0.184799568   23.246605228  -30.260325990   19.234565077
    0.856797996    0.184799568   19.267737878   -9.791614975   23.490859506
    1.047197551    0.184799568   20.026816558   18.232780432   26.324446013
    1.237597106    0.184799568   26.181246587   45.465181899   27.007727675
    1.427996661    0.184799568   36.789377485   63.918784646   25.469041887
    1.618396215    0.184799568   49.673899645   68.975799766   22.254968888
    1.808795770    0.184799568   62.185163572   60.284397752   18.232891965
    1.999195325    0.184799568   71.948458526   40.786642155   14.216453437
    2.189594880    0.184799568   77.327083837   15.040924564   10.710640467
    2.379994435    0.184799568   77.590714029  -12.144400244    7.848911670
    2.570393989    0.184799568   72.906251420  -36.220048149    5.476639514
    2.760793544    0.184799568   64.251498279  -53.283546071    3.315731660
    2.951193099    0.184799568   53.249048219  -60.609827195    1.127755677

   -3.141592654    0.554398704   43.557466611  -60.055085481   -0.874889654
   -2.951193099    0.554398704   33.068819635  -49.077493623   -1.982118974
   -2.760793544    0.554398704   25.164013188  -33.759625711   -2.979118422
   -2.570393989    0.554398704   20.149854728  -19.595085949   -3.924878661
   -2.379994435    0.554398704   17.337477371  -11.149584499   -4.909176696
   -2.189594880    0.554398704   15.442491067   -9.874928199   -6.018669087
   -1.999195325    0.554398704   13.275715026  -13.277771686   -7.230156463
   -1.808795770    0.554398704   10.415948459  -16.202683832   -8.326455785
   -1.618396215    0.554398704    7.462701381  -13.587191213   -8.912648500
   -1.427996661    0.554398704    5.739553915   -3.257120300   -8.576013070
   -1.237597106    0.554398704    6.597229090   12.885651022   -7.114156335
   -1.047197551    0.554398704   10.703798723   29.858340892   -4.696580998
   -0.856797996    0.554398704   17.670172276   42.060011829   -1.805030466
   -0.666398442    0.554398704   26.178717985   45.571576340    1.014520307
   -0.475998887    0.554398704   34.427702531   39.382566466    3.433202404
   -0.285599332    0.554398704   40.684202776   25.150963315    5.526002861
   -0.095199777    0.554398704   43.732627132    6.376684757    7.714881064
    0.095199777    0.554398704   43.137569522  -12.253399477   10.553047255
    0.285599332    0.554398704   39.410738532  -25.679584993   14.393179320
    0.475998887    0.554398704   33.991064697  -29.455512960   19.115277878
    0.666398442    0.554398704   28.982662032  -21.277239806   24.033872944
    0.856797996    0.554398704   26.599355974   -2.415497248   28.085284138
    1.047197551    0.554398704   28.449204205   22.071537750   30.240491816
    1.237597106    0.554398704   34.927681910   45.035601760   29.940623699
    1.427996661    0.554398704   45.086543035   59.834717269   27.315388083
    1.618396215    0.554398704   56.961688144   62.750458222   23.067051182
    1.808795770    0.554398704   68.220043867   53.615390159   18.142479237
    1.999195325    0.554398704   76.778733683   34.972033784   13.380523668
    2.189594880    0.554398704   81.187467507   10.717662467    9.305025676
    2.379994435    0.554398704   80.774358883  -14.985562777    6.096821140
    2.570393989    0.554398704   75.654943847  -38.057973566    3.676858109
    2.760793544    0.554398704   66.689710701  -54.821708027    1.840776282
    2.951193099    0.554398704   55.369001437  -62.497235383    0.374721793

   -3.141592654    0.923997839   43.583000862  -61.198685246   -0.461458914
   -2.951193099    0.923997839   32.926165912  -49.676698878   -0.000937141
   -2.760793544    0.923997839   24.955679043  -33.853727334    0.574971841
   -2.570393989    0.923997839   19.960503533  -19.329887438    0.998234177
   -2.379994435    0.923997839   17.211640362  -10.794321145    1.094295092
   -2.189594880    0.923997839   15.368848159   -9.718162398    0.816135427
   -1.999195325    0.923997839   13.199099047  -13.468156781    0.258107422
   -1.808795770    0.923997839   10.275920472  -16.642995711   -0.382099390
   -1.618396215    0.923997839    7.236512560  -14.004790701   -0.860066597
   -1.427996661    0.923997839    5.455260490   -3.427613624   -0.955906055
   -1.237597106    0.923997839    6.305015447   12.938059611   -0.540946216
   -1.047197551    0.923997839   10.425010777   29.891382581    0.381702425
   -0.856797996    0.923997839   17.377753310   41.872836901    1.713871317
   -0.666398442    0.923997839   25.840019733   45.341119764    3.343991411
   -0.475998887    0.923997839   34.092768507   39.805212196    5.233282595
   -0.285599332    0.923997839   40.572632518   27.250530951    7.479215159
   -0.095199777    0.923997839   44.257994853   11.092226746   10.269299025
    0.095199777    0.923997839   44.846174348   -4.544562188   13.783329100
    0.285599332    0.923997839   42.838630895  -15.498751526   18.004020932
    0.475998887    0.923997839   39.481113161  -18.293800183   22.565680284
    0.666398442    0.923997839   36.522949327  -11.287591638   26.734097004
    0.856797996    0.923997839   35.756260293    4.255062475   29.600807177
    1.047197551    0.923997839   38.441904377   24.049322191   30.427205450
    1.237597106    0.923997839   44.830293896   42.212125115   28.962803922
    1.427996661    0.923997839   54.073797289   53.305257806   25.532925196
    1.618396215    0.923997839   64.491450547   54.280497227   20.862142928
    1.808795770    0.923997839   74.093115643   44.935174654   15.780620701
    1.999195325    0.923997839   81.080567176   27.290144974   10.969927162
    2.189594880    0.923997839   84.170046034    4.580471210    6.859447234
    2.379994435    0.923997839   82.739914415  -19.565427799    3.651160687
    2.570393989    0.923997839   76.875445414  -41.362487298    1.389517165
    2.760793544    0.923997839   67.373889137  -57.197514795    0.031357620
    2.951193099    0.923997839   55.666606301  -64.202864475   -0.529014345

   -3.141592654    1.293596975   40.316701302  -59.894613768   -4.954397642
   -2.951193099    1.293596975   30.054769355  -46.942088458   -3.944260882
   -2.760793544    1.293596975   22.674147553  -30.550486519   -2.642290804
   -2.570393989    1.293596975   18.287106526  -16.381062800   -1.330732485
   -2.379994435    1.293596975   16.007871309   -8.894996024   -0.160791923
   -2.189594880    1.293596975   14.397655971   -9.198187906    0.858210665
   -1.999195325    1.293596975   12.191712287  -14.353563404    1.807223081
   -1.808795770    1.293596975    8.979236983  -18.758062728    2.750369968
   -1.618396215    1.293596975    5.445986068  -17.009720933    3.676098968
   -1.427996661    1.293596975    3.049382488   -6.782951778    4.515258348
   -1.237597106    1.293596975    3.287151950    9.994869584    5.216024599
   -1.047197551    1.293596975    6.957788943   28.255077247    5.809747464
   -0.856797996    1.293596975   13.790428433   42.357912845    6.438212663
   -0.666398442    1.293596975   22.591244501   48.454721608    7.317505843
   -0.475998887    1.293596975   31.694998314   45.604982867    8.671402162
   -0.285599332    1.293596975   39.506402761   35.336724803   10.683037619
   -0.095199777    1.293596975   44.892600854   20.727974681   13.429218708
    0.095199777    1.293596975   47.386317153    5.652740100   16.836345250
    0.285599332    1.293596975   47.282072510   -5.915851250   20.595242956
    0.475998887    1.293596975   45.588297971  -10.615304119   24.136869666
    0.666398442    1.293596975   43.814049477   -6.698655268   26.715680198
    0.856797996    1.293596975   43.564724908    5.038163840   27.641237885
    1.047197551    1.293596975   46.034999955   21.081862497   26.554197697
    1.237597106    1.293596975   51.562379717   36.320893160   23.601390706
    1.427996661    1.293596975   59.504959018   45.738015904   19.351934196
    1.618396215    1.293596975   68.419431201   46.219057758   14.530621241
    1.808795770    1.293596975   76.505217896   37.159512540    9.751336022
    1.999195325    1.293596975   82.069889665   20.151853065    5.391045125
    2.189594880    1.293596975   83.870717300   -1.795863577    1.636715949
    2.379994435    1.293596975   81.309663227  -25.030517505   -1.403188626
    2.570393989    1.293596975   74.514319246  -45.606280443   -3.631166937
    2.760793544    1.293596975   64.353807032  -59.797192095   -4.960203018
    2.951193099    1.293596975   52.334309530  -64.838152595   -5.368970609

   -3.141592654    1.663196111   34.991405634  -58.531595559  -13.277275636
   -2.951193099    1.663196111   25.144214029  -44.072135027  -12.332696069
   -2.760793544    1.663196111   18.386465862  -27.035043510  -10.609563536
   -2.570393989    1.663196111   14.664843486  -13.015950032   -8.352502133
   -2.379994435    1.663196111   12.972836510   -6.132540494   -5.743765346
   -2.189594880    1.663196111   11.823878215   -7.099540921   -2.889382364
   -1.999195325    1.663196111    9.964751911  -12.786695210    0.122369922
   -1.808795770    1.663196111    7.009457308  -17.621871519    3.109157755
   -1.618396215    1.663196111    3.653327349  -16.291071997    5.770061802
   -1.427996661    1.663196111    1.359418396   -6.402237922    7.786251140
   -1.237597106    1.663196111    1.663411921   10.377114589    8.993490234
   -1.047197551    1.663196111    5.456070396   29.263728814    9.508968575
   -0.856797996    1.663196111   12.597042938   44.688156710    9.715608826
   -0.666398442    1.663196111   22.008045566   52.571295118   10.104859716
   -0.475998887    1.663196111   32.071568497   51.534614971   11.064234260
   -0.285599332    1.663196111   41.152715428   42.630251950   12.739459146
   -0.095199777    1.663196111   47.995298495   28.575245506   14.991776162
    0.095199777    1.663196111   51.952886703   12.987146912   17.458005610
    0.285599332    1.663196111   53.104119301   -0.265092936   19.619865966
    0.475998887    1.663196111   52.238901928   -7.719629079   20.910776029
    0.666398442    1.663196111   50.695537994   -7.218407017   20.855760494
    0.856797996    1.663196111   50.019758999    1.155411040   19.242164621
    1.047197551    1.663196111   51.492286663   14.678642461   16.230317130
    1.237597106    1.663196111   55.663267873   28.702162107   12.332597704
    1.427996661    1.663196111   62.139154591   38.107840186    8.184246670
    1.618396215    1.663196111   69.656864580   39.226450216    4.274875083
    1.808795770    1.663196111   76.477293876   30.821356476    0.791969295
    1.999195325    1.663196111   80.874081857   14.172163697   -2.334455549
    2.189594880    1.663196111   81.552497205   -7.600346548   -5.246410959
    2.379994435    1.663196111   77.915421812  -30.452298922   -7.980020393
    2.570393989    1.663196111   70.167328196  -50.069666343  -10.400458249
    2.760793544    1.663196111   59.303100412  -62.612785043  -12.248566419
    2.951193099    1.663196111   46.942772653  -65.545801936  -13.258888198

   -3.141592654    2.032795246   28.077171071  -59.058318475  -17.103027789
   -2.951193099    2.032795246   18.313086054  -42.691971688  -15.915143883
   -2.760793544    2.032795246   11.984931063  -23.969906040  -13.759669727
   -2.570393989    2.032795246    8.981046434   -8.602395193  -10.915775950
   -2.379994435    2.032795246    8.231235990   -0.704182979   -7.611267845
   -2.189594880    2.032795246    8.187281051   -0.978736951   -3.967099776
   -1.999195325    2.032795246    7.526827594   -6.409061831   -0.054339589
   -1.808795770    2.032795246    5.763405024  -11.601350939    3.958014383
   -1.618396215    2.032795246    3.465925913  -11.298194675    7.731139912
   -1.427996661    2.032795246    1.988584565   -2.857946147   10.839176689
   -1.237597106    2.032795246    2.834380497   12.582456035   12.968451147
   -1.047197551    2.032795246    6.970259429   30.795883531   14.101679931
   -0.856797996    2.032795246   14.411850361   46.455599904   14.538402110
   -0.666398442    2.032795246   24.241075374   55.265701651   14.733677626
   -0.475998887    2.032795246   34.921923370   55.283773561   15.053361160
   -0.285599332    2.032795246   44.782783723   46.933768394   15.597881597
   -0.095199777    2.032795246   52.424665692   32.485353944   16.154926266
    0.095199777    2.032795246   57.001659927   15.399179135   16.298551011
    0.285599332    2.032795246   58.392822380   -0.290691947   15.543462000
    0.475998887    2.032795246   57.247197156  -10.669493871   13.545667588
    0.666398442    2.032795246   54.872001314  -12.899292964   10.276628841
    0.856797996    2.032795246   52.922105866   -6.336303686    6.107129896
    1.047197551    2.032795246   52.906115964    6.793612890    1.715680774
    1.237597106    2.032795246   55.650211761   21.789493312   -2.147624349
    1.427996661    2.032795246   60.969635912   32.926653668   -4.997767797
    1.618396215    2.032795246   67.662895397   35.662132237   -6.808933253
    1.808795770    2.032795246   73.898912201   28.088694145   -7.974347176
    1.999195325    2.032795246   77.778602064   11.339348947   -9.055085734
    2.189594880    2.032795246   77.856430575  -11.117938752  -10.473526988
    2.379994435    2.032795246   73.479323809  -34.650316263  -12.323972296
    2.570393989    2.032795246   64.904932475  -54.426078425  -14.361559481
    2.760793544    2.032795246   53.257596459  -66.340753041  -16.130293907
    2.951193099    2.032795246   40.307191343  -67.899505245  -17.152542614

   -3.141592654    2.402394382   20.318186576  -60.486587744  -11.307698872
   -2.951193099    2.402394382   10.509219454  -41.713038987   -9.515657445
   -2.760793544    2.402394382    4.603546460  -20.553835650   -7.095252614
   -2.570393989    2.402394382    2.463110976   -3.016159277   -4.323306207
   -2.379994435    2.402394382    2.951658109    6.638763493   -1.340574658
   -2.189594880    2.402394382    4.435434518    7.637156684    1.900156595
   -1.999195325    2.402394382    5.490538397    2.876241246    5.527262886
   -1.808795770    2.402394382    5.498681379   -2.427747909    9.526491736
   -1.618396215    2.402394382    4.867343627   -3.117804217   13.597009798
   -1.427996661    2.402394382    4.792746010    3.596327629   17.202755459
   -1.237597106    2.402394382    6.675930231   17.012444968   19.800669873
   -1.047197551    2.402394382   11.478525586   33.437404844   21.105670106
   -0.856797996    2.402394382   19.299295278   47.898400064   21.198420188
   -0.666398442    2.402394382   29.337039059   56.076564498   20.423685644
   -0.475998887    2.402394382   40.132834951   55.662444932   19.162978192
   -0.285599332    2.402394382   50.004737038   46.567070479   17.625440683
   -0.095199777    2.402394382   57.451357270   30.661285418   15.764435259
    0.095199777    2.402394382   61.477365790   11.312933649   13.339101210
    0.285599332    2.402394382   61.834916234   -7.091879149   10.069979655
    0.475998887    2.402394382   59.151259517  -19.900205864    5.850796568
    0.666398442    2.402394382   54.872465418  -23.388139268    0.920532922
    0.856797996    2.402394382   50.946057895  -16.275968413   -4.104662313
    1.047197551    2.402394382   49.238309496   -0.760498619   -8.409274499
    1.237597106    2.402394382   50.866899216   17.721705323  -11.292352165
    1.427996661    2.402394382   55.745778024   32.251240320  -12.504554311
    1.618396215    2.402394382   62.542749355   37.163948817  -12.348569035
    1.808795770    2.402394382   69.132590049   30.010819369  -11.518996287
    1.999195325    2.402394382   73.289224258   12.122050608  -10.762699594
    2.189594880    2.402394382   73.333053049  -12.315711109  -10.558269464
    2.379994435    2.402394382   68.534917441  -37.793272373  -10.972240776
    2.570393989    2.402394382   59.230679775  -58.777440298  -11.707612392
    2.760793544    2.402394382   46.727265595  -70.781424092  -12.281113238
    2.951193099    2.402394382   33.016004021  -71.277854510  -12.235075900

   -3.141592654    2.771993518   16.501549364  -59.682770345    0.822727683
   -2.951193099    2.771993518    6.961815574  -39.739399641    3.190643859
   -2.760793544    2.771993518    1.524882103  -17.669092080    5.626462715
   -2.570393989    2.771993518    0.000000000    0.536052054    8.000543532
   -2.379994435    2.771993518    1.225674752   10.851114404   10.370759275
   -2.189594880    2.771993518    3.593069490   12.759151379   12.973448974
   -1.999195325    2.771993518    5.732097355    9.156645160   16.060880179
   -1.808795770    2.771993518    7.042844351    4.908805855   19.655177750
   -1.618396215    2.771993518    7.861952155    4.632701175   23.402002470
   -1.427996661    2.771993518    9.221912454   10.727791009   26.638720998
   -1.237597106    2.771993518   12.321491977   22.512644666   28.656383245
   -1.047197551    2.771993518   17.964264110   36.704402909   29.015058470
   -0.856797996    2.771993518   26.186322708   48.868556526   27.700965617
   -0.666398442    2.771993518   36.211604405   55.030210399   25.059002264
   -0.475998887    2.771993518   46.640168887   52.878290969   21.572429006
   -0.285599332    2.771993518   55.822353884   42.087530210   17.620996799
   -0.095199777    2.771993518   62.240058625   24.293771713   13.358324477
    0.095199777    2.771993518   64.859099988    2.897019895    8.742748863
    0.285599332    2.771993518   63.435112104  -17.298154203    3.688027974
    0.475998887    2.771993518   58.706587630  -30.957892079   -1.727414821
    0.666398442    2.771993518   52.361039804  -33.741001080   -7.112033922
    0.856797996    2.771993518   46.668432352  -24.199365154  -11.790387322
    1.047197551    2.771993518   43.787649683   -5.007116644  -15.033314508
    1.237597106    2.771993518   44.984190361   17.375789742  -16.373762733
    1.427996661    2.771993518   50.105640157   34.928563141  -15.849517305
    1.618396215    2.771993518   57.575036438   41.267723207  -13.977686015
    1.808795770    2.771993518   64.947549790   33.889813425  -11.512770698
    1.999195325    2.771993518   69.725344089   14.646384433   -9.123786755
    2.189594880    2.771993518   70.084764525  -11.517988787   -7.169869258
    2.379994435    2.771993518   65.293211134  -38.417543841   -5.662209335
    2.570393989    2.771993518   55.789072104  -60.110788175   -4.368456525
    2.760793544    2.771993518   43.031500753  -71.989031315   -2.982096991
    2.951193099    2.771993518   29.160795653  -71.660268882   -1.272718953
