#! FIELDS phi psi file.free der_phi der_psi
#! SET min_phi -pi
#! SET max_phi pi
#! SET nbins_phi  33
#! SET periodic_phi true
#! SET min_psi -pi
#! SET max_psi pi
#! SET nbins_psi  17
#! SET periodic_psi true
   -3.141592654   -3.141592654   22.607453243  -43.370381603    9.939031842
   -2.951193099   -3.141592654   15.068901812  -34.703409642   12.621325014
   -2.760793544   -3.141592654    9.739609362  -20.724250556   14.974425309
   -2.570393989   -3.141592654    7.250856501   -5.635080848   16.845297807
   -2.379994435   -3.141592654    7.374733702    6.071000200   18.302734353
   -2.189594880   -3.141592654    9.175179170   11.781106585   19.590742220
   -1.999195325   -3.141592654   11.501844660   11.924494606   20.948796698
   -1.808795770   -3.141592654   13.551481229    9.502046741   22.393733523
   -1.618396215   -3.141592654   15.198518571    8.268005945   23.612878032
   -1.427996661   -3.141592654   16.934608948   10.654898345   24.065582007
   -1.237597106   -3.141592654   19.486215031   16.609276425   23.253910197
   -1.047197551   -3.141592654   23.346620225   23.888793445   20.998928748
   -0.856797996   -3.141592654   28.476477289   29.443374857   17.545416512
   -0.666398442   -3.141592654   34.305010634   30.886283438   13.428960996
   -0.475998887   -3.141592654   39.944413009   27.453161990    9.220402849
   -0.285599332   -3.141592654   44.510761805   19.865469122    5.286258345
   -0.095199777   -3.141592654   47.362858638    9.806061365    1.708778402
    0.095199777   -3.141592654   48.231899342   -0.572952293   -1.629925267
    0.285599332   -3.141592654   47.275859694   -8.985004701   -4.865420511
    0.475998887   -3.141592654   45.074173230  -13.371260605   -7.970363916
    0.666398442   -3.141592654   42.529096766  -12.501434947  -10.669757046
    0.856797996   -3.141592654   40.641412223   -6.683058880  -12.520154827
    1.047197551   -3.141592654   40.183076000    2.062738742  -13.121305255
    1.237597106   -3.141592654   41.420431004   10.623445611  -12.339278950
    1.427996661   -3.141592654   44.030804053   16.090854041  -10.416577564
    1.618396215   -3.141592654   47.250170204   16.905376720   -7.863195144
    1.808795770   -3.141592654   50.167763057   13.027650964   -5.232918924
    1.999195325   -3.141592654   51.970822112    5.386634187   -2.895512082
    2.189594880   -3.141592654   52.051042918   -4.888510633   -0.932597039
    2.379994435   -3.141592654   50.007672030  -16.734695625    0.819449174
    2.570393989   -3.141592654   45.661208294  -28.801563271    2.635243049
    2.760793544   -3.141592654   39.155551492  -38.994297412    4.745152922
    2.951193099   -3.141592654   31.101469331  -44.625218269    7.222554888

   -3.141592654   -2.771993518   27.529037389  -36.963559910   14.678621298
   -2.951193099   -2.771993518   21.132013832  -29.278228054   17.767130088
   -2.760793544   -2.771993518   16.684448164  -16.967576504   20.002701337
   -2.570393989   -2.771993518   14.736252230   -3.682009095   21.215838980
   -2.379994435   -2.771993518   15.094273226    6.698314138   21.570611266
   -2.189594880   -2.771993518   16.952272924   11.897561569   21.474205347
   -1.999195325   -2.771993518   19.308838750   12.194379081   21.346846325
   -1.808795770   -2.771993518   21.437627668   10.021497497   21.375816487
   -1.618396215   -2.771993518   23.167307728    8.482502187   21.400236976
   -1.427996661   -2.771993518   24.844790593    9.677671084   21.002464781
   -1.237597106   -2.771993518   27.037112373   13.740899189   19.753914655
   -1.047197551   -2.771993518   30.155720991   19.008354260   17.466935261
   -0.856797996   -2.771993518   34.200251845   23.049890970   14.297413915
   -0.666398442   -2.771993518   38.731916908   23.815114504   10.639247402
   -0.475998887   -2.771993518   43.021732058   20.464910125    6.917659684
   -0.285599332   -2.771993518   46.301385465   13.385714810    3.382554337
   -0.095199777   -2.771993518   47.974337218    3.893886980    0.050028236
    0.095199777   -2.771993518   47.761062928   -6.045985556   -3.216952629
    0.285599332   -2.771993518   45.798614275  -14.069392859   -6.523876793
    0.475998887   -2.771993518   42.681127638  -17.833261836   -9.772993111
    0.666398442   -2.771993518   39.384250968  -15.825307991  -12.594306890
    0.856797996   -2.771993518   37.018354738   -8.284405717  -14.455969433
    1.047197551   -2.771993518   36.447397829    2.508551938  -14.907417227
    1.237597106   -2.771993518   37.955660376   12.953409483  -13.827441579
    1.427996661   -2.771993518   41.142298023   19.687319682  -11.516578242
    1.618396215   -2.771993518   45.102722088   20.966137046   -8.552105755
    1.808795770   -2.771993518   48.785855043   16.935468007   -5.524356414
    1.999195325   -2.771993518   51.299785827    8.952352396   -2.784508701
    2.189594880   -2.771993518   52.043397040   -1.416465969   -0.349530577
    2.379994435   -2.771993518   50.691620644  -12.853423044    2.021032266
    2.570393989   -2.771993518   47.162023738  -24.047541989    4.643694013
    2.760793544   -2.771993518   41.660460155  -33.218872320    7.712078683
    2.951193099   -2.771993518   34.781963039  -38.154715260   11.166865409

   -3.141592654   -2.402394382   33.092213467  -30.806678831   14.880814034
   -2.951193099   -2.402394382   27.735744417  -24.649906525   17.521263325
   -2.760793544   -2.402394382   23.979236496  -14.372700227   19.146461972
   -2.570393989   -2.402394382   22.338149091   -2.971227400   19.649792993
   -2.379994435   -2.402394382   22.705964653    6.239812837   19.239899852
   -2.189594880   -2.402394382   24.437400271   11.164264828   18.324797978
   -1.999195325   -2.402394382   26.679443458   11.776312161   17.300183798
   -1.808795770   -2.402394382   28.761507008    9.887523842   16.360971925
   -1.618396215   -2.402394382   30.446254923    8.006738919   15.439806356
   -1.427996661   -2.402394382   31.931580412    7.999658212   14.299916412
   -1.237597106   -2.402394382   33.637242995   10.255199108   12.715054072
   -1.047197551   -2.402394382   35.913073645   13.704159871   10.625671258
   -0.856797996   -2.402394382   38.816813945   16.510551270    8.173791214
   -0.666398442   -2.402394382   42.052955907   16.906167550    5.598516530
   -0.475998887   -2.402394382   45.050225201   13.896070703    3.093627536
   -0.285599332   -2.402394382   47.137630535    7.449714884    0.685335138
   -0.095199777   -2.402394382   47.732182203   -1.539045128   -1.759435912
    0.095199777   -2.402394382   46.508354063  -11.265125995   -4.435152220
    0.285599332   -2.402394382   43.560725452  -19.177972612   -7.420627289
    0.475998887   -2.402394382   39.502709795  -22.505135554  -10.540501642
    0.666398442   -2.402394382   35.412753116  -19.335915620  -13.326719049
    0.856797996   -2.402394382   32.553014723   -9.832241786  -15.161496636
    1.047197551   -2.402394382   31.912696687    3.361303980  -15.540387894
    1.237597106   -2.402394382   33.801348676   16.006597748  -14.333220317
    1.427996661   -2.402394382   37.720934627   24.177152557  -11.862956050
    1.618396215   -2.402394382   42.595776955   25.927554177   -8.739078195
    1.808795770   -2.402394382   47.208937531   21.664775964   -5.571371319
    1.999195325   -2.402394382   50.582630035   13.268569830   -2.708082541
    2.189594880   -2.402394382   52.131528971    2.807184635   -0.150340826
    2.379994435   -2.402394382   51.619045117   -8.169574307    2.351073027
    2.570393989   -2.402394382   49.061566056  -18.482418153    5.095757295
    2.760793544   -2.402394382   44.707455490  -26.782717775    8.227548367
    2.951193099   -2.402394382   39.098549427  -31.394781157   11.617905974

   -3.141592654   -2.032795246   37.981551677  -26.119738859   11.864389709
   -2.951193099   -2.032795246   33.360745136  -21.736142993   13.629441115
   -2.760793544   -2.032795246   29.955589733  -13.614496062   14.461466502
   -2.570393989   -2.032795246   28.265098508   -4.169347745   14.312650103
   -2.379994435   -2.032795246   28.267649022    3.728037744   13.379740689
   -2.189594880   -2.032795246   29.455176746    8.072750643   12.006187858
   -1.999195325   -2.032795246   31.095212044    8.594511540   10.524431816
   -1.808795770   -2.032795246   32.574755751    6.731939791    9.128538349
   -1.618396215   -2.032795246   33.651011421    4.740156486    7.839588378
   -1.427996661   -2.032795246   34.491482201    4.482942566    6.569005534
   -1.237597106   -2.032795246   35.505848002    6.546355215    5.225318641
   -1.047197551   -2.032795246   37.076818931   10.078695414    3.796669292
   -0.856797996   -2.032795246   39.325120746   13.307065912    2.356258847
   -0.666398442   -2.032795246   42.006612165   14.303927023    0.986782377
   -0.475998887   -2.032795246   44.556156201   11.753474501   -0.297805299
   -0.285599332   -2.032795246   46.245566789    5.326652470   -1.615405739
   -0.095199777   -2.032795246   46.391628313   -4.219095050   -3.181168076
    0.095199777   -2.032795246   44.567357125  -14.930723701   -5.222640358
    0.285599332   -2.032795246   40.823410068  -23.823002869   -7.817874462
    0.475998887   -2.032795246   35.831808408  -27.505681961  -10.765749837
    0.666398442   -2.032795246   30.843585589  -23.551533934  -13.546103822
    0.856797996   -2.032795246   27.356440656  -12.015257422  -15.462881771
    1.047197551   -2.032795246   26.562039888    3.990297185  -15.928962439
    1.237597106   -2.032795246   28.840373634   19.377185027  -14.755758633
    1.427996661   -2.032795246   33.598147684   29.415951345  -12.249719811
    1.618396215   -2.032795246   39.551822725   31.821250910   -9.046077805
    1.808795770   -2.032795246   45.268940205   27.250787894   -5.802534521
    1.999195325   -2.032795246   49.644206228   18.199933838   -2.915823925
    2.189594880   -2.032795246   52.086410311    7.335245836   -0.429646757
    2.379994435   -2.032795246   52.440168252   -3.508377045    1.866874897
    2.570393989   -2.032795246   50.818017952  -13.283359000    4.238304998
    2.760793544   -2.032795246   47.506461265  -21.085055556    6.807539043
    2.951193099   -2.032795246   42.989375887  -25.759121007    9.458059787

   -3.141592654   -1.663196111   39.076931008  -25.053654175   11.434348541
   -2.951193099   -1.663196111   34.616801564  -21.165716571   12.540099184
   -2.760793544   -1.663196111   31.258596331  -13.718398249   12.507268361
   -2.570393989   -1.663196111   29.475592141   -5.043957863   11.347004547
   -2.379994435   -1.663196111   29.238866139    2.102273255    9.317614973
   -2.189594880   -1.663196111   30.054437452    5.818941842    6.806511091
   -1.999195325   -1.663196111   31.220387926    5.904198886    4.182259420
   -1.808795770   -1.663196111   32.164263771    3.837009915    1.702623397
   -1.618396215   -1.663196111   32.690848520    1.910476638   -0.490524405
   -1.427996661   -1.663196111   33.023491243    2.034801062   -2.317956038
   -1.237597106   -1.663196111   33.634082472    4.808696749   -3.712872514
   -1.047197551   -1.663196111   34.961876976    9.296163323   -4.610809739
   -0.856797996   -1.663196111   37.156183485   13.504612868   -4.989153422
   -0.666398442   -1.663196111   39.948009059   15.195280834   -4.928399051
   -0.475998887   -1.663196111   42.689613737   12.762527721   -4.629475898
   -0.285599332   -1.663196111   44.525684220    5.743846954   -4.402157667
   -0.095199777   -1.663196111   44.641047277   -5.053404920   -4.585640123
    0.095199777   -1.663196111   42.506970771  -17.370797924   -5.457605908
    0.285599332   -1.663196111   38.152149767  -27.725167094   -7.101903793
    0.475998887   -1.663196111   32.334268986  -32.107756438   -9.314639742
    0.666398442   -1.663196111   26.500339409  -27.603050444  -11.586408961
    0.856797996   -1.663196111   22.401405989  -14.194158816  -13.241707477
    1.047197551   -1.663196111   21.442803971    4.511513601  -13.698496915
    1.237597106   -1.663196111   24.081802308   22.548934522  -12.739236146
    1.427996661   -1.663196111   29.631283495   34.361571887  -10.597298991
    1.618396215   -1.663196111   36.595897766   37.282809410   -7.811170278
    1.808795770   -1.663196111   43.313379136   32.157841516   -4.947185238
    1.999195325   -1.663196111   48.523408371   22.021730841   -2.341087964
    2.189594880   -1.663196111   51.587968142   10.087447797   -0.018259468
    2.379994435   -1.663196111   52.389104963   -1.494606516    2.208116622
    2.570393989   -1.663196111   51.110125455  -11.640027315    4.543362907
    2.760793544   -1.663196111   48.095260597  -19.594123973    7.027893848
    2.951193099   -1.663196111   43.850388221  -24.406223194    9.456046300

   -3.141592654   -1.293596975   40.486882333  -25.246760028    7.573192787
   -2.951193099   -1.293596975   35.875626961  -22.569752312    7.948617258
   -2.760793544   -1.293596975   32.146599549  -16.162820050    7.376942214
   -2.570393989   -1.293596975   29.827555879   -8.161417404    5.866948001
   -2.379994435   -1.293596975   28.964841745   -1.297827606    3.596314028
   -2.189594880   -1.293596975   29.128631396    2.403638757    0.824026765
   -1.999195325   -1.293596975   29.653407903    2.597259968   -2.193911482
   -1.808795770   -1.293596975   29.984117740    0.721133539   -5.224204671
   -1.618396215   -1.293596975   29.948355478   -0.838531337   -8.020631817
   -1.427996661   -1.293596975   29.817239706   -0.024041911  -10.293742339
   -1.237597106   -1.293596975   30.131573150    3.821050133  -11.746193627
   -1.047197551   -1.293596975   31.394315039    9.630087653  -12.168380866
   -0.856797996   -1.293596975   33.775860776   15.100723783  -11.545580972
   -0.666398442   -1.293596975   36.959605937   17.619231620  -10.107337284
   -0.475998887   -1.293596975   40.185844780   15.292429203   -8.273166309
   -0.285599332   -1.293596975   42.449050342    7.567504552   -6.545991949
   -0.095199777   -1.293596975   42.787197638   -4.637921620   -5.373784719
    0.095199777   -1.293596975   40.564479637  -18.744748834   -5.054823494
    0.285599332   -1.293596975   35.781853158  -30.778592577   -5.644476206
    0.475998887   -1.293596975   29.274435529  -36.133233757   -6.923686333
    0.666398442   -1.293596975   22.674588010  -31.403127925   -8.422366894
    0.856797996   -1.293596975   17.979408673  -16.459466003   -9.555727453
    1.047197551   -1.293596975   16.812149211    4.660296486   -9.838410107
    1.237597106   -1.293596975   19.723444944   25.189139909   -9.093214166
    1.427996661   -1.293596975   25.960491200   38.772580503   -7.497290418
    1.618396215   -1.293596975   33.845754924   42.351808708   -5.459080341
    1.808795770   -1.293596975   41.511226140   36.919682940   -3.397741556
    1.999195325   -1.293596975   47.556025945   25.991947997   -1.550746444
    2.189594880   -1.293596975   51.298177177   13.262391741    0.074847579
    2.379994435   -1.293596975   52.645692945    1.110307336    1.619487402
    2.570393989   -1.293596975   51.822300694   -9.449920088    3.223041596
    2.760793544   -1.293596975   49.180429499  -17.903002111    4.892084014
    2.951193099   -1.293596975   45.187957161  -23.502096649    6.446184400

   -3.141592654   -0.923997839   41.490367694  -25.648974108    2.609224726
   -2.951193099   -0.923997839   36.697342549  -24.091502351    1.962500795
   -2.760793544   -0.923997839   32.576217971  -18.724962705    0.675568379
   -2.570393989   -0.923997839   29.691706497  -11.482264153   -1.186892012
   -2.379994435   -0.923997839   28.151442767   -5.042605463   -3.501241501
   -2.189594880   -0.923997839   27.582493096   -1.517829168   -6.137478980
   -1.999195325   -0.923997839   27.355469188   -1.358668197   -8.965478737
   -1.808795770   -0.923997839   26.940925938   -3.116537079  -11.802133590
   -1.618396215   -0.923997839   26.208426776   -4.251253370  -14.352862903
   -1.427996661   -0.923997839   25.506234072   -2.517333059  -16.221369664
   -1.237597106   -0.923997839   25.476334344    2.783753458  -17.020281946
   -1.047197551   -0.923997839   26.708892267   10.380496615  -16.530951988
   -0.856797996   -0.923997839   29.400349363   17.554447805  -14.821627523
   -0.666398442   -0.923997839   33.173365759   21.236504386  -12.248382713
   -0.475998887   -0.923997839   37.132795870   19.220810996   -9.335448040
   -0.285599332   -0.923997839   40.100650432   10.898227372   -6.611181272
   -0.095199777   -0.923997839   40.956130845   -2.636372259   -4.465434586
    0.095199777   -0.923997839   38.956170180  -18.427791572   -3.093887969
    0.285599332   -0.923997839   34.078990233  -32.026051593   -2.482676676
    0.475998887   -0.923997839   27.230937941  -38.327377284   -2.453044840
    0.666398442   -0.923997839   20.198638907  -33.582066253   -2.720185755
    0.856797996   -0.923997839   15.169540563  -17.650900425   -2.982174890
    1.047197551   -0.923997839   13.921939452    5.044607634   -3.010132427
    1.237597106   -0.923997839   17.061390745   27.137034226   -2.723508832
    1.427996661   -0.923997839   23.777870849   41.737314946   -2.177367551
    1.618396215   -0.923997839   32.264962044   45.584492211   -1.504338998
    1.808795770   -0.923997839   40.522862973   39.840587306   -0.828714171
    1.999195325   -0.923997839   47.073333079   28.375047667   -0.200788995
    2.189594880   -0.923997839   51.223001798   15.189327252    0.402193206
    2.379994435   -0.923997839   52.908923019    2.767834931    1.028412491
    2.570393989   -0.923997839   52.383743414   -7.975500728    1.684583000
    2.760793544   -0.923997839   49.996675980  -16.740519868    2.287992358
    2.951193099   -0.923997839   46.172352754  -22.954733162    2.664567909

   -3.141592654   -0.554398704   41.517829621  -27.340774169   -1.779425260
   -2.951193099   -0.554398704   36.313962917  -26.697158835   -3.293112748
   -2.760793544   -0.554398704   31.622782393  -22.064687526   -5.148393653
   -2.570393989   -0.554398704   28.052291098  -15.309557439   -7.223024442
   -2.379994435   -0.554398704   25.751905045   -9.179969833   -9.430583513
   -2.189594880   -0.554398704   24.372451925   -5.883720894  -11.747944146
   -1.999195325   -0.554398704   23.300390431   -5.835854537  -14.153447566
   -1.808795770   -0.554398704   22.047774931   -7.358811684  -16.507729290
   -1.618396215   -0.554398704   20.579386835   -7.611227764  -18.479307628
   -1.427996661   -0.554398704   19.384158830   -4.211248240  -19.604681402
   -1.237597106   -0.554398704   19.239602282    3.336633010  -19.478913463
   -1.047197551   -0.554398704   20.801998408   13.257068875  -17.962977018
   -0.856797996   -0.554398704   24.225750751   22.246220923  -15.276276484
   -0.666398442   -0.554398704   28.994598057   26.837697880  -11.907648962
   -0.475998887   -0.554398704   34.028422191   24.748389911   -8.417234009
   -0.285599332   -0.554398704   37.977824286   15.578189188   -5.237230037
   -0.095199777   -0.554398704   39.607312460    0.767443554   -2.571164161
    0.095199777   -0.554398704   38.126825811  -16.359796808   -0.415311987
    0.285599332   -0.554398704   33.532224857  -31.070395242    1.354594278
    0.475998887   -0.554398704   26.791371806  -38.088031754    2.858024712
    0.666398442   -0.554398704   19.772330560  -33.622848235    4.118625615
    0.856797996   -0.554398704   14.738202286  -17.626975908    5.043263857
    1.047197551   -0.554398704   13.516958630    5.293520484    5.487215000
    1.237597106   -0.554398704   16.726256811   27.600137365    5.354738584
    1.427996661   -0.554398704   23.542417996   42.296686524    4.697544740
    1.618396215   -0.554398704   32.135845951   46.123880323    3.710286587
    1.808795770   -0.554398704   40.490647021   40.319450805    2.652937099
    1.999195325   -0.554398704   47.128521992   28.824157891    1.748445384
    2.189594880   -0.554398704   51.364999474   15.657748093    1.104255274
    2.379994435   -0.554398704   53.141158475    3.236706045    0.694593968
    2.570393989   -0.554398704   52.694884667   -7.647888293    0.386283989
    2.760793544   -0.554398704   50.336163850  -16.819483293   -0.012108755
    2.951193099   -0.554398704   46.433765822  -23.738843014   -0.692357655

   -3.141592654   -0.184799568   40.210691408  -30.321240984   -4.785208543
   -2.951193099   -0.184799568   34.390121605  -30.144807715   -6.629378829
   -2.760793544   -0.184799568   29.015863840  -25.752614572   -8.537459746
   -2.570393989   -0.184799568   24.733321802  -19.089413263  -10.397390236
   -2.379994435   -0.184799568   21.704864202  -13.060588178  -12.191709550
   -2.189594880   -0.184799568   19.570883707   -9.933424805  -13.988207591
   -1.999195325   -0.184799568   17.718123867   -9.938068000  -15.830150172
   -1.808795770   -0.184799568   15.716857412  -10.998022277  -17.589563496
   -1.618396215   -0.184799568   13.668325555   -9.902075649  -18.906188015
   -1.427996661   -0.184799568   12.240039871   -4.239327324  -19.295912947
   -1.237597106   -0.184799568   12.348456399    6.041064587  -18.390188277
   -1.047197551   -0.184799568   14.670694188   18.422115282  -16.154817457
   -0.856797996   -0.184799568   19.241244774   28.935309871  -12.938358534
   -0.666398442   -0.184799568   25.333912601   33.855899944   -9.305171748
   -0.475998887   -0.184799568   31.654738244   31.119302890   -5.781286129
   -0.285599332   -0.184799568   36.713705487   20.827042883   -2.645118375
   -0.095199777   -0.184799568   39.236451952    4.937421386    0.119316099
    0.095199777   -0.184799568   38.475795782  -12.898380708    2.721467166
    0.285599332   -0.184799568   34.505420011  -27.925165035    5.377111644
    0.475998887   -0.184799568   28.348266191  -35.112944464    8.116874436
    0.666398442   -0.184799568   21.865634512  -31.043312224   10.683547258
    0.856797996   -0.184799568   17.248132222  -15.932320932   12.593218216
    1.047197551   -0.184799568   16.227305098    5.630795162   13.356724552
    1.237597106   -0.184799568   19.357816551   26.448319036   12.736843329
    1.427996661   -0.184799568   25.834963234   39.974337975   10.906503421
    1.618396215   -0.184799568   33.924286986   43.266453574    8.369753723
    1.808795770   -0.184799568   41.737073463   37.578077272    5.732480716
    1.999195325   -0.184799568   47.898292606   26.599147424    3.453066757
    2.189594880   -0.184799568   51.767059270   14.003657043    1.708828697
    2.379994435   -0.184799568   53.265740685    1.922979459    0.414290647
    2.570393989   -0.184799568   52.572402297   -8.991077420   -0.667211458
    2.760793544   -0.184799568   49.925380243  -18.553255960   -1.794028149
    2.951193099   -0.184799568   45.636019696  -26.087928837   -3.149314572

   -3.141592654    0.184799568   38.277118675  -33.387572383   -6.771383820
   -2.951193099    0.184799568   31.871128134  -33.165598185   -8.507657046
   -2.760793544    0.184799568   25.942212218  -28.531508308  -10.016962681
   -2.570393989    0.184799568   21.156976818  -21.605650531  -11.248996013
   -2.379994435    0.184799568   17.662122326  -15.479795721  -12.287828204
   -2.189594880    0.184799568   15.061840177  -12.426685582  -13.291796520
   -1.999195325    0.184799568   12.731884838  -12.405845241  -14.349851675
   -1.808795770    0.184799568   10.302206008  -12.907114780  -15.339865176
   -1.618396215    0.184799568    8.009011413  -10.418480684  -15.906286024
   -1.427996661    0.184799568    6.675253843   -2.647783102  -15.610779253
   -1.237597106    0.184799568    7.304899975    9.881980976  -14.181330712
   -1.047197551    0.184799568   10.531209685   23.917066850  -11.698880475
   -0.856797996    0.184799568   16.221316979   35.006069371   -8.581380231
   -0.666398442    0.184799568   23.440142409   39.467985982   -5.360408761
   -0.475998887    0.184799568   30.739304779   35.746999842   -2.415939249
   -0.285599332    0.184799568   36.591333846   24.596803141    0.195733293
   -0.095199777    0.184799568   39.796419059    8.453583692    2.712765898
    0.095199777    0.184799568   39.738589765   -8.933893293    5.490799279
    0.285599332    0.184799568   36.599867815  -23.141262538    8.751448228
    0.475998887    0.184799568   31.415764822  -29.789256418   12.375027415
    0.666398442    0.184799568   25.927438956  -26.138082863   15.830405752
    0.856797996    0.184799568   22.102636380  -12.734316869   18.326606157
    1.047197551    0.184799568   21.443252752    6.105683217   19.150475962
    1.237597106    0.184799568   24.380815845   23.997400371   18.016136102
    1.427996661    0.184799568   30.163082780   35.311406354   15.229022758
    1.618396215    0.184799568   37.253479832   37.662160733   11.531155688
    1.808795770    0.184799568   44.009562705   32.253928465    7.760709174
    1.999195325    0.184799568   49.244584965   22.259762985    4.513070326
    2.189594880    0.184799568   52.391501750   10.730154291    1.987824778
    2.379994435    0.184799568   53.341570457   -0.645792959    0.048470461
    2.570393989    0.184799568   52.186087977  -11.354668339   -1.600121181
    2.760793544    0.184799568   49.075837452  -21.097737743   -3.226985544
    2.951193099    0.184799568   44.271116205  -28.950501113   -4.962396369

   -3.141592654    0.554398704   37.511385984  -34.799354029   -5.991565807
   -2.951193099    0.554398704   30.820776083  -34.722307199   -7.214727822
   -2.760793544    0.554398704   24.581924070  -30.222506725   -8.130268040
   -2.570393989    0.554398704   19.461455210  -23.439663372   -8.739900668
   -2.379994435    0.554398704   15.601837414  -17.478874553   -9.152641245
   -2.189594880    0.554398704   12.608114357  -14.538442767   -9.517193757
   -1.999195325    0.554398704    9.883581388  -14.374150457   -9.905551127
   -1.808795770    0.554398704    7.131456764  -14.224889139  -10.221214099
   -1.618396215    0.554398704    4.698578572  -10.473094526  -10.209111237
   -1.427996661    0.554398704    3.510048308   -1.037333396   -9.586965200
   -1.237597106    0.554398704    4.602386303   13.061838554   -8.224703632
   -1.047197551    0.554398704    8.537855277   28.042685474   -6.254398877
   -0.856797996    0.554398704   15.035508385   39.224978912   -4.017421563
   -0.666398442    0.554398704   23.013406367   43.155950112   -1.866705062
   -0.475998887    0.554398704   30.953900512   38.838367774    0.032344577
   -0.285599332    0.554398704   37.373682181   27.583738261    1.806663105
   -0.095199777    0.554398704   41.199260472   12.115773919    3.801736160
    0.095199777    0.554398704   41.955428071   -3.985002440    6.400173004
    0.285599332    0.554398704   39.890058028  -16.877857687    9.768787012
    0.475998887    0.554398704   35.967109249  -23.009483891   13.673356192
    0.666398442    0.554398704   31.704980903  -20.328595352   17.434807478
    0.856797996    0.554398704   28.762654279   -9.527386443   20.123482189
    1.047197551    0.554398704   28.375534535    5.661846011   20.940457252
    1.237597106    0.554398704   30.875760529   19.964117252   19.596228736
    1.427996661    0.554398704   35.631750506   28.822956699   16.462430924
    1.618396215    0.554398704   41.385054555   30.389223136   12.378310141
    1.808795770    0.554398704   46.803700149   25.679010647    8.266799513
    1.999195325    0.554398704   50.923878051   17.197123711    4.766447821
    2.189594880    0.554398704   53.263066737    7.275793417    2.082829911
    2.379994435    0.554398704   53.680566694   -2.869502061    0.070788324
    2.570393989    0.554398704   52.176692229  -12.873704626   -1.565498124
    2.760793544    0.554398704   48.807105241  -22.359818548   -3.077771744
    2.951193099    0.554398704   43.762502007  -30.232716974   -4.569251201

   -3.141592654    0.923997839   36.078703789  -36.020725607   -5.673971660
   -2.951193099    0.923997839   29.205621314  -35.381911103   -6.139123917
   -2.760793544    0.923997839   22.895387013  -30.321417110   -6.126202874
   -2.570393989    0.923997839   17.796813692  -23.153221515   -5.758688176
   -2.379994435    0.923997839   14.004991782  -17.106473066   -5.249584169
   -2.189594880    0.923997839   11.067290408  -14.356934564   -4.802107623
   -1.999195325    0.923997839    8.350420144  -14.465942450   -4.515358187
   -1.808795770    0.923997839    5.568294202  -14.394346134   -4.344230959
   -1.618396215    0.923997839    3.125987065  -10.334782873   -4.134773477
   -1.427996661    0.923997839    2.021639179   -0.254182973   -3.717042649
   -1.237597106    0.923997839    3.332673771   14.549677511   -3.002547969
   -1.047197551    0.923997839    7.600104312   29.967646572   -2.034105625
   -0.856797996    0.923997839   14.473597654   41.182132581   -0.947860268
   -0.666398442    0.923997839   22.806421035   44.915100517    0.135394949
   -0.475998887    0.923997839   31.072828704   40.565403478    1.209595628
   -0.285599332    0.923997839   37.859713132   29.823383218    2.439086383
   -0.095199777    0.923997839   42.215310899   15.550901419    4.100592412
    0.095199777    0.923997839   43.778084936    1.083240174    6.463468145
    0.285599332    0.923997839   42.826537823  -10.337328447    9.591854221
    0.475998887    0.923997839   40.220387363  -15.939082790   13.196107947
    0.666398442    0.923997839   37.234413649  -14.284620214   16.602812039
    0.856797996    0.923997839   35.212954606   -6.145266647   18.944218903
    1.047197551    0.923997839   35.128098808    5.368675495   19.508226546
    1.237597106    0.923997839   37.219290330   16.079389937   18.079583938
    1.427996661    0.923997839   40.976819705   22.471619024   15.046897016
    1.618396215    0.923997839   45.415191432   23.203440196   11.199864765
    1.808795770    0.923997839   49.503424743   19.079919824    7.370458172
    1.999195325    0.923997839   52.488804286   11.937443860    4.104556019
    2.189594880    0.923997839   53.962772511    3.408587470    1.553457576
    2.379994435    0.923997839   53.748594109   -5.715647617   -0.424476851
    2.570393989    0.923997839   51.764100007  -15.137826801   -2.063317431
    2.760793544    0.923997839   47.995631003  -24.304363045   -3.510299619
    2.951193099    0.923997839   42.607001168  -31.883117232   -4.755030809

   -3.141592654    1.293596975   33.614183375  -37.690462018   -7.805820106
   -2.951193099    1.293596975   26.528990939  -35.900734260   -8.287232496
   -2.760793544    1.293596975   20.231518212  -29.699046410   -7.952810801
   -2.570393989    1.293596975   15.334543888  -21.737065992   -6.909555889
   -2.379994435    1.293596975   11.846624065  -15.420591358   -5.415477933
   -2.189594880    1.293596975    9.216282320  -12.880124275   -3.762686961
   -1.999195325    1.293596975    6.737150766  -13.469132125   -2.171674771
   -1.808795770    1.293596975    4.095838220  -13.895952650   -0.755483845
   -1.618396215    1.293596975    1.714144862  -10.156248558    0.448067915
   -1.427996661    1.293596975    0.634678759   -0.125263831    1.421696027
   -1.237597106    1.293596975    1.987369913   14.890342123    2.140723837
   -1.047197551    1.293596975    6.355431989   30.698551296    2.581156352
   -0.856797996    1.293596975   13.412483462   42.381526303    2.759218210
   -0.666398442    1.293596975   22.019932860   46.592413422    2.775813378
   -0.475998887    1.293596975   30.652216422   42.735680486    2.828201739
   -0.285599332    1.293596975   37.903896717   32.548242165    3.203405586
   -0.095199777    1.293596975   42.839369473   18.934990823    4.207833827
    0.095199777    1.293596975   45.112320145    5.142269500    6.073912698
    0.285599332    1.293596975   44.981699738   -5.846731157    8.801888966
    0.475998887    1.293596975   43.225152261  -11.641279349   12.051333999
    0.666398442    1.293596975   40.968231876  -11.082550176   15.137410538
    0.856797996    1.293596975   39.382561069   -4.886532788   17.224920505
    1.047197551    1.293596975   39.317006008    4.305734165   17.655517924
    1.237597106    1.293596975   41.002335152   12.986458615   16.257469646
    1.427996661    1.293596975   44.041407005   18.177587215   13.416539929
    1.618396215    1.293596975   47.626179234   18.679969034    9.867441343
    1.808795770    1.293596975   50.889563420   15.016147162    6.352189505
    1.999195325    1.293596975   53.165414237    8.544542101    3.321371626
    2.189594880    1.293596975   54.043948117    0.494703648    0.854204132
    2.379994435    1.293596975   53.293112634   -8.493887547   -1.224799904
    2.570393989    1.293596975   50.773101324  -17.998374124   -3.138599796
    2.760793544    1.293596975   46.455509828  -27.168259513   -4.974580504
    2.951193099    1.293596975   40.548118836  -34.387813046   -6.616399836

   -3.141592654    1.663196111   29.859915142  -40.237725940  -10.336490341
   -2.951193099    1.663196111   22.453221933  -36.664452274  -11.160953747
   -2.760793544    1.663196111   16.190048115  -28.607673561  -10.819070003
   -2.570393989    1.663196111   11.647028998  -19.211787507   -9.291554746
   -2.379994435    1.663196111    8.722505049  -12.147978652   -6.798746681
   -2.189594880    1.663196111    6.733035815   -9.514827450   -3.708515464
   -1.999195325    1.663196111    4.866770083  -10.448674950   -0.427003616
   -1.808795770    1.663196111    2.749831284  -11.427442088    2.665163311
   -1.618396215    1.663196111    0.780463821   -8.294543294    5.233844609
   -1.427996661    1.663196111    0.000000000    1.164971995    7.011742660
   -1.237597106    1.663196111    1.552878426   15.722300465    7.847620251
   -1.047197551    1.663196111    6.050429865   31.253765065    7.759894299
   -0.856797996    1.663196111   13.204937342   42.880841220    6.954559018
   -0.666398442    1.663196111   21.920381215   47.250806522    5.786294712
   -0.475998887    1.663196111   30.710285026   43.764935864    4.663603298
   -0.285599332    1.663196111   38.209882963   34.152657621    3.970787160
   -0.095199777    1.663196111   43.521045112   21.305956998    3.995443028
    0.095199777    1.663196111   46.324615116    8.330993066    4.887259817
    0.285599332    1.663196111   46.864008088   -2.072534979    6.582729991
    0.475998887    1.663196111   45.836318115   -7.892769978    8.763246527
    0.666398442    1.663196111   44.221638215   -8.233489723   10.873203205
    0.856797996    1.663196111   43.025873698   -3.749669568   12.274424822
    1.047197551    1.663196111   42.979899688    3.367545820   12.481764990
    1.237597106    1.663196111   44.304235094   10.230079530   11.386998207
    1.427996661    1.663196111   46.701714440   14.335924586    9.282732116
    1.618396215    1.663196111   49.519189870   14.588944523    6.697240838
    1.808795770    1.663196111   52.026563937   11.218731666    4.133181211
    1.999195325    1.663196111   53.617613735    5.125917894    1.852147587
    2.189594880    1.663196111   53.860213627   -2.830131194   -0.168400692
    2.379994435    1.663196111   52.454626605  -12.100724263   -2.126149063
    2.570393989    1.663196111   49.205402037  -22.046402367   -4.213015580
    2.760793544    1.663196111   44.091648817  -31.402995845   -6.451334199
    2.951193099    1.663196111   37.408540376  -38.167564559   -8.624760638

   -3.141592654    2.032795246   25.433523613  -43.905598652   -9.685790399
   -2.951193099    2.032795246   17.514833126  -38.234230744  -10.237883848
   -2.760793544    2.032795246   11.199543953  -27.541140760   -9.583733085
   -2.570393989    2.032795246    7.112776997  -15.539738636   -7.693291097
   -2.379994435    2.032795246    5.094136028   -6.433280589   -4.769417955
   -2.189594880    2.032795246    4.317675379   -2.652143176   -1.161252490
   -1.999195325    2.032795246    3.787686495   -3.441286201    2.724515370
   -1.808795770    2.032795246    2.942670034   -5.219950234    6.461085446
   -1.618396215    2.032795246    2.016718177   -3.646299574    9.611818167
   -1.427996661    2.032795246    1.934400008    3.807821443   11.773138270
   -1.237597106    2.032795246    3.794314471   16.334858855   12.675392874
   -1.047197551    2.032795246    8.245595641   30.244968172   12.289173801
   -0.856797996    2.032795246   15.108862447   40.953945359   10.862247890
   -0.666398442    2.032795246   23.432142909   45.166973062    8.848980630
   -0.475998887    2.032795246   31.862551119   42.148891834    6.758182179
   -0.285599332    2.032795246   39.133014789   33.401528873    5.020695744
   -0.095199777    2.032795246   44.400009386   21.607549346    3.899097286
    0.095199777    2.032795246   47.362202654    9.673707467    3.478246310
    0.285599332    2.032795246   48.239972539    0.076314764    3.660640427
    0.475998887    2.032795246   47.660364892   -5.438863118    4.204219655
    0.666398442    2.032795246   46.486416731   -6.173660294    4.777468305
    0.856797996    2.032795246   45.588958159   -2.770700162    5.064129615
    1.047197551    2.032795246   45.592272725    2.890967924    4.866604208
    1.237597106    2.032795246   46.689565001    8.379807834    4.187752404
    1.427996661    2.032795246   48.640023222   11.590075190    3.186702128
    1.618396215    2.032795246   50.896733277   11.536494468    2.075869388
    1.808795770    2.032795246   52.826542498    8.239884857    1.000623035
    1.999195325    2.032795246   53.861507867    2.235052117   -0.038075167
    2.189594880    2.032795246   53.539657218   -5.933183914   -1.165055857
    2.379994435    2.032795246   51.492006820  -15.798445817   -2.546401138
    2.570393989    2.032795246   47.465081538  -26.518489329   -4.273253131
    2.760793544    2.032795246   41.441519541  -36.406548563   -6.260665508
    2.951193099    2.032795246   33.807783208  -42.997155634   -8.212144927

   -3.141592654    2.402394382   21.512638402  -47.079712429   -4.916256245
   -2.951193099    2.402394382   13.170065448  -39.374647613   -4.575827993
   -2.760793544    2.402394382    6.884373328  -26.031853004   -3.373096337
   -2.570393989    2.402394382    3.347630243  -11.307632075   -1.335668452
   -2.379994435    2.402394382    2.360359567    0.051305444    1.393682645
   -2.189594880    2.402394382    2.966848585    5.224972893    4.622608216
   -1.999195325    2.402394382    3.986325512    4.775275462    8.128562630
   -1.808795770    2.402394382    4.651836084    2.255606186   11.612284950
   -1.618396215    2.402394382    5.000606816    2.125803915   14.652488257
   -1.427996661    2.402394382    5.798088270    7.196241540   16.751578675
   -1.237597106    2.402394382    8.053700632   17.104453531   17.495161977
   -1.047197551    2.402394382   12.421209466   28.679102441   16.737987852
   -0.856797996    2.402394382   18.818956750   37.768777960   14.693192139
   -0.666398442    2.402394382   26.454517915   41.269201385   11.857120473
   -0.475998887    2.402394382   34.143479262   38.369290338    8.815595885
   -0.285599332    2.402394382   40.752641777   30.287984598    6.051347969
   -0.095199777    2.402394382   45.509535470   19.371096473    3.831816388
    0.095199777    2.402394382   48.123910205    8.220357061    2.210532289
    0.285599332    2.402394382   48.778973104   -0.862821366    1.082774505
    0.475998887    2.402394382   48.044488031   -6.170016246    0.280898054
    0.666398442    2.402394382   46.732133791   -6.907782828   -0.344370875
    0.856797996    2.402394382   45.688842521   -3.556869609   -0.866187334
    1.047197551    2.402394382   45.544283127    2.160011549   -1.278983136
    1.237597106    2.402394382   46.518157498    7.841797340   -1.523613426
    1.427996661    2.402394382   48.389872856   11.300974609   -1.569826657
    1.618396215    2.402394382   50.607991443   11.392919171   -1.453184481
    1.808795770    2.402394382   52.504699794    7.983010958   -1.284511691
    1.999195325    2.402394382   53.452572722    1.516060143   -1.219352269
    2.189594880    2.402394382   52.921307701   -7.466893715   -1.401667609
    2.379994435    2.402394382   50.483739051  -18.385647281   -1.912714884
    2.570393989    2.402394382   45.861871390  -30.153875019   -2.727764812
    2.760793544    2.402394382   39.072391129  -40.722590769   -3.691465775
    2.951193099    2.402394382   30.609394430  -47.241229116   -4.529220989

   -3.141592654    2.771993518   20.264186536  -47.313874340    2.469659573
   -2.951193099    2.771993518   11.972812222  -38.569010835    4.028700002
   -2.760793544    2.771993518    5.952593246  -24.046339055    5.900079245
   -2.570393989    2.771993518    2.904538224   -8.176952303    8.003934789
   -2.379994435    2.771993518    2.612067407    4.191963954   10.302043237
   -2.189594880    2.771993518    4.088784713   10.188711907   12.802172297
   -1.999195325    2.771993518    6.109838902   10.267951619   15.481521639
   -1.808795770    2.771993518    7.832479026    7.757064415   18.164237244
   -1.618396215    2.771993518    9.168857450    6.850410318   20.455808233
   -1.427996661    2.771993518   10.720384937   10.252089176   21.821404557
   -1.237597106    2.771993518   13.342464289   17.823355125   21.798853837
   -1.047197551    2.771993518   17.608148821   26.918054329   20.226168078
   -0.856797996    2.771993518   23.467363874   33.990201751   17.336746898
   -0.666398442    2.771993518   30.258525806   36.332887085   13.658217001
   -0.475998887    2.771993518   36.970488085   33.174871820    9.788897393
   -0.285599332    2.771993518   42.619852364   25.475771572    6.177325678
   -0.095199777    2.771993518   46.520694504   15.209718125    3.016973025
    0.095199777    2.771993518   48.404437942    4.689919238    0.283660271
    0.285599332    2.771993518   48.437971176   -3.877085216   -2.143604274
    0.475998887    2.771993518   47.174315426   -8.704874997   -4.332521486
    0.666398442    2.771993518   45.432372574   -8.847851764   -6.203194106
    0.856797996    2.771993518   44.092173841   -4.693933384   -7.539683616
    1.047197551    2.771993518   43.820277226    1.990770698   -8.107797594
    1.237597106    2.771993518   44.852321762    8.601183493   -7.799174747
    1.427996661    2.771993518   46.937368277   12.725167150   -6.736103019
    1.618396215    2.771993518   49.456298121   13.054498544   -5.229929224
    1.808795770    2.771993518   51.655875109    9.434758711   -3.656397213
    1.999195325    2.771993518   52.832162662    2.420788331   -2.311120136
    2.189594880    2.771993518   52.406214131   -7.278411882   -1.321438118
    2.379994435    2.771993518   49.936048752  -18.899904875   -0.644542428
    2.570393989    2.771993518   45.162943248  -31.185575286   -0.119552042
    2.760793544    2.771993518   38.153903157  -41.931301573    0.461083140
    2.951193099    2.771993518   29.479234731  -48.185302332    1.286253799
