#! FIELDS phi psi file.free der_phi der_psi
#! SET min_phi -pi
#! SET max_phi pi
#! SET nbins_phi  33
#! SET periodic_phi true
#! SET min_psi -pi
#! SET max_psi pi
#! SET nbins_psi  17
#! SET periodic_psi true
   -3.141592654   -3.141592654   19.332612874  -54.735754586   15.174084316
   -2.951193099   -3.141592654   10.697893491  -35.340913166   18.008915190
   -2.760793544   -3.141592654    5.992776933  -14.479232586   20.130386068
   -2.570393989   -3.141592654    4.940376143    2.322438222   21.624977684
   -2.379994435   -3.141592654    6.404665868   11.687548130   22.839043774
   -2.189594880   -3.141592654    8.913867712   13.581938391   24.277202875
   -1.999195325   -3.141592654   11.287369122   10.925225682   26.356373824
   -1.808795770   -3.141592654   13.070393928    8.119348248   29.134271619
   -1.618396215   -3.141592654   14.625983819    9.056117846   32.179920244
   -1.427996661   -3.141592654   16.878618843   15.490085546   34.691391425
   -1.237597106   -3.141592654   20.825093990   26.447640497   35.821312232
   -1.047197551   -3.141592654   27.051214999   38.744005767   35.047225014
   -0.856797996   -3.141592654   35.423064395   48.316552878   32.352310017
   -0.666398442   -3.141592654   45.070712528   51.600629213   28.137784982
   -0.475998887   -3.141592654   54.570864582   46.581115065   22.971082046
   -0.285599332   -3.141592654   62.296119819   33.131563750   17.312402872
   -0.095199777   -3.141592654   66.785872893   13.084059386   11.402434678
    0.095199777   -3.141592654   67.108204861   -9.874288589    5.325255303
    0.285599332   -3.141592654   63.187000992  -30.549688680   -0.816180387
    0.475998887   -3.141592654   56.003226438  -43.235029241   -6.729190203
    0.666398442   -3.141592654   47.540766592  -43.444868909  -11.878870756
    0.856797996   -3.141592654   40.355293380  -29.999905645  -15.622575090
    1.047197551   -3.141592654   36.796794174   -6.293647801  -17.468856206
    1.237597106   -3.141592654   38.156535761   20.236466680  -17.309109228
    1.427996661   -3.141592654   44.124923010   40.709215252  -15.482768052
    1.618396215   -3.141592654   52.842338944   48.324503373  -12.600679589
    1.808795770   -3.141592654   61.558594561   40.742544203   -9.270107225
    1.999195325   -3.141592654   67.546508470   20.424244375   -5.871502784
    2.189594880   -3.141592654   68.887486191   -6.954461449   -2.506214326
    2.379994435   -3.141592654   64.881905734  -34.622566217    0.900883433
    2.570393989   -3.141592654   56.082310827  -56.397919295    4.447026588
    2.760793544   -3.141592654   44.071617992  -67.812878288    8.126802002
    2.951193099   -3.141592654   31.055902918  -66.898878050   11.788993708

   -3.141592654   -2.771993518   28.242374877  -49.130125778   24.037135030
   -2.951193099   -2.771993518   20.455329723  -32.088840423   26.483106703
   -2.760793544   -2.771993518   16.153421174  -13.411636285   27.748965206
   -2.570393989   -2.771993518   15.156794812    2.022052796   28.099458731
   -2.379994435   -2.771993518   16.532508814   11.284494209   28.057363129
   -2.189594880   -2.771993518   19.058565891   14.345286918   28.239157496
   -1.999195325   -2.771993518   21.754049195   13.596516026   29.094438809
   -1.808795770   -2.771993518   24.220687948   12.513733851   30.676072441
   -1.618396215   -2.771993518   26.690128228   14.005223996   32.556723635
   -1.427996661   -2.771993518   29.798965088   19.226846711   33.955058163
   -1.237597106   -2.771993518   34.199879925   27.246837478   34.036574983
   -1.047197551   -2.771993518   40.203245695   35.511588626   32.257424248
   -0.856797996   -2.771993518   47.554425979   40.887027446   28.554183584
   -0.666398442   -2.771993518   55.435115713   40.656799524   23.302503006
   -0.475998887   -2.771993518   62.609606507   33.336997871   17.118438042
   -0.285599332   -2.771993518   67.704169927   18.984723489   10.596456895
   -0.095199777   -2.771993518   69.518857168   -0.657635772    4.172749529
    0.095199777   -2.771993518   67.350394225  -22.131168219   -1.877231115
    0.285599332   -2.771993518   61.303901256  -40.495877266   -7.328688930
    0.475998887   -2.771993518   52.494340218  -50.279425119  -11.897020925
    0.666398442   -2.771993518   42.994263237  -47.257853904  -15.218007282
    0.856797996   -2.771993518   35.390948543  -30.596046903  -16.955558849
    1.047197551   -2.771993518   31.992787028   -4.101351641  -16.967267261
    1.237597106   -2.771993518   33.974034126   24.434449059  -15.412713950
    1.427996661   -2.771993518   40.860751509   46.032505801  -12.709858992
    1.618396215   -2.771993518   50.642229335   54.113786085   -9.341236339
    1.808795770   -2.771993518   60.483417681   46.777710908   -5.658625809
    1.999195325   -2.771993518   67.655974700   26.884620461   -1.786390950
    2.189594880   -2.771993518   70.293371810    0.244164746    2.323435624
    2.379994435   -2.771993518   67.741635279  -26.561132139    6.741133408
    2.570393989   -2.771993518   60.540891709  -47.755408648   11.421409478
    2.760793544   -2.771993518   50.179879693  -59.283265237   16.131359057
    2.951193099   -2.771993518   38.706103973  -59.402547237   20.480501404

   -3.141592654   -2.402394382   37.378953338  -44.681631771   22.077860661
   -2.951193099   -2.402394382   30.218899014  -29.923106953   23.636449722
   -2.760793544   -2.402394382   26.150773851  -12.978470526   24.186521581
   -2.570393989   -2.402394382   25.150590922    1.742636646   24.057615190
   -2.379994435   -2.402394382   26.497990927   11.447603517   23.697438554
   -2.189594880   -2.402394382   29.168387503   15.788973012   23.520582831
   -1.999195325   -2.402394382   32.278599045   16.457619478   23.732193297
   -1.808795770   -2.402394382   35.372517798   16.050107255   24.228930173
   -1.618396215   -2.402394382   38.464637929   16.727648587   24.612248856
   -1.427996661   -2.402394382   41.873370788   19.379502378   24.320303337
   -1.237597106   -2.402394382   45.942695765   23.463735771   22.839917638
   -1.047197551   -2.402394382   50.806786191   27.369806665   19.918820530
   -0.856797996   -2.402394382   56.240949050   29.107692992   15.656850756
   -0.666398442   -2.402394382   61.652648105   26.828486620   10.448549204
   -0.475998887   -2.402394382   66.146457987   19.315534115    4.836670657
   -0.285599332   -2.402394382   68.679445959    6.318013004   -0.678997387
   -0.095199777   -2.402394382   68.287851481  -11.062870715   -5.731052020
    0.095199777   -2.402394382   64.381463418  -29.958516918  -10.097001498
    0.285599332   -2.402394382   57.089315916  -45.757781490  -13.625197376
    0.475998887   -2.402394382   47.514064640  -53.066045297  -16.167467671
    0.666398442   -2.402394382   37.710881917  -47.665482565  -17.564736962
    0.856797996   -2.402394382   30.239517298  -28.835539885  -17.712547021
    1.047197551   -2.402394382   27.348619166   -0.606770710  -16.641436628
    1.237597106   -2.402394382   30.112042243   29.060841677  -14.555068701
    1.427996661   -2.402394382   37.941808973   51.248912248  -11.760607953
    1.618396215   -2.402394382   48.749200278   59.664928384   -8.530299894
    1.808795770   -2.402394382   59.685729273   52.772730068   -5.009981018
    1.999195325   -2.402394382   68.066867140   33.631517251   -1.216237134
    2.189594880   -2.402394382   72.080876027    7.961687625    2.876266765
    2.379994435   -2.402394382   71.084373757  -18.005995027    7.222832340
    2.570393989   -2.402394382   65.550740480  -38.934768441   11.647699245
    2.760793544   -2.402394382   56.826311099  -51.087625856   15.840845541
    2.951193099   -2.402394382   46.779755487  -52.759987509   19.426711049

   -3.141592654   -2.032795246   43.074781372  -41.819635194   13.811955641
   -2.951193099   -2.032795246   36.307153533  -28.643291224   14.738987562
   -2.760793544   -2.032795246   32.357150748  -12.926023331   15.096859128
   -2.570393989   -2.032795246   31.296546174    1.157010512   15.054807220
   -2.379994435   -2.032795246   32.519059759   10.797242457   14.785056870
   -2.189594880   -2.032795246   35.082399287   15.314091545   14.412887447
   -1.999195325   -2.032795246   38.103060627   15.906545432   13.957073891
   -1.808795770   -2.032795246   41.032121300   14.733631106   13.321392163
   -1.618396215   -2.032795246   43.730645451   13.775282743   12.317177781
   -1.427996661   -2.032795246   46.364865519   14.123507896   10.724281104
   -1.237597106   -2.032795246   49.198593469   15.789634931    8.374535732
   -1.047197551   -2.032795246   52.411104831   17.864048464    5.241306842
   -0.856797996   -2.032795246   55.951208082   18.950218792    1.473389446
   -0.666398442   -2.032795246   59.476459993   17.407458124   -2.632258520
   -0.475998887   -2.032795246   62.338686986   11.747754324   -6.696547296
   -0.285599332   -2.032795246   63.653179603    1.121664539  -10.376342785
   -0.095199777   -2.032795246   62.491124988  -14.024167508  -13.431954758
    0.095199777   -2.032795246   58.191686788  -31.226383936  -15.774694253
    0.285599332   -2.032795246   50.770617910  -45.920130345  -17.419133809
    0.475998887   -2.032795246   41.238579221  -52.472814527  -18.403508546
    0.666398442   -2.032795246   31.613954184  -46.366881858  -18.718281029
    0.856797996   -2.032795246   24.464312589  -26.724856589  -18.305201020
    1.047197551   -2.032795246   22.058338771    2.381464461  -17.116845533
    1.237597106   -2.032795246   25.470473821   32.865954349  -15.192794960
    1.427996661   -2.032795246   34.092259575   55.737126623  -12.663688698
    1.618396215   -2.032795246   45.810713176   64.726489011   -9.693812160
    1.808795770   -2.032795246   57.762659851   58.363664384   -6.428732623
    1.999195325   -2.032795246   67.257203231   39.717006178   -2.982772770
    2.189594880   -2.032795246   72.470180277   14.430656564    0.532303817
    2.379994435   -2.032795246   72.724299400  -11.396968626    3.976531538
    2.570393989   -2.032795246   68.433469859  -32.570040103    7.185440071
    2.760793544   -2.032795246   60.860369815  -45.452183270    9.985245244
    2.951193099   -2.032795246   51.778721813  -48.341890811   12.225397096

   -3.141592654   -1.663196111   41.573671321  -41.221121480   11.960852518
   -2.951193099   -1.663196111   34.979206416  -27.431720810   12.305055786
   -2.760793544   -1.663196111   31.305901882  -11.294547088   12.006225400
   -2.570393989   -1.663196111   30.558124789    2.703828885   11.141301596
   -2.379994435   -1.663196111   32.015899890   11.612015565    9.784246774
   -2.189594880   -1.663196111   34.615958573   14.796067837    7.987983567
   -1.999195325   -1.663196111   37.378478468   13.673458657    5.771065317
   -1.808795770   -1.663196111   39.710417081   10.713270481    3.152057598
   -1.618396215   -1.663196111   41.492371360    8.244819849    0.181164483
   -1.427996661   -1.663196111   42.975810257    7.686747736   -3.044382843
   -1.237597106   -1.663196111   44.563018637    9.285376418   -6.384808538
   -1.047197551   -1.663196111   46.600906952   12.172659011   -9.662104936
   -0.856797996   -1.663196111   49.193668517   14.778848488  -12.673247682
   -0.666398442   -1.663196111   52.101015481   15.115550648  -15.206515145
   -0.475998887   -1.663196111   54.705778676   11.289834519  -17.062861743
   -0.285599332   -1.663196111   56.079768211    2.127400084  -18.123492178
   -0.095199777   -1.663196111   55.201982385  -12.154940710  -18.391729154
    0.095199777   -1.663196111   51.287726013  -29.155323876  -18.023584092
    0.285599332   -1.663196111   44.233053822  -44.215507485  -17.262060852
    0.475998887   -1.663196111   34.965227888  -51.416812680  -16.328694560
    0.666398442   -1.663196111   25.486746151  -45.835738961  -15.323041873
    0.856797996   -1.663196111   18.423638553  -26.248784064  -14.204039714
    1.047197551   -1.663196111   16.150678736    3.390404422  -12.852061203
    1.237597106   -1.663196111   19.843460779   34.841133549  -11.175352036
    1.427996661   -1.663196111   28.945023004   58.775630628   -9.146593605
    1.618396215   -1.663196111   41.325285011   68.561112437   -6.787551611
    1.808795770   -1.663196111   54.042666958   62.459354072   -4.147062499
    1.999195325   -1.663196111   64.292797755   43.447055078   -1.299691964
    2.189594880   -1.663196111   70.139332086   17.276916783    1.635863675
    2.379994435   -1.663196111   70.829991720   -9.672849829    4.496160945
    2.570393989   -1.663196111   66.768084083  -31.843900688    7.104734562
    2.760793544   -1.663196111   59.271163158  -45.291318172    9.298536806
    2.951193099   -1.663196111   50.210767221  -48.187708812   10.946818480

   -3.141592654   -1.293596975   40.189425202  -41.805451848   10.057712321
   -2.951193099   -1.293596975   33.466521403  -28.196998891    9.698425303
   -2.760793544   -1.293596975   29.627512639  -12.297045227    8.880539354
   -2.570393989   -1.293596975   28.649616279    1.232404196    7.617394378
   -2.379994435   -1.293596975   29.756037250    9.331155850    5.841485676
   -2.189594880   -1.293596975   31.818031520   11.377295486    3.427588720
   -1.999195325   -1.293596975   33.808167527    8.980942021    0.260702412
   -1.808795770   -1.293596975   35.138096586    4.947640943   -3.641741119
   -1.618396215   -1.293596975   35.763180481    1.982875193   -8.053024024
   -1.427996661   -1.293596975   36.072265546    1.760512778  -12.545970408
   -1.237597106   -1.293596975   36.632124776    4.555438123  -16.597050219
   -1.047197551   -1.293596975   37.936294073    9.275146315  -19.734845658
   -0.856797996   -1.293596975   40.176660635   13.987036995  -21.662856031
   -0.666398442   -1.293596975   43.127942046   16.326960480  -22.307602341
   -0.475998887   -1.293596975   46.125472671   14.117164720  -21.783037852
   -0.285599332   -1.293596975   48.147374845    5.997866293  -20.336299494
   -0.095199777   -1.293596975   48.049512255   -7.966956292  -18.273727901
    0.095199777   -1.293596975   44.899235168  -25.453274833  -15.919650635
    0.285599332   -1.293596975   38.444408333  -41.713394605  -13.544345958
    0.475998887   -1.293596975   29.507305779  -50.460614742  -11.315894468
    0.666398442   -1.293596975   20.078534104  -46.187848223   -9.279250145
    0.856797996   -1.293596975   12.883184316  -27.128844189   -7.394522472
    1.047197551   -1.293596975   10.473051884    2.976622755   -5.606290753
    1.237597106   -1.293596975   14.199285441   35.689746367   -3.900512998
    1.427996661   -1.293596975   23.611635365   61.185050799   -2.270532048
    1.618396215   -1.293596975   36.584237221   72.285290691   -0.672458189
    1.808795770   -1.293596975   50.088210330   66.864113086    0.979301014
    1.999195325   -1.293596975   61.180698854   47.754044009    2.752283181
    2.189594880   -1.293596975   67.784120939   20.820158783    4.619670598
    2.379994435   -1.293596975   69.044512664   -7.268657728    6.445304012
    2.570393989   -1.293596975   65.327407202  -30.605165348    8.038984016
    2.760793544   -1.293596975   57.972959562  -44.977100403    9.228477336
    2.951193099   -1.293596975   48.910921740  -48.461145479    9.910491025

   -3.141592654   -0.923997839   40.987783043  -43.905315637    6.286405823
   -2.951193099   -0.923997839   33.837402410  -30.536784842    4.884054861
   -2.760793544   -0.923997839   29.546833954  -14.681700234    3.154442678
   -2.570393989   -0.923997839   28.107974771   -1.258590253    1.155410177
   -2.379994435   -0.923997839   28.706420592    6.417605776   -1.182894785
   -2.189594880   -0.923997839   30.139100302    7.606975577   -4.031486432
   -1.999195325   -0.923997839   31.303602549    4.057674476   -7.542323634
   -1.808795770   -0.923997839   31.588037701   -1.055701290  -11.666238119
   -1.618396215   -0.923997839   31.007586467   -4.545643187  -16.048236784
   -1.427996661   -0.923997839   30.095605752   -4.358738720  -20.067018882
   -1.237597106   -0.923997839   29.612193097   -0.110576290  -23.023884113
   -1.047197551   -0.923997839   30.235483323    6.900047900  -24.397968410
   -0.856797996   -0.923997839   32.276481083   14.285985388  -24.025283411
   -0.666398442   -0.923997839   35.530333553   19.132787665  -22.123087696
   -0.475998887   -0.923997839   39.251082674   18.759115802  -19.163482644
   -0.285599332   -0.923997839   42.252777486   11.464880460  -15.684828706
   -0.095199777   -0.923997839   43.184749306   -2.803614023  -12.126588818
    0.095199777   -0.923997839   40.910971497  -21.533176045   -8.761563798
    0.285599332   -0.923997839   35.042301575  -39.497329081   -5.687568062
    0.475998887   -0.923997839   26.376617637  -49.738405224   -2.894954549
    0.666398442   -0.923997839   17.003242849  -46.172107757   -0.357314103
    0.856797996   -0.923997839    9.822675102  -26.842640814    1.889190144
    1.047197551   -0.923997839    7.553717973    4.234223456    3.730344736
    1.237597106   -0.923997839   11.632083534   38.106455346    5.029305001
    1.427996661   -0.923997839   21.597455009   64.501239194    5.756364314
    1.618396215   -0.923997839   35.253132807   76.058197521    6.050801050
    1.808795770   -0.923997839   49.485060670   70.665793400    6.175785750
    1.999195325   -0.923997839   61.274602455   51.208166856    6.381599685
    2.189594880   -0.923997839   68.475394660   23.580509598    6.770212509
    2.379994435   -0.923997839   70.170259377   -5.507130226    7.257845207
    2.570393989   -0.923997839   66.677814488  -30.019670480    7.637206972
    2.760793544   -0.923997839   59.322448985  -45.547921322    7.682549702
    2.951193099   -0.923997839   50.057692056  -49.968796484    7.243797849

   -3.141592654   -0.554398704   42.336185194  -47.812676439    3.435677911
   -2.951193099   -0.554398704   34.376154425  -35.048327159    0.854602680
   -2.760793544   -0.554398704   29.201741857  -19.393323538   -1.894573306
   -2.570393989   -0.554398704   26.860795579   -6.025960761   -4.639108640
   -2.379994435   -0.554398704   26.532513160    1.394229081   -7.386800108
   -2.189594880   -0.554398704   26.954788809    1.957966731  -10.313374963
   -1.999195325   -0.554398704   26.967726373   -2.373101925  -13.591924359
   -1.808795770   -0.554398704   25.978816793   -7.875267767  -17.152646439
   -1.618396215   -0.554398704   24.139403213  -10.740744584  -20.558984160
   -1.427996661   -0.554398704   22.211339207   -8.611746138  -23.101274427
   -1.237597106   -0.554398704   21.193160987   -1.335335112  -24.082577345
   -1.047197551   -0.554398704   21.909324833    9.098306034  -23.151295609
   -0.856797996   -0.554398704   24.663786971   19.440011132  -20.465993126
   -0.666398442   -0.554398704   29.094147797   26.107969050  -16.613035158
   -0.475998887   -0.554398704   34.205514136   26.155929913  -12.348985533
   -0.285599332   -0.554398704   38.554493686   18.048632678   -8.297593240
   -0.095199777   -0.554398704   40.598896044    2.219549619   -4.759543861
    0.095199777   -0.554398704   39.120444693  -18.165109387   -1.690576842
    0.285599332   -0.554398704   33.770629515  -37.293921834    1.181671667
    0.475998887   -0.554398704   25.477796317  -47.891457118    4.136428568
    0.666398442   -0.554398704   16.483331365  -43.961551853    7.243631186
    0.856797996   -0.554398704    9.785664250  -23.995497813   10.264010331
    1.047197551   -0.554398704    8.102618267    7.441494503   12.732128175
    1.237597106   -0.554398704   12.782327240   41.108063425   14.187548192
    1.427996661   -0.554398704   23.260728621   66.831200660   14.444658926
    1.618396215   -0.554398704   37.286083337   77.621091595   13.695635625
    1.808795770   -0.554398704   51.759747045   71.693340124   12.405226531
    1.999195325   -0.554398704   63.717523425   51.983851578   11.067752187
    2.189594880   -0.554398704   71.050816441   24.185758184    9.975771544
    2.379994435   -0.554398704   72.829778597   -5.282490579    9.133025876
    2.570393989   -0.554398704   69.313739626  -30.558480645    8.313962392
    2.760793544   -0.554398704   61.753693913  -47.196900550    7.212863825
    2.951193099   -0.554398704   52.057535658  -52.848595442    5.603100685

   -3.141592654   -0.184799568   42.963537817  -53.529127567    0.898167581
   -2.951193099   -0.184799568   33.856664769  -41.257922331   -2.127145978
   -2.760793544   -0.184799568   27.496878893  -25.548066730   -5.120104861
   -2.570393989   -0.184799568   24.014671007  -11.840079912   -7.892356673
   -2.379994435   -0.184799568   22.605333465   -4.191839011  -10.458325189
   -2.189594880   -0.184799568   21.961143400   -3.702780650  -13.011996191
   -1.999195325   -0.184799568   20.880660966   -8.154213189  -15.721004534
   -1.808795770   -0.184799568   18.819918552  -13.189826950  -18.469861467
   -1.618396215   -0.184799568   16.106876590  -14.364476422  -20.754156944
   -1.427996661   -0.184799568   13.760284309   -9.173200694  -21.837518056
   -1.237597106   -0.184799568   12.997136049    1.957047995  -21.107917777
   -1.047197551   -0.184799568   14.692782328   15.942772772  -18.440146157
   -0.856797996   -0.184799568   18.983654182   28.433295189  -14.307015764
   -0.666398442   -0.184799568   25.176560271   35.287250068   -9.578136085
   -0.475998887   -0.184799568   31.910252687   33.779974117   -5.142315804
   -0.285599332   -0.184799568   37.483985069   23.231315382   -1.529842052
   -0.095199777   -0.184799568   40.293881197    5.198992570    1.248064127
    0.095199777   -0.184799568   39.260759799  -16.226676499    3.621784264
    0.285599332   -0.184799568   34.300173705  -34.909743670    6.188161306
    0.475998887   -0.184799568   26.595951006  -43.991540638    9.358970151
    0.666398442   -0.184799568   18.505933080  -38.457773858   13.090990819
    0.856797996   -0.184799568   12.941340325  -17.843405701   16.846563468
    1.047197551   -0.184799568   12.372881667   12.720931270   19.819123641
    1.237597106   -0.184799568   17.867838908   44.231405284   21.312864088
    1.427996661   -0.184799568   28.692806739   67.357988095   21.080830353
    1.618396215   -0.184799568   42.605428072   76.054834416   19.403365404
    1.808795770   -0.184799568   56.661764159   69.062487534   16.909877443
    1.999195325   -0.184799568   68.094969640   49.233949277   14.262723613
    2.189594880   -0.184799568   74.932689378   21.755451258   11.887824446
    2.379994435   -0.184799568   76.271361144   -7.544121218    9.872015206
    2.570393989   -0.184799568   72.300592082  -33.174336543    8.023527327
    2.760793544   -0.184799568   64.162718808  -50.722337261    6.036871539
    2.951193099   -0.184799568   53.683867860  -57.557109606    3.676516066

   -3.141592654    0.184799568   42.897102891  -58.945215349   -1.686410373
   -2.951193099    0.184799568   32.732501190  -46.838933834   -4.190314628
   -2.760793544    0.184799568   25.333451922  -30.810266194   -6.424528359
   -2.570393989    0.184799568   20.898946031  -16.571320546   -8.336377465
   -2.379994435    0.184799568   18.629466675   -8.536649998  -10.033749774
   -2.189594880    0.184799568   17.175415063   -7.881617120  -11.729917160
   -1.999195325    0.184799568   15.321825904  -12.013685717  -13.544617070
   -1.808795770    0.184799568   12.615343542  -15.923049031  -15.300492536
   -1.618396215    0.184799568    9.589221733  -14.698737982  -16.480633351
   -1.427996661    0.184799568    7.498099976   -6.026330977  -16.429932823
   -1.237597106    0.184799568    7.686462770    8.721561548  -14.710603526
   -1.047197551    0.184799568   10.934014619   25.185666322  -11.414431680
   -0.856797996    0.184799568   17.057540319   38.055346782   -7.182739465
   -0.666398442    0.184799568   24.941524140   43.098787966   -2.915518473
   -0.475998887    0.184799568   32.874394494   38.444040189    0.649132841
   -0.285599332    0.184799568   39.028741491   24.789123958    3.284225339
   -0.095199777    0.184799568   41.939705156    5.006971624    5.330439738
    0.095199777    0.184799568   40.864847401  -16.126546190    7.486458103
    0.285599332    0.184799568   36.101425254  -32.708006097   10.416251458
    0.475998887    0.184799568   29.087374314  -38.945941140   14.363887162
    0.666398442    0.184799568   22.185871740  -31.264929624   18.950555053
    0.856797996    0.184799568   18.056710292  -10.338518027   23.278793908
    1.047197551    0.184799568   18.775495495   18.396363230   26.308292761
    1.237597106    0.184799568   25.049807506   46.591768250   27.310550237
    1.427996661    0.184799568   35.976191780   66.130768522   26.164473607
    1.618396215    0.184799568   49.375955589   72.115404897   23.330253548
    1.808795770    0.184799568   62.536581364   63.849251193   19.582237009
    1.999195325    0.184799568   72.961990918   44.043003874   15.665744727
    2.189594880    0.184799568   78.873608009   17.274978409   12.060359991
    2.379994435    0.184799568   79.430375390  -11.335233163    8.918837747
    2.570393989    0.184799568   74.765764629  -36.779471069    6.141766649
    2.760793544    0.184799568   65.909492950  -54.745984157    3.528705489
    2.951193099    0.184799568   54.594167429  -62.337674495    0.926345289

   -3.141592654    0.554398704   44.465495583  -62.260014696   -1.294761783
   -2.951193099    0.554398704   33.627457440  -50.540431283   -2.467176416
   -2.760793544    0.554398704   25.507788603  -34.616868417   -3.422425824
   -2.570393989    0.554398704   20.360662843  -20.205400490   -4.261251518
   -2.379994435    0.554398704   17.428135939  -11.849464146   -5.119107344
   -2.189594880    0.554398704   15.380417399  -10.778013557   -6.117696062
   -1.999195325    0.554398704   13.031601364  -14.247657481   -7.250592367
   -1.808795770    0.554398704   10.003033893  -16.957513933   -8.301285683
   -1.618396215    0.554398704    6.949115051  -13.853432647   -8.867156269
   -1.427996661    0.554398704    5.232490107   -2.923343008   -8.527694917
   -1.237597106    0.554398704    6.203986578   13.703837174   -7.074532444
   -1.047197551    0.554398704   10.488940748   30.844034618   -4.674770123
   -0.856797996    0.554398704   17.627794086   42.810912407   -1.809916227
   -0.666398442    0.554398704   26.231231386   45.772272225    0.976220462
   -0.475998887    0.554398704   34.454562995   38.905047240    3.361897341
   -0.285599332    0.554398704   40.561404209   24.082176690    5.432997459
   -0.095199777    0.554398704   43.368206743    4.943846004    7.621497808
    0.095199777    0.554398704   42.487484182  -13.785410136   10.483913578
    0.285599332    0.554398704   38.478921698  -27.082257666   14.369854785
    0.475998887    0.554398704   32.820042654  -30.544272267   19.158677374
    0.666398442    0.554398704   27.648444844  -21.881229243   24.176065484
    0.856797996    0.554398704   25.213063894   -2.332281249   28.380090964
    1.047197551    0.554398704   27.162616202   23.067674504   30.758716323
    1.237597106    0.554398704   33.933046101   47.119369681   30.743548563
    1.427996661    0.554398704   44.594120065   62.996838871   28.418216333
    1.618396215    0.554398704   57.152272260   66.676916417   24.413100377
    1.808795770    0.554398704   69.182988901   57.666129256   19.605206600
    1.999195325    0.554398704   78.460517744   38.329418943   14.793006409
    2.189594880    0.554398704   83.383001759   12.650470302   10.502810607
    2.379994435    0.554398704   83.170707002  -14.831890491    6.956917811
    2.570393989    0.554398704   77.920509812  -39.522723156    4.140967560
    2.760793544    0.554398704   68.569184677  -57.289855186    1.921475664
    2.951193099    0.554398704   56.747882930  -65.164901292    0.147173934

   -3.141592654    0.923997839   44.294436453  -63.562133578   -0.708973203
   -2.951193099    0.923997839   33.276541166  -51.110493927   -0.198922485
   -2.760793544    0.923997839   25.110612650  -34.545045338    0.469351341
   -2.570393989    0.923997839   20.022261782  -19.696186390    1.006299553
   -2.379994435    0.923997839   17.202955153  -11.222200923    1.223810387
   -2.189594880    0.923997839   15.258780002  -10.358234706    1.066127826
   -1.999195325    0.923997839   12.953806490  -14.214042974    0.617992462
   -1.808795770    0.923997839    9.898101956  -17.245755499    0.062925679
   -1.618396215    0.923997839    6.777031497  -14.230540277   -0.372313142
   -1.427996661    0.923997839    4.996519615   -3.200375261   -0.483043799
   -1.237597106    0.923997839    5.924336006   13.487234034   -0.144090934
   -1.047197551    0.923997839   10.157410048   30.466835406    0.654252456
   -0.856797996    0.923997839   17.196148411   42.139395520    1.841926102
   -0.666398442    0.923997839   25.662181871   45.087790332    3.345768050
   -0.475998887    0.923997839   33.814839026   39.017027901    5.164255776
   -0.285599332    0.923997839   40.106743870   26.099518134    7.419456746
   -0.095199777    0.923997839   43.559131056    9.830722505   10.301706999
    0.095199777    0.923997839   43.915751940   -5.690564645   13.971429418
    0.285599332    0.923997839   41.714446522  -16.376778276   18.379702570
    0.475998887    0.923997839   38.224921664  -18.790818703   23.132966596
    0.666398442    0.923997839   35.219171561  -11.272839737   27.484863264
    0.856797996    0.923997839   34.519322518    4.966903997   30.528789217
    1.047197551    0.923997839   37.423461873   25.658061560   31.528603248
    1.237597106    0.923997839   44.214429676   44.831748109   30.220009188
    1.427996661    0.923997839   54.047687453   56.834409404   26.894505873
    1.618396215    0.923997839   65.194971578   58.317288647   22.234364158
    1.808795770    0.923997839   75.561773747   48.797326027   17.041539994
    1.999195325    0.923997839   83.205230011   30.184695509   12.000880798
    2.189594880    0.923997839   86.700531376    5.859197847    7.579691777
    2.379994435    0.923997839   85.337397733  -20.143368631    4.039564594
    2.570393989    0.923997839   79.204683357  -43.521496759    1.485025217
    2.760793544    0.923997839   69.196174392  -60.227447554   -0.084109299
    2.951193099    0.923997839   56.899057200  -67.239722690   -0.756469518

   -3.141592654    1.293596975   40.769885373  -61.849584226   -5.214748425
   -2.951193099    1.293596975   30.227346691  -47.953983262   -4.011252700
   -2.760793544    1.293596975   22.727120186  -30.873083383   -2.536400771
   -2.570393989    1.293596975   18.310258282  -16.449904457   -1.078492057
   -2.379994435    1.293596975   16.011041012   -9.087716321    0.224850593
   -2.189594880    1.293596975   14.338664621   -9.662464302    1.378863019
   -1.999195325    1.293596975   12.023776390  -15.004773429    2.463125111
   -1.808795770    1.293596975    8.685618325  -19.392569489    3.520566676
   -1.618396215    1.293596975    5.048937847  -17.439742220    4.508416125
   -1.427996661    1.293596975    2.596154005   -6.949715296    5.332158860
   -1.237597106    1.293596975    2.821363655    9.996827027    5.936400655
   -1.047197551    1.293596975    6.493693794   28.228459543    6.377176694
   -0.856797996    1.293596975   13.303789739   42.113137788    6.843312080
   -0.666398442    1.293596975   22.031903427   47.932714210    7.607833376
   -0.475998887    1.293596975   31.016656377   44.897993046    8.940836955
   -0.285599332    1.293596975   38.691153656   34.634939932   11.045024376
   -0.095199777    1.293596975   43.959103987   20.200787441   13.982280811
    0.095199777    1.293596975   46.376072644    5.369259614   17.635619512
    0.285599332    1.293596975   46.240357960   -5.979077408   21.640966469
    0.475998887    1.293596975   44.553683038  -10.482692101   25.382797807
    0.666398442    1.293596975   42.828218245   -6.305713617   28.089825626
    0.856797996    1.293596975   42.693544161    5.879709230   29.066763735
    1.047197551    1.293596975   45.386606856   22.614286707   27.959832344
    1.237597106    1.293596975   51.286127610   38.702764514   24.918705127
    1.427996661    1.293596975   59.759916426   48.890906656   20.507911474
    1.618396215    1.293596975   69.319753318   49.746899793   15.445897151
    1.808795770    1.293596975   78.062233543   40.394951419   10.352428515
    1.999195325    1.293596975   84.156499847   22.357754916    5.633866892
    2.189594880    1.293596975   86.233969650   -1.165096563    1.530439961
    2.379994435    1.293596975   83.630244837  -26.092394309   -1.785867220
    2.570393989    1.293596975   76.498142731  -47.989561525   -4.166806828
    2.760793544    1.293596975   65.815288428  -62.767221070   -5.507139590
    2.951193099    1.293596975   53.240428026  -67.587175015   -5.807501980

   -3.141592654    1.663196111   35.220426221  -59.830483652  -13.653943788
   -2.951193099    1.663196111   25.208362107  -44.540651876  -12.422431925
   -2.760793544    1.663196111   18.418476260  -26.983268459  -10.485426944
   -2.570393989    1.663196111   14.723366274  -12.858798334   -8.079088592
   -2.379994435    1.663196111   13.045067424   -6.187289528   -5.350497163
   -2.189594880    1.663196111   11.855981207   -7.465846534   -2.373438602
   -1.999195325    1.663196111    9.903529302  -13.375076174    0.768915691
   -1.808795770    1.663196111    6.828649373  -18.263562832    3.869907954
   -1.618396215    1.663196111    3.357676985  -16.840988716    6.591855250
   -1.427996661    1.663196111    0.972962696   -6.812567487    8.590586688
   -1.237597106    1.663196111    1.209374176   10.056463464    9.706782006
   -1.047197551    1.663196111    4.942181321   28.931942293   10.096815981
   -0.856797996    1.663196111   12.013738995   44.276919608   10.203778732
   -0.666398442    1.663196111   21.341688827   52.119604336   10.578892557
   -0.475998887    1.663196111   31.325637123   51.170947186   11.642380918
   -0.285599332    1.663196111   40.358206722   42.498694640   13.530607089
   -0.095199777    1.663196111   47.203935826   28.729441447   16.054437151
    0.095199777    1.663196111   51.213396286   13.348517443   18.778662893
    0.285599332    1.663196111   52.441456018    0.145830400   21.118930380
    0.475998887    1.663196111   51.649929800   -7.370774071   22.470009608
    0.666398442    1.663196111   50.169355707   -6.893507999   22.350978616
    0.856797996    1.663196111   49.569717311    1.668358133   20.567024267
    1.047197551    1.663196111   51.182025754   15.677973988   17.304584646
    1.237597106    1.663196111   55.609386976   30.411471233   13.098115779
    1.427996661    1.663196111   62.479935264   40.507302528    8.598386369
    1.618396215    1.663196111   70.496030970   41.971417547    4.308251740
    1.808795770    1.663196111   77.825607324   33.299623520    0.435714342
    1.999195325    1.663196111   82.616002329   15.720933825   -3.054078387
    2.189594880    1.663196111   83.462899610   -7.431396259   -6.253130475
    2.379994435    1.663196111   79.721309387  -31.688523896   -9.143918854
    2.570393989    1.663196111   71.634868821  -52.292905798  -11.556107718
    2.760793544    1.663196111   60.308416304  -65.124892784  -13.233071585
    2.951193099    1.663196111   47.499222642  -67.658157322  -13.958144844

   -3.141592654    2.032795246   28.123415515  -59.700360944  -17.608911076
   -2.951193099    2.032795246   18.303105676  -42.685649235  -16.089414877
   -2.760793544    2.032795246   12.014536024  -23.631877374  -13.707114068
   -2.570393989    2.032795246    9.078871578   -8.278356141  -10.727005878
   -2.379994435    2.032795246    8.370347736   -0.624645389   -7.335817438
   -2.189594880    2.032795246    8.312831847   -1.199154421   -3.616702808
   -1.999195325    2.032795246    7.586892168   -6.859270133    0.371370115
   -1.808795770    2.032795246    5.725069899  -12.169528859    4.448182731
   -1.618396215    2.032795246    3.316762633  -11.885428641    8.257936630
   -1.427996661    2.032795246    1.731179697   -3.409434088   11.371414847
   -1.237597106    2.032795246    2.477828425   12.087351600   13.494177993
   -1.047197551    2.032795246    6.526265856   30.368750181   14.645869623
   -0.856797996    2.032795246   13.896962770   46.141486654   15.164105406
   -0.666398442    2.032795246   23.685418777   55.165694699   15.525428114
   -0.475998887    2.032795246   34.376927543   55.504971720   16.084646769
   -0.285599332    2.032795246   44.314558235   47.509177074   16.896715303
   -0.095199777    2.032795246   52.092674541   33.300145376   17.682120952
    0.095199777    2.032795246   56.829229102   16.206266999   17.950399304
    0.285599332    2.032795246   58.351859528    0.236788280   17.178726320
    0.475998887    2.032795246   57.267561900  -10.564652911   15.022943789
    0.666398442    2.032795246   54.877508198  -13.132549235   11.483935464
    0.856797996    2.032795246   52.874582529   -6.604527565    6.973519271
    1.047197551    2.032795246   52.836655949    6.891059196    2.204751187
    1.237597106    2.032795246   55.661078685   22.564001788   -2.052162202
    1.427996661    2.032795246   61.199467604   34.424437942   -5.302884335
    1.618396215    2.032795246   68.226815583   37.590923672   -7.513842518
    1.808795770    2.032795246   74.828773568   29.888041923   -9.060192771
    1.999195325    2.032795246   78.990699748   12.408701608  -10.467539343
    2.189594880    2.032795246   79.170092299  -11.160595933  -12.107594295
    2.379994435    2.032795246   74.677900464  -35.780235796  -14.023287645
    2.570393989    2.032795246   65.815943681  -56.228076092  -15.942199911
    2.760793544    2.032795246   53.810576841  -68.199922661  -17.424640612
    2.951193099    2.032795246   40.546067880  -69.276294374  -18.058418097

   -3.141592654    2.402394382   20.120722359  -60.558467087  -11.458047681
   -2.951193099    2.402394382   10.348259982  -41.311232275   -9.424022561
   -2.760793544    2.402394382    4.539831426  -19.999397203   -6.881827831
   -2.570393989    2.402394382    2.496562026   -2.591197962   -4.077291061
   -2.379994435    2.402394382    3.041558291    6.789321107   -1.101360855
   -2.189594880    2.402394382    4.527435076    7.514750763    2.135029502
   -1.999195325    2.402394382    5.539458290    2.560706212    5.777285293
   -1.808795770    2.402394382    5.476816142   -2.845918400    9.809703962
   -1.618396215    2.402394382    4.763156094   -3.558127656   13.927897498
   -1.427996661    2.402394382    4.608787343    3.200647655   17.602884216
   -1.237597106    2.402394382    6.426695400   16.726248756   20.309397628
   -1.047197551    2.402394382   11.191113276   33.326424950   21.780580856
   -0.856797996    2.402394382   19.014164809   48.038846804   22.101835599
   -0.666398442    2.402394382   29.109190089   56.542375891   21.599303395
   -0.475998887    2.402394382   40.026917592   56.465693073   20.610043776
   -0.285599332    2.402394382   50.076604893   47.595310128   19.282592025
   -0.095199777    2.402394382   57.721460130   31.652748676   17.513074203
    0.095199777    2.402394382   61.906495814   11.929980050   15.029414369
    0.285599332    2.402394382   62.323852243   -7.117692897   11.561280865
    0.475998887    2.402394382   59.568435738  -20.618689312    7.046438557
    0.666398442    2.402394382   55.103475495  -24.572450257    1.779660086
    0.856797996    2.402394382   50.941763461  -17.487935978   -3.581207857
    1.047197551    2.402394382   49.040750677   -1.509360444   -8.207746358
    1.237597106    2.402394382   50.601006956   17.782861967  -11.409490964
    1.427996661    2.402394382   55.575509928   33.164171350  -12.951135703
    1.618396215    2.402394382   62.606101121   38.620320154  -13.133565263
    1.808795770    2.402394382   69.482199935   31.448159122  -12.623329877
    1.999195325    2.402394382   73.864488240   12.966936952  -12.116899726
    2.189594880    2.402394382   73.984093277  -12.394284660  -12.036527979
    2.379994435    2.402394382   69.085792730  -38.724358701  -12.408285953
    2.570393989    2.402394382   59.554935495  -60.142082271  -12.931701752
    2.760793544    2.402394382   46.794814377  -72.031045585  -13.165407031
    2.951193099    2.402394382   32.892322838  -71.996898993  -12.732022976

   -3.141592654    2.771993518   16.156850587  -59.311012985    1.421846333
   -2.951193099    2.771993518    6.722605198  -39.061677538    3.928063381
   -2.760793544    2.771993518    1.419250283  -17.004000951    6.379763222
   -2.570393989    2.771993518    0.000000000    0.946952341    8.692134758
   -2.379994435    2.771993518    1.271774798   10.914849564   10.976849398
   -2.189594880    2.771993518    3.621408095   12.520401055   13.512225924
   -1.999195325    2.771993518    5.695481550    8.733266401   16.570647828
   -1.808795770    2.771993518    6.919552039    4.440109300   20.180375806
   -1.618396215    2.771993518    7.657256413    4.263798255   23.991688121
   -1.427996661    2.771993518    8.968207628   10.593305327   27.349549497
   -1.237597106    2.771993518   12.073845218   22.716712733   29.549437819
   -1.047197551    2.771993518   17.792646336   37.293946574   30.142159034
   -0.856797996    2.771993518   26.163654410   49.828423846   29.084885727
   -0.666398442    2.771993518   36.401556203   56.279114226   26.674692461
   -0.475998887    2.771993518   47.083120447   54.244435630   23.338774374
   -0.285599332    2.771993518   56.516099998   43.298406753   19.410446367
   -0.095199777    2.771993518   63.123480518   25.009072793   15.025594961
    0.095199777    2.771993518   65.807628743    2.821655629   10.165443718
    0.285599332    2.771993518   64.283686390  -18.276441831    4.802512166
    0.475998887    2.771993518   59.294132657  -32.676580552   -0.914388559
    0.666398442    2.771993518   52.582676229  -35.789095028   -6.544637330
    0.856797996    2.771993518   46.511379169  -26.049026715  -11.406363677
    1.047197551    2.771993518   43.336756509   -6.186333987  -14.804176320
    1.237597106    2.771993518   44.396022112   17.126409224  -16.319189583
    1.427996661    2.771993518   49.557833853   35.560119080  -16.017784804
    1.618396215    2.771993518   57.206435856   42.434141930  -14.405275911
    1.808795770    2.771993518   64.811137529   35.060992253  -12.184751976
    1.999195325    2.771993518   69.772234377   15.328649486   -9.954829456
    2.189594880    2.771993518   70.192950992  -11.573144307   -8.015489782
    2.379994435    2.771993518   65.326994526  -39.099677710   -6.354861278
    2.570393989    2.771993518   55.663592841  -61.026466626   -4.766018338
    2.760793544    2.771993518   42.747294730  -72.678227546   -3.009074723
    2.951193099    2.771993518   28.793440853  -71.824623365   -0.941904225
