#! FIELDS phi psi file.free der_phi der_psi
#! SET min_phi -pi
#! SET max_phi pi
#! SET nbins_phi  33
#! SET periodic_phi true
#! SET min_psi -pi
#! SET max_psi pi
#! SET nbins_psi  17
#! SET periodic_psi true
   -3.141592654   -3.141592654   19.695456659  -55.154321191   13.758362406
   -2.951193099   -3.141592654   10.919974080  -36.300227206   16.611113364
   -2.760793544   -3.141592654    6.023143268  -15.435317458   18.856724877
   -2.570393989   -3.141592654    4.821877180    1.768493417   20.513047088
   -2.379994435   -3.141592654    6.229419321   11.653769237   21.867008998
   -2.189594880   -3.141592654    8.771558919   13.929862278   23.386435473
   -1.999195325   -3.141592654   11.227222295   11.397899761   25.473974668
   -1.808795770   -3.141592654   13.089517736    8.450340212   28.182362347
   -1.618396215   -3.141592654   14.673949657    8.996419977   31.075209627
   -1.427996661   -3.141592654   16.859605667   14.824803188   33.352373884
   -1.237597106   -3.141592654   20.605869580   25.000155784   34.189863852
   -1.047197551   -3.141592654   26.473871660   36.445926751   33.118409292
   -0.856797996   -3.141592654   34.334975172   45.304431399   30.197286822
   -0.666398442   -3.141592654   43.370932146   48.288278647   25.903490515
   -0.475998887   -3.141592654   52.263627196   43.651372165   20.852698955
   -0.285599332   -3.141592654   59.531039161   31.394319591   15.502607034
   -0.095199777   -3.141592654   63.858833086   13.220671897   10.034536049
    0.095199777   -3.141592654   64.409313966   -7.611450299    4.429431415
    0.285599332   -3.141592654   61.096423591  -26.523152903   -1.324229096
    0.475998887   -3.141592654   54.775638044  -38.375183500   -7.017202374
    0.666398442   -3.141592654   47.221634068  -38.952629152  -12.132671269
    0.856797996   -3.141592654   40.768332849  -26.933361281  -15.971543823
    1.047197551   -3.141592654   37.606403977   -5.228491882  -17.937884429
    1.237597106   -3.141592654   38.976328183   19.349375607  -17.820968521
    1.427996661   -3.141592654   44.633439022   38.474202305  -15.912069152
    1.618396215   -3.141592654   52.869281101   45.678345173  -12.849817797
    1.808795770   -3.141592654   61.120113514   38.656624778   -9.329960761
    1.999195325   -3.141592654   66.821736916   19.584516708   -5.837823313
    2.189594880   -3.141592654   68.140145265   -6.365032209   -2.544899239
    2.379994435   -3.141592654   64.356619775  -32.977993882    0.618614508
    2.570393989   -3.141592654   55.911880826  -54.447643620    3.810460463
    2.760793544   -3.141592654   44.236789338  -66.336519267    7.123825216
    2.951193099   -3.141592654   31.414149187  -66.373893933   10.506474648

   -3.141592654   -2.771993518   28.079798110  -49.201134524   22.560600876
   -2.951193099   -2.771993518   20.233391468  -32.562170005   25.175597024
   -2.760793544   -2.771993518   15.834902006  -13.879145607   26.660485101
   -2.570393989   -2.771993518   14.772516309    1.835355109   27.211389434
   -2.379994435   -2.771993518   16.143036573   11.415406438   27.301915791
   -2.189594880   -2.771993518   18.711272512   14.622818058   27.522834350
   -1.999195325   -2.771993518   21.452636804   13.760366842   28.316717677
   -1.808795770   -2.771993518   23.917803150   12.307514720   29.738790225
   -1.618396215   -2.771993518   26.295125951   13.221644896   31.370366007
   -1.427996661   -2.771993518   29.188831460   17.751353886   32.457336470
   -1.237597106   -2.771993518   33.240757902   25.081563591   32.220128821
   -1.047197551   -2.771993518   38.776271079   32.817182555   30.194527693
   -0.856797996   -2.771993518   45.588690217   38.002826591   26.401695114
   -0.666398442   -2.771993518   52.940268055   38.084449644   21.276776851
   -0.475998887   -2.771993518   59.700667623   31.667754994   15.443558265
   -0.285599332   -2.771993518   64.606956523   18.763064729    9.438611979
   -0.095199777   -2.771993518   66.543818555    0.884238767    3.582378922
    0.095199777   -2.771993518   64.831997086  -18.923848491   -1.994258405
    0.285599332   -2.771993518   59.511008589  -36.203205256   -7.191892085
    0.475998887   -2.771993518   51.547794385  -45.843987175  -11.782886515
    0.666398442   -2.771993518   42.823751849  -43.685308465  -15.362506313
    0.856797996   -2.771993518   35.755789657  -28.618074487  -17.469150142
    1.047197551   -2.771993518   32.557824950   -3.962086888  -17.803682050
    1.237597106   -2.771993518   34.406959553   22.997415331  -16.408504185
    1.427996661   -2.771993518   40.917312661   43.650283808  -13.675126227
    1.618396215   -2.771993518   50.217405814   51.581464753  -10.153727792
    1.808795770   -2.771993518   59.622559679   44.848576337   -6.316062861
    1.999195325   -2.771993518   66.527778466   26.065825769   -2.396072551
    2.189594880   -2.771993518   69.127535190    0.657123252    1.606605284
    2.379994435   -2.771993518   66.749793994  -25.223446720    5.791522309
    2.570393989   -2.771993518   59.844265118  -46.096882145   10.197898293
    2.760793544   -2.771993518   49.776611223  -57.936066357   14.690140014
    2.951193099   -2.771993518   38.493943534  -58.762765771   18.948748937

   -3.141592654   -2.402394382   36.693605740  -44.160113462   21.275547740
   -2.951193099   -2.402394382   29.595915058  -29.744733236   23.070425116
   -2.760793544   -2.402394382   25.545904040  -12.921044399   23.835118592
   -2.570393989   -2.402394382   24.557230230    1.829392807   23.844829876
   -2.379994435   -2.402394382   25.923495562   11.556054580   23.524346569
   -2.189594880   -2.402394382   28.605179996   15.772624943   23.290561234
   -1.999195325   -2.402394382   31.684181767   16.120012501   23.366574370
   -1.808795770   -2.402394382   34.668052344   15.219634987   23.672996969
   -1.618396215   -2.402394382   37.546453047   15.310596231   23.839690687
   -1.427996661   -2.402394382   40.629966688   17.406052803   23.347690397
   -1.237597106   -2.402394382   44.281634226   21.101242677   21.742351455
   -1.047197551   -2.402394382   48.680740995   24.920333743   18.834053744
   -0.856797996   -2.402394382   53.670283078   26.966230432   14.765790800
   -0.666398442   -2.402394382   58.736803792   25.421079623    9.931043305
   -0.475998887   -2.402394382   63.062461303   19.020154690    4.814846993
   -0.285599332   -2.402394382   65.664935253    7.376422459   -0.190636704
   -0.095199777   -2.402394382   65.605421641   -8.643520177   -4.850207354
    0.095199777   -2.402394382   62.265689247  -26.497741059   -9.060093766
    0.285599332   -2.402394382   55.681890231  -41.891803248  -12.730138467
    0.475998887   -2.402394382   46.816581841  -49.598182348  -15.685052795
    0.666398442   -2.402394382   37.576573364  -45.303335244  -17.646881325
    0.856797996   -2.402394382   30.415250937  -27.957866984  -18.338395001
    1.047197551   -2.402394382   27.548649235   -1.183118397  -17.631340090
    1.237597106   -2.402394382   30.089636878   27.386457986  -15.651848316
    1.427996661   -2.402394382   37.536067316   48.996060113  -12.740704726
    1.618396215   -2.402394382   47.902559761   57.381239880   -9.290793634
    1.808795770   -2.402394382   58.440809175   50.954909462   -5.590966610
    1.999195325   -2.402394382   66.550053565   32.644716880   -1.754596434
    2.189594880   -2.402394382   70.468871103    7.959812688    2.232396522
    2.379994435   -2.402394382   69.557117465  -17.151703893    6.391910709
    2.570393989   -2.402394382   64.238248242  -37.600960716   10.649274976
    2.760793544   -2.402394382   55.774273462  -49.742572553   14.778648079
    2.951193099   -2.402394382   45.952561251  -51.771768702   18.437989790

   -3.141592654   -2.032795246   42.555252212  -40.965003375   13.947438672
   -2.951193099   -2.032795246   35.904827473  -28.235166424   15.004735025
   -2.760793544   -2.032795246   32.002467798  -12.794166630   15.441247981
   -2.570393989   -2.032795246   30.951540789    1.152486359   15.416658427
   -2.379994435   -2.032795246   32.161446893   10.672411757   15.117190203
   -2.189594880   -2.032795246   34.681751198   14.970120601   14.689628729
   -1.999195325   -2.032795246   37.604595514   15.209911571   14.172232608
   -1.808795770   -2.032795246   40.358377794   13.590525146   13.481933220
   -1.618396215   -2.032795246   42.796032757   12.192438643   12.443737967
   -1.427996661   -2.032795246   45.096196974   12.241117137   10.862511836
   -1.237597106   -2.032795246   47.561221995   13.860025971    8.606134482
   -1.047197551   -2.032795246   50.425482701   16.201767815    5.680906435
   -0.856797996   -2.032795246   53.697647134   17.852045983    2.243522782
   -0.666398442   -2.032795246   57.085221435   17.096323850   -1.444200657
   -0.475998887   -2.032795246   59.972614657   12.343410970   -5.085362501
   -0.285599332   -2.032795246   61.487168508    2.626598970   -8.448815727
   -0.095199777   -2.032795246   60.686800444  -11.755719526  -11.403828904
    0.095199777   -2.032795246   56.865427362  -28.535785565  -13.927647533
    0.285599332   -2.032795246   49.956182562  -43.314395317  -16.025095525
    0.475998887   -2.032795246   40.867611730  -50.491264746  -17.640178152
    0.666398442   -2.032795246   31.528268600  -45.380812783  -18.607914444
    0.856797996   -2.032795246   24.462025668  -26.810451572  -18.706515039
    1.047197551   -2.032795246   21.950461521    1.413072178  -17.778558774
    1.237597106   -2.032795246   25.118165784   31.327990366  -15.849142588
    1.427996661   -2.032795246   33.417011265   53.937785857  -13.128904945
    1.618396215   -2.032795246   44.789575633   62.946439695   -9.913032153
    1.808795770   -2.032795246   56.427056255   56.902177163   -6.466452345
    1.999195325   -2.032795246   65.698020212   38.886383172   -2.961457817
    2.189594880   -2.032795246   70.831793591   14.462939032    0.507507367
    2.379994435   -2.032795246   71.175825612  -10.499482345    3.868621358
    2.570393989   -2.032795246   67.117183603  -31.084954586    7.031600414
    2.760793544   -2.032795246   59.845826790  -43.828000202    9.865439618
    2.951193099   -2.032795246   51.050449690  -47.001996215   12.215369660

   -3.141592654   -1.663196111   41.655981442  -40.568820819   12.450913137
   -2.951193099   -1.663196111   35.132106442  -27.304721606   12.863858654
   -2.760793544   -1.663196111   31.449742152  -11.466163616   12.552912195
   -2.570393989   -1.663196111   30.656937773    2.439913415   11.626863523
   -2.379994435   -1.663196111   32.061227066   11.323338435   10.210895993
   -2.189594880   -1.663196111   34.598427490   14.410695542    8.401148992
   -1.999195325   -1.663196111   37.267440810   13.065234076    6.236445306
   -1.808795770   -1.663196111   39.453805405    9.796350256    3.731930771
   -1.618396215   -1.663196111   41.032621165    7.046487463    0.925644456
   -1.427996661   -1.663196111   42.271999021    6.368565030   -2.090026801
   -1.237597106   -1.663196111   43.614480243    8.088478519   -5.169850107
   -1.047197551   -1.663196111   45.454462444   11.339013651   -8.132778628
   -0.856797996   -1.663196111   47.935358112   14.464007162  -10.794491238
   -0.666398442   -1.663196111   50.835230319   15.357219990  -12.996559265
   -0.475998887   -1.663196111   53.533893346   12.028936719  -14.624780769
   -0.285599332   -1.663196111   55.086321984    3.249606429  -15.652120007
   -0.095199777   -1.663196111   54.445403620  -10.806142809  -16.145402254
    0.095199777   -1.663196111   50.791250548  -27.803486713  -16.262648552
    0.285599332   -1.663196111   43.971759272  -43.128658199  -16.172887669
    0.475998887   -1.663196111   34.865471088  -50.824691298  -15.962425869
    0.666398442   -1.663196111   25.443956104  -45.816590964  -15.574554308
    0.856797996   -1.663196111   18.335710787  -26.701502998  -14.844831971
    1.047197551   -1.663196111   15.945900242    2.655103153  -13.606747511
    1.237597106   -1.663196111   19.483498745   33.969414772  -11.812669224
    1.427996661   -1.663196111   28.409936423   57.819832977   -9.546323225
    1.618396215   -1.663196111   40.602308638   67.566453083   -6.955169305
    1.808795770   -1.663196111   53.137391145   61.590138765   -4.173777883
    1.999195325   -1.663196111   63.256011325   42.997894944   -1.291663416
    2.189594880   -1.663196111   69.079871388   17.535382245    1.621118221
    2.379994435   -1.663196111   69.893868584   -8.640950818    4.474960956
    2.570393989   -1.663196111   66.083669885  -30.286580412    7.146190653
    2.760793544   -1.663196111   58.895809329  -43.667573238    9.476942886
    2.951193099   -1.663196111   50.112828356  -46.945183826   11.294776751

   -3.141592654   -1.293596975   40.761205589  -41.417711679   10.081616971
   -2.951193099   -1.293596975   34.050030620  -28.410387175    9.746212420
   -2.760793544   -1.293596975   30.137956653  -12.779648610    8.891226839
   -2.570393989   -1.293596975   29.067454569    0.797732591    7.569399768
   -2.379994435   -1.293596975   30.107764394    9.088682491    5.766065706
   -2.189594880   -1.293596975   32.138355244   11.275545927    3.396104622
   -1.999195325   -1.293596975   34.109142976    8.859274161    0.358667268
   -1.808795770   -1.293596975   35.400613885    4.658049201   -3.337971960
   -1.618396215   -1.293596975   35.950082194    1.486555478   -7.483359646
   -1.427996661   -1.293596975   36.151153312    1.161424860  -11.662571685
   -1.237597106   -1.293596975   36.600141440    4.036284013  -15.362517993
   -1.047197551   -1.293596975   37.825924761    9.005693942  -18.133150765
   -0.856797996   -1.293596975   40.043783416   14.029516337  -19.722687585
   -0.666398442   -1.293596975   43.027269807   16.610432892  -20.125586028
   -0.475998887   -1.293596975   46.088809738   14.488100827  -19.533096711
   -0.285599332   -1.293596975   48.176585983    6.306550676  -18.250953765
   -0.095199777   -1.293596975   48.122653586   -7.809804369  -16.597996692
    0.095199777   -1.293596975   44.983681724  -25.481643761  -14.848689326
    0.285599332   -1.293596975   38.505285416  -41.913133845  -13.166204785
    0.475998887   -1.293596975   29.517289364  -50.769281848  -11.582939433
    0.666398442   -1.293596975   20.027471769  -46.487900520  -10.020783723
    0.856797996   -1.293596975   12.784489826  -27.301381198   -8.368630444
    1.047197551   -1.293596975   10.355720774    2.952298799   -6.572875691
    1.237597106   -1.293596975   14.080833656   35.675006969   -4.688717044
    1.427996661   -1.293596975   23.472143691   60.952687911   -2.816730617
    1.618396215   -1.293596975   36.367538913   71.717549841   -1.015670640
    1.808795770   -1.293596975   49.740891109   66.124819037    0.740048555
    1.999195325   -1.293596975   60.707308386   47.259293176    2.517944700
    2.189594880   -1.293596975   67.274473806   21.004146827    4.340753250
    2.379994435   -1.293596975   68.648512376   -6.258562917    6.138045441
    2.570393989   -1.293596975   65.183573416  -29.031044444    7.763771304
    2.760793544   -1.293596975   58.139275898  -43.375765009    9.047315130
    2.951193099   -1.293596975   49.340647814  -47.353143024    9.846313350

   -3.141592654   -0.923997839   41.629694900  -43.550633125    5.881778277
   -2.951193099   -0.923997839   34.478402153  -30.845849233    4.523325210
   -2.760793544   -0.923997839   30.094408649  -15.269138936    2.775117809
   -2.570393989   -0.923997839   28.548817087   -1.722409449    0.741493056
   -2.379994435   -0.923997839   29.088948724    6.294892750   -1.592015756
   -2.189594880   -0.923997839   30.529664922    7.800743557   -4.358375141
   -1.999195325   -0.923997839   31.746180070    4.382257623   -7.701387252
   -1.808795770   -0.923997839   32.087494316   -0.799735327  -11.589133778
   -1.618396215   -0.923997839   31.540154228   -4.454499837  -15.692066547
   -1.427996661   -0.923997839   30.631833424   -4.380822293  -19.413031977
   -1.237597106   -0.923997839   30.142001165   -0.119986977  -22.078584314
   -1.047197551   -0.923997839   30.772025455    7.001694947  -23.200501119
   -0.856797996   -0.923997839   32.841129688   14.474574835  -22.658086444
   -0.666398442   -0.923997839   36.126678795   19.253054492  -20.715241392
   -0.475998887   -0.923997839   39.846749619   18.610842381  -17.880899710
   -0.285599332   -0.923997839   42.783223784   10.927346424  -14.702781773
   -0.095199777   -0.923997839   43.576036149   -3.695053845  -11.590875375
    0.095199777   -0.923997839   41.110497990  -22.608213009   -8.747460731
    0.285599332   -0.923997839   35.037132804  -40.518231571   -6.171711037
    0.475998887   -0.923997839   26.199397688  -50.480015834   -3.755547266
    0.666398442   -0.923997839   16.724107445  -46.471926875   -1.407363578
    0.856797996   -0.923997839    9.531496026  -26.663486901    0.844408457
    1.047197551   -0.923997839    7.331597037    4.749132346    2.832794464
    1.237597106   -0.923997839   11.514596193   38.634910594    4.329567588
    1.427996661   -0.923997839   21.550571904   64.670104418    5.211227689
    1.618396215   -0.923997839   35.185300429   75.675950902    5.556385213
    1.808795770   -0.923997839   49.301270622   69.903782313    5.621034424
    1.999195325   -0.923997839   60.946060340   50.557384995    5.699900881
    2.189594880   -0.923997839   68.076436390   23.579351582    5.967521499
    2.379994435   -0.923997839   69.854271704   -4.624615578    6.405484737
    2.570393989   -0.923997839   66.598476005  -28.481892102    6.834534270
    2.760793544   -0.923997839   59.553273714  -43.920889130    7.009421749
    2.951193099   -0.923997839   50.557783199  -48.836764748    6.723442278

   -3.141592654   -0.554398704   42.857106939  -47.198108409    2.775938495
   -2.951193099   -0.554398704   34.933935620  -35.221369160    0.366327165
   -2.760793544   -0.554398704   29.682475658  -19.930953233   -2.300737094
   -2.570393989   -0.554398704   27.243383445   -6.432648027   -5.013636502
   -2.379994435   -0.554398704   26.876032098    1.428660884   -7.728622301
   -2.189594880   -0.554398704   27.349281412    2.447315737  -10.584462136
   -1.999195325   -0.554398704   27.481908904   -1.643709780  -13.746429750
   -1.808795770   -0.554398704   26.631963312   -7.176880648  -17.161261906
   -1.618396215   -0.554398704   24.906691400  -10.254769144  -20.416402635
   -1.427996661   -0.554398704   23.046760400   -8.363965936  -22.825515201
   -1.237597106   -0.554398704   22.056601266   -1.262304748  -23.715305028
   -1.047197551   -0.554398704   22.773773056    9.051770422  -22.757581473
   -0.856797996   -0.554398704   25.504870337   19.238703185  -20.129847802
   -0.666398442   -0.554398704   29.871857058   25.630262916  -16.422691918
   -0.475998887   -0.554398704   34.855776519   25.293107335  -12.376227627
   -0.285599332   -0.554398704   39.003144895   16.817227798   -8.576569167
   -0.095199777   -0.554398704   40.790236548    0.804250308   -5.274840843
    0.095199777   -0.554398704   39.046334955  -19.475633462   -2.377647852
    0.285599332   -0.554398704   33.478815116  -38.215897048    0.423074957
    0.475998887   -0.554398704   25.061633731  -48.245921128    3.415786217
    0.666398442   -0.554398704   16.056849919  -43.711162143    6.646555406
    0.856797996   -0.554398704    9.454263438  -23.269026474    9.821365017
    1.047197551   -0.554398704    7.931819680    8.348702185   12.404377472
    1.237597106   -0.554398704   12.767577255   41.773770683   13.872775120
    1.427996661   -0.554398704   23.315559560   66.854258992   14.009912458
    1.618396215   -0.554398704   37.268173731   76.853968661   13.020158325
    1.808795770   -0.554398704   51.537600112   70.410134129   11.421171211
    1.999195325   -0.554398704   63.249361711   50.814858397    9.785961699
    2.189594880   -0.554398704   70.425183120   23.808070230    8.488202434
    2.379994435   -0.554398704   72.237099154   -4.540547887    7.589335880
    2.570393989   -0.554398704   68.955326205  -28.911321212    6.877669621
    2.760793544   -0.554398704   61.744837582  -45.285445909    6.011220613
    2.951193099   -0.554398704   52.378752836  -51.384196741    4.687442479

   -3.141592654   -0.184799568   43.323315508  -52.208503101    0.279340851
   -2.951193099   -0.184799568   34.368310430  -40.937371129   -2.486118452
   -2.760793544   -0.184799568   28.004324749  -25.805367712   -5.345174352
   -2.570393989   -0.184799568   24.462532145  -12.108140413   -8.075028792
   -2.379994435   -0.184799568   23.034184862   -4.072777861  -10.636059519
   -2.189594880   -0.184799568   22.456312061   -3.131957755  -13.176617528
   -1.999195325   -0.184799568   21.511278561   -7.345866611  -15.846877722
   -1.808795770   -0.184799568   19.602222852  -12.445143352  -18.541367338
   -1.618396215   -0.184799568   17.005750132  -13.907021440  -20.779244354
   -1.427996661   -0.184799568   14.711577971   -9.069381023  -21.850515545
   -1.237597106   -0.184799568   13.935882466    1.744683320  -21.166672262
   -1.047197551   -0.184799568   15.564767956   15.474224642  -18.614494984
   -0.856797996   -0.184799568   19.742825460   27.730074055  -14.660963769
   -0.666398442   -0.184799568   25.777504782   34.337898053  -10.146800670
   -0.475998887   -0.184799568   32.308132661   32.617790423   -5.913870430
   -0.285599332   -0.184799568   37.649621423   21.991825310   -2.438540579
   -0.095199777   -0.184799568   40.232320783    4.106191794    0.311683599
    0.095199777   -0.184799568   39.022246278  -16.948806092    2.786586836
    0.285599332   -0.184799568   33.969678902  -35.129750916    5.569474175
    0.475998887   -0.184799568   26.270591953  -43.718801209    9.022468860
    0.666398442   -0.184799568   18.268960132  -37.820373653   13.023452851
    0.856797996   -0.184799568   12.841569591  -17.071677113   16.944649467
    1.047197551   -0.184799568   12.407512007   13.309889258   19.906793908
    1.237597106   -0.184799568   17.966672314   44.263929989   21.186366159
    1.427996661   -0.184799568   28.718274526   66.532612006   20.567532170
    1.618396215   -0.184799568   42.386438893   74.356097882   18.410425250
    1.808795770   -0.184799568   56.065016318   66.913065351   15.446961507
    1.999195325   -0.184799568   67.105603229   47.414054752   12.436644314
    2.189594880   -0.184799568   73.692903724   21.067926550    9.875865655
    2.379994435   -0.184799568   75.044052474   -6.703921500    7.883788533
    2.570393989   -0.184799568   71.363932662  -31.045633458    6.256694254
    2.760793544   -0.184799568   63.694649066  -48.070237777    4.633152331
    2.951193099   -0.184799568   53.696889992  -55.279018477    2.687002137

   -3.141592654    0.184799568   43.127137326  -56.871280899   -2.213670474
   -2.951193099    0.184799568   33.234886638  -46.014360075   -4.436231731
   -2.760793544    0.184799568   25.903040733  -30.811584315   -6.529185383
   -2.570393989    0.184799568   21.440374862  -16.749577977   -8.412364650
   -2.379994435    0.184799568   19.161337448   -8.394416980  -10.148178767
   -2.189594880    0.184799568   17.776485246   -7.300652725  -11.906647626
   -1.999195325    0.184799568   16.058696902  -11.220061727  -13.782187734
   -1.808795770    0.184799568   13.494685246  -15.272856192  -15.591554909
   -1.618396215    0.184799568   10.554587765  -14.476665862  -16.824342545
   -1.427996661    0.184799568    8.454959565   -6.330532595  -16.838529614
   -1.237597106    0.184799568    8.538152229    7.952908684  -15.209933092
   -1.047197551    0.184799568   11.605402820   24.100668921  -12.033233184
   -0.856797996    0.184799568   17.504034753   36.819716240   -7.936024735
   -0.666398442    0.184799568   25.149192489   41.861587273   -3.786934949
   -0.475998887    0.184799568   32.857978683   37.363528239   -0.285184137
   -0.285599332    0.184799568   38.834544341   24.036842378    2.376651846
   -0.095199777    0.184799568   41.644593017    4.732304543    4.556677059
    0.095199777    0.184799568   40.567500860  -15.864008399    6.946855623
    0.285599332    0.184799568   35.898875483  -31.986093425   10.176539696
    0.475998887    0.184799568   29.048705000  -37.978585166   14.425642757
    0.666398442    0.184799568   22.331197842  -30.338359880   19.229331182
    0.856797996    0.184799568   18.348530076   -9.763774856   23.602433215
    1.047197551    0.184799568   19.118580093   18.320123125   26.447584650
    1.237597106    0.184799568   25.294510969   45.608477205   27.039223815
    1.427996661    0.184799568   35.935375250   64.127257115   25.328285611
    1.618396215    0.184799568   48.867592162   69.283578336   21.894371677
    1.808795770    0.184799568   61.453586127   60.789275753   17.638464099
    1.999195325    0.184799568   71.344430847   41.657039693   13.402908011
    2.189594880    0.184799568   76.936308625   16.430862526    9.714120192
    2.379994435    0.184799568   77.515930360  -10.233104268    6.721811406
    2.570393989    0.184799568   73.227680766  -34.027197172    4.282409805
    2.760793544    0.184799568   64.983197092  -51.241912613    2.121225285
    2.951193099    0.184799568   54.318219668  -59.165262843   -0.007959237

   -3.141592654    0.554398704   44.513791522  -59.212540106   -1.872660851
   -2.951193099    0.554398704   34.108680660  -49.016882306   -2.930152746
   -2.760793544    0.554398704   26.158741183  -34.240509478   -3.880189743
   -2.570393989    0.554398704   21.026517515  -20.301977703   -4.787580952
   -2.379994435    0.554398704   18.077217329  -11.852574829   -5.746146813
   -2.189594880    0.554398704   16.055653281  -10.492997737   -6.841726822
   -1.999195325    0.554398704   13.777301855  -13.837889698   -8.047028772
   -1.808795770    0.554398704   10.813545611  -16.735043625   -9.138513763
   -1.618396215    0.554398704    7.762413249  -14.073829998   -9.716716331
   -1.427996661    0.554398704    5.954179703   -3.653634231   -9.371332828
   -1.237597106    0.554398704    6.745168572   12.580539644   -7.906699487
   -1.047197551    0.554398704   10.795374660   29.557092806   -5.497807430
   -0.856797996    0.554398704   17.692419614   41.613928274   -2.626141905
   -0.666398442    0.554398704   26.091808496   44.865830517    0.172800862
   -0.475998887    0.554398704   34.181123578   38.430445986    2.589391237
   -0.285599332    0.554398704   40.244781641   24.118060245    4.721702524
   -0.095199777    0.554398704   43.107097236    5.500218997    7.010825796
    0.095199777    0.554398704   42.374929131  -12.792086272   10.014866660
    0.285599332    0.554398704   38.580893078  -25.852295094   14.069618555
    0.475998887    0.554398704   33.153552604  -29.388518023   19.015636234
    0.666398442    0.554398704   28.165231100  -21.160462187   24.114997818
    0.856797996    0.554398704   25.796336870   -2.393571848   28.255191461
    1.047197551    0.554398704   27.637102280   21.958155366   30.380159306
    1.237597106    0.554398704   34.083658751   44.828356965   29.936007755
    1.427996661    0.554398704   44.199574990   59.610407899   27.088237762
    1.618396215    0.554398704   56.037795858   62.611862382   22.590627107
    1.808795770    0.554398704   67.289010268   53.713660775   17.438038995
    1.999195325    0.554398704   75.904326308   35.507143732   12.499710915
    2.189594880    0.554398704   80.470760125   11.861320329    8.307477810
    2.379994435    0.554398704   80.336265133  -13.218477398    5.035622505
    2.570393989    0.554398704   75.596166558  -35.896591974    2.593696348
    2.760793544    0.554398704   67.046168592  -52.697489027    0.766998828
    2.951193099    0.554398704   56.088383047  -60.871764194   -0.667755878

   -3.141592654    0.923997839   44.416958365  -60.229606819   -1.908676162
   -2.951193099    0.923997839   33.859419578  -49.577668093   -1.438174867
   -2.760793544    0.923997839   25.842684429  -34.383466577   -0.810107607
   -2.570393989    0.923997839   20.712757619  -20.161350431   -0.308900060
   -2.379994435    0.923997839   17.797557907  -11.677843058   -0.129873745
   -2.189594880    0.923997839   15.790567022  -10.547003397   -0.334512592
   -1.999195325    0.923997839   13.468967380  -14.235494807   -0.834017001
   -1.808795770    0.923997839   10.405431415  -17.343916915   -1.426998780
   -1.618396215    0.923997839    7.242105043  -14.592721740   -1.863417256
   -1.427996661    0.923997839    5.364778382   -3.836488466   -1.923677262
   -1.237597106    0.923997839    6.154984826   12.721562069   -1.485133347
   -1.047197551    0.923997839   10.245009389   29.777352213   -0.557814347
   -0.856797996    0.923997839   17.171946884   41.691677633    0.757878760
   -0.666398442    0.923997839   25.579919328   44.939075326    2.359322960
   -0.475998887    0.923997839   33.730891599   39.150228408    4.227315206
   -0.285599332    0.923997839   40.070937895   26.474025647    6.484724507
   -0.095199777    0.923997839   43.613965390   10.418864381    9.342044974
    0.095199777    0.923997839   44.098847687   -4.930903367   12.988870696
    0.285599332    0.923997839   42.048197641  -15.572701349   17.397053264
    0.475998887    0.923997839   38.695303790  -18.201808004   22.167812068
    0.666398442    0.923997839   35.752319590  -11.253300417   26.518964305
    0.856797996    0.923997839   34.971884590    4.061149416   29.494301151
    1.047197551    0.923997839   37.594871716   23.593062100   30.325598782
    1.237597106    0.923997839   43.877631609   41.585004301   28.762521967
    1.427996661    0.923997839   52.997292411   52.665466322   25.160937784
    1.618396215    0.923997839   63.306205169   53.815458528   20.291441921
    1.808795770    0.923997839   72.851837867   44.853065245   15.025127704
    1.999195325    0.923997839   79.876858889   27.804195675   10.063562901
    2.189594880    0.923997839   83.133529730    5.838455173    5.831963599
    2.379994435    0.923997839   82.013266371  -17.592298276    2.516833151
    2.570393989    0.923997839   76.572161908  -38.952113653    0.151751142
    2.760793544    0.923997839   67.533569231  -54.828272617   -1.303199868
    2.951193099    0.923997839   56.232162771  -62.376788109   -1.939078401

   -3.141592654    1.293596975   40.804749051  -59.008532310   -6.172202738
   -2.951193099    1.293596975   30.632191887  -46.864457724   -5.240240029
   -2.760793544    1.293596975   23.206374833  -31.050304205   -3.948554345
   -2.570393989    1.293596975   18.693817824  -17.148712880   -2.589102654
   -2.379994435    1.293596975   16.262359874   -9.694980317   -1.340816152
   -2.189594880    1.293596975   14.505523669   -9.925471215   -0.241571097
   -1.999195325    1.293596975   12.170069592  -14.983906311    0.770209333
   -1.808795770    1.293596975    8.848675383  -19.260778433    1.754427432
   -1.618396215    1.293596975    5.236451494  -17.323403866    2.703909954
   -1.427996661    1.293596975    2.802582650   -6.854125754    3.552380562
   -1.237597106    1.293596975    3.047518024   10.130628209    4.246817379
   -1.047197551    1.293596975    6.750842409   28.433395248    4.815654708
   -0.856797996    1.293596975   13.601872033   42.338588352    5.401560054
   -0.666398442    1.293596975   22.363547583   48.047749562    6.231819279
   -0.475998887    1.293596975   31.349743572   44.796224125    7.551059669
   -0.285599332    1.293596975   38.982933673   34.325394875    9.566961610
   -0.095199777    1.293596975   44.181784436   19.831929816   12.376751963
    0.095199777    1.293596975   46.537841936    5.138672398   15.915235079
    0.285599332    1.293596975   46.378825283   -5.982448278   19.865016083
    0.475998887    1.293596975   44.703184805  -10.395945262   23.630993835
    0.666398442    1.293596975   42.975167916   -6.478565357   26.426465538
    0.856797996    1.293596975   42.746608914    5.007545623   27.513994579
    1.047197551    1.293596975   45.177662603   20.700010679   26.496656664
    1.237597106    1.293596975   50.602544559   35.652349484   23.508899970
    1.427996661    1.293596975   58.403371405   44.957566101   19.141237103
    1.618396215    1.293596975   67.176167968   45.556983263   14.164948586
    1.808795770    1.293596975   75.166372003   36.864817206    9.243863227
    1.999195325    1.293596975   80.728397654   20.457093149    4.783602615
    2.189594880    1.293596975   82.657117691   -0.743393937    0.965274475
    2.379994435    1.293596975   80.366687095  -23.264720613   -2.133468792
    2.570393989    1.293596975   73.955322081  -43.400150700   -4.447689494
    2.760793544    1.293596975   64.220489474  -57.612041847   -5.901764143
    2.951193099    1.293596975   52.575536283  -63.153631329   -6.456672970

   -3.141592654    1.663196111   35.301937724  -58.128352562  -14.199391394
   -2.951193099    1.663196111   25.465181863  -44.322781059  -13.333051643
   -2.760793544    1.663196111   18.620082094  -27.645706536  -11.621777746
   -2.570393989    1.663196111   14.771504485  -13.697405048   -9.321730543
   -2.379994435    1.663196111   12.956641108   -6.724323125   -6.641108489
   -2.189594880    1.663196111   11.705494016   -7.582394473   -3.711284177
   -1.999195325    1.663196111    9.762042790  -13.193870869   -0.636497502
   -1.808795770    1.663196111    6.736130585  -17.945540546    2.398387613
   -1.618396215    1.663196111    3.330502352  -16.473933288    5.096253027
   -1.427996661    1.663196111    1.019358259   -6.394705746    7.137780453
   -1.237597106    1.663196111    1.339198442   10.522607736    8.351498999
   -1.047197551    1.663196111    5.158119108   29.361651844    8.843708144
   -0.856797996    1.663196111   12.293173505   44.494762386    8.991793763
   -0.666398442    1.663196111   21.624984335   51.924242226    9.296446508
   -0.475998887    1.663196111   31.523317995   50.476022055   10.170493717
   -0.285599332    1.663196111   40.383012314   41.425567279   11.793469902
   -0.095199777    1.663196111   47.011484698   27.598956250   14.057981114
    0.095199777    1.663196111   50.829794478   12.538900530   16.619390483
    0.285599332    1.663196111   51.952965368   -0.119376483   18.958846185
    0.475998887    1.663196111   51.157733536   -7.176831621   20.488020334
    0.666398442    1.663196111   49.727561661   -6.632811723   20.689702477
    0.856797996    1.663196111   49.139263518    1.445448777   19.297151275
    1.047197551    1.663196111   50.623200838   14.499201782   16.421386937
    1.237597106    1.663196111   54.716599284   28.095656751   12.549899770
    1.427996661    1.663196111   61.052282765   37.294540576    8.330238307
    1.618396215    1.663196111   68.420151588   38.527573519    4.294501859
    1.808795770    1.663196111   75.144406381   30.566333120    0.680688236
    1.999195325    1.663196111   79.555079914   14.605475398   -2.550250611
    2.189594880    1.663196111   80.388984468   -6.404673214   -5.542560448
    2.379994435    1.663196111   77.041673823  -28.649545549   -8.358302624
    2.570393989    1.663196111   69.666233521  -48.029824244  -10.889050276
    2.760793544    1.663196111   59.175027750  -60.807857804  -12.881063594
    2.951193099    1.663196111   47.102973303  -64.366091156  -14.047841936

   -3.141592654    2.032795246   28.172811601  -58.974287665  -17.420021596
   -2.951193099    2.032795246   18.372597881  -43.104950188  -16.342412743
   -2.760793544    2.032795246   11.942559734  -24.572278423  -14.240305434
   -2.570393989    2.032795246    8.827168976   -9.138070257  -11.391556455
   -2.379994435    2.032795246    7.990590464   -1.072974173   -8.038840843
   -2.189594880    2.032795246    7.889330636   -1.223166556   -4.323643887
   -1.999195325    2.032795246    7.187864118   -6.605053048   -0.336346342
   -1.808795770    2.032795246    5.389478939  -11.762300441    3.740566096
   -1.618396215    2.032795246    3.067973294  -11.377420215    7.557678167
   -1.427996661    2.032795246    1.586782927   -2.815802857   10.676470561
   -1.237597106    2.032795246    2.447178249   12.677551047   12.770537412
   -1.047197551    2.032795246    6.590572798   30.746184648   13.814168301
   -0.856797996    2.032795246   13.989562146   46.028174725   14.112161416
   -0.666398442    2.032795246   23.690152771   54.342691485   14.144640357
   -0.475998887    2.032795246   34.154857940   53.978815836   14.319413870
   -0.285599332    2.032795246   43.756442352   45.590631135   14.783003285
   -0.095199777    2.032795246   51.173500454   31.543444606   15.358318689
    0.095199777    2.032795246   55.637369445   15.193450435   15.632846297
    0.285599332    2.032795246   57.066236967    0.298603464   15.108525908
    0.475998887    2.032795246   56.089986337   -9.540066258   13.405187139
    0.666398442    2.032795246   53.945219774  -11.689622576   10.439682318
    0.856797996    2.032795246   52.195051394   -5.512520484    6.522148040
    1.047197551    2.032795246   52.274605776    6.951067103    2.282048981
    1.237597106    2.032795246   54.982518593   21.281857954   -1.549615265
    1.427996661    2.032795246   60.160352191   32.012050039   -4.467922044
    1.618396215    2.032795246   66.672498177   34.752659902   -6.397637330
    1.808795770    2.032795246   72.769187985   27.602061895   -7.676701278
    1.999195325    2.032795246   76.620232442   11.557751258   -8.832910911
    2.189594880    2.032795246   76.812871610  -10.142502267  -10.291102806
    2.379994435    2.032795246   72.679091053  -33.123509324  -12.175972481
    2.570393989    2.032795246   64.416832184  -52.747512329  -14.277858583
    2.760793544    2.032795246   53.067011102  -64.959337290  -16.157265509
    2.951193099    2.032795246   40.323724396  -67.134376012  -17.324049592

   -3.141592654    2.402394382   20.482154363  -60.592665827  -11.376126151
   -2.951193099    2.402394382   10.607837526  -42.239048259   -9.668189036
   -2.760793544    2.402394382    4.586479865  -21.189569673   -7.293353836
   -2.570393989    2.402394382    2.334115071   -3.527104318   -4.523499130
   -2.379994435    2.402394382    2.743883431    6.325656556   -1.506275995
   -2.189594880    2.402394382    4.182357912    7.461022927    1.792875681
   -1.999195325    2.402394382    5.209878899    2.751624501    5.486664135
   -1.808795770    2.402394382    5.195898251   -2.527134248    9.544802591
   -1.618396215    2.402394382    4.549110654   -3.174903479   13.648819180
   -1.427996661    2.402394382    4.467808213    3.579027189   17.244449530
   -1.237597106    2.402394382    6.343209665   16.927161428   19.776555072
   -1.047197551    2.402394382   11.106314711   33.076174580   20.960171335
   -0.856797996    2.402394382   18.815418074   47.067327063   20.895051927
   -0.666398442    2.402394382   28.645530699   54.744446643   19.962545264
   -0.475998887    2.402394382   39.155451441   54.052445115   18.589314837
   -0.285599332    2.402394382   48.727848544   45.119990401   17.022891483
   -0.095199777    2.402394382   55.953873669   29.872926331   15.235590797
    0.095199777    2.402394382   59.921066019   11.519000548   12.980989775
    0.285599332    2.402394382   60.415296157   -5.888059748    9.951548386
    0.475998887    2.402394382   58.029413632  -18.056732240    5.997714450
    0.666398442    2.402394382   54.116162971  -21.495651521    1.307523809
    0.856797996    2.402394382   50.506402186  -14.924927315   -3.549791816
    1.047197551    2.402394382   48.972927475   -0.310507825   -7.788375427
    1.237597106    2.402394382   50.597466946   17.264970477  -10.707849541
    1.427996661    2.402394382   55.325947254   31.207979862  -12.028089172
    1.618396215    2.402394382   61.907977037   36.044236112  -12.001327965
    1.808795770    2.402394382   68.317905298   29.318300774  -11.273274688
    1.999195325    2.402394382   72.410681957   12.177548838  -10.565817419
    2.189594880    2.402394382   72.541680075  -11.473703224  -10.365407355
    2.379994435    2.402394382   67.961062881  -36.411541395  -10.771020735
    2.570393989    2.402394382   58.937488165  -57.287879512  -11.521627824
    2.760793544    2.402394382   46.691302221  -69.630098267  -12.152924228
    2.951193099    2.402394382   33.142129997  -70.747402723  -12.200115945

   -3.141592654    2.771993518   16.822892069  -59.803567299    0.856474677
   -2.951193099    2.771993518    7.211131382  -40.316764851    3.171822370
   -2.760793544    2.771993518    1.647284026  -18.366445327    5.568443688
   -2.570393989    2.771993518    0.000000000   -0.018455054    7.918233521
   -2.379994435    2.771993518    1.142116716   10.534064323   10.278973781
   -2.189594880    2.771993518    3.467866245   12.623498479   12.886183312
   -1.999195325    2.771993518    5.590055180    9.099755715   15.987613189
   -1.808795770    2.771993518    6.891112697    4.865086920   19.594854169
   -1.618396215    2.771993518    7.700301391    4.569458539   23.337005701
   -1.427996661    2.771993518    9.043080309   10.601495759   26.535740093
   -1.237597106    2.771993518   12.102837058   22.199923674   28.477054016
   -1.047197551    2.771993518   17.653137755   36.022436611   28.731692402
   -0.856797996    2.771993518   25.698596061   47.690445615   27.312350792
   -0.666398442    2.771993518   35.455246647   53.421785850   24.596819010
   -0.475998887    2.771993518   45.559943110   51.160102939   21.096157704
   -0.285599332    2.771993518   54.443437122   40.763251443   17.202000862
   -0.095199777    2.771993518   60.686703200   23.862137726   13.061058621
    0.095199777    2.771993518   63.332404188    3.627935688    8.610107752
    0.285599332    2.771993518   62.151868838  -15.519632751    3.734095476
    0.475998887    2.771993518   57.824281868  -28.627543108   -1.517529272
    0.666398442    2.771993518   51.919032630  -31.564981522   -6.778651650
    0.856797996    2.771993518   46.572645204  -22.824423033  -11.390561766
    1.047197551    2.771993518   43.846866693   -4.773553526  -14.627905550
    1.237597106    2.771993518   44.981707582   16.548716294  -16.011622860
    1.427996661    2.771993518   49.877122155   33.481940399  -15.555293893
    1.618396215    2.771993518   57.060883051   39.824558638  -13.748103133
    1.808795770    2.771993518   64.205520526   33.022662952  -11.323815055
    1.999195325    2.771993518   68.901632309   14.685625127   -8.946109432
    2.189594880    2.771993518   69.357240366  -10.574953387   -6.984351629
    2.379994435    2.771993518   64.808503227  -36.882448127   -5.469135560
    2.570393989    2.771993518   55.614291799  -58.475685073   -4.185772696
    2.760793544    2.771993518   43.137599840  -70.737999428   -2.834793093
    2.951193099    2.771993518   29.442240710  -71.090153043   -1.179419426
