#! FIELDS phi psi file.free der_phi der_psi
#! SET min_phi -pi
#! SET max_phi pi
#! SET nbins_phi  33
#! SET periodic_phi true
#! SET min_psi -pi
#! SET max_psi pi
#! SET nbins_psi  17
#! SET periodic_psi true
   -3.141592654   -3.141592654   19.918063377  -55.545530321   13.286795214
   -2.951193099   -3.141592654   11.051719232  -36.836333015   16.153587388
   -2.760793544   -3.141592654    6.050772693  -15.963416205   18.431365374
   -2.570393989   -3.141592654    4.759512562    1.370574246   20.127655007
   -2.379994435   -3.141592654    6.109377517   11.451767416   21.522582038
   -2.189594880   -3.141592654    8.632381094   13.926004762   23.081302486
   -1.999195325   -3.141592654   11.102368734   11.540338367   25.205150924
   -1.808795770   -3.141592654   12.999234710    8.656314352   27.944614185
   -1.618396215   -3.141592654   14.622048211    9.180969118   30.858740949
   -1.427996661   -3.141592654   16.835152737   14.923434412   33.141576256
   -1.237597106   -3.141592654   20.588719807   24.976223150   33.965716922
   -1.047197551   -3.141592654   26.439729420   36.293458099   32.864719066
   -0.856797996   -3.141592654   34.260681369   45.040531506   29.908483278
   -0.666398442   -3.141592654   43.238834897   47.955976101   25.589484482
   -0.475998887   -3.141592654   52.067706002   43.330363547   20.538947188
   -0.285599332   -3.141592654   59.284010402   31.200670453   15.223209195
   -0.095199777   -3.141592654   63.596699273   13.274067360    9.821077834
    0.095199777   -3.141592654   64.187089404   -7.239098854    4.299850017
    0.285599332   -3.141592654   60.974522853  -25.854030337   -1.373023125
    0.475998887   -3.141592654   54.800497953  -37.529183398   -7.009445257
    0.666398442   -3.141592654   47.409550670  -38.118302993  -12.106253841
    0.856797996   -3.141592654   41.097896261  -26.309962247  -15.964558327
    1.047197551   -3.141592654   38.021675192   -4.968973867  -17.974702343
    1.237597106   -3.141592654   39.400948986   19.190033511  -17.904257637
    1.427996661   -3.141592654   44.992924667   37.975516301  -16.025981684
    1.618396215   -3.141592654   53.116962744   45.046945929  -12.973631701
    1.808795770   -3.141592654   61.255550347   38.151553418   -9.455044405
    1.999195325   -3.141592654   66.889799960   19.403452619   -5.976050027
    2.189594880   -3.141592654   68.209012743   -6.184525631   -2.724351987
    2.379994435   -3.141592654   64.484496148  -32.572796117    0.368906996
    2.570393989   -3.141592654   56.120080206  -54.048876457    3.476910460
    2.760793544   -3.141592654   44.503096693  -66.149958974    6.715100306
    2.951193099   -3.141592654   31.686953006  -66.493797918   10.049591679

   -3.141592654   -2.771993518   28.078753398  -49.493344921   21.983589442
   -2.951193099   -2.771993518   20.164165807  -32.964741590   24.663104792
   -2.760793544   -2.771993518   15.687839246  -14.269839053   26.220399322
   -2.570393989   -2.771993518   14.560322401    1.558375180   26.834678757
   -2.379994435   -2.771993518   15.893916449   11.310191325   26.972280769
   -2.189594880   -2.771993518   18.459103279   14.691408232   27.225013056
   -1.999195325   -2.771993518   21.226335760   13.951374619   28.039499332
   -1.808795770   -2.771993518   23.732754507   12.534009109   29.473716850
   -1.618396215   -2.771993518   26.149137400   13.391358724   31.108282332
   -1.427996661   -2.771993518   29.063827013   17.796492757   32.186042616
   -1.237597106   -2.771993518   33.109879770   24.975358440   31.925619395
   -1.047197551   -2.771993518   38.611968483   32.579905612   29.866137958
   -0.856797996   -2.771993518   45.370844651   37.689416847   26.038215752
   -0.666398442   -2.771993518   52.661585120   37.774843636   20.890297576
   -0.475998887   -2.771993518   59.371116546   31.461168147   15.058786203
   -0.285599332   -2.771993518   64.256366821   18.766569864    9.086027585
   -0.095199777   -2.771993518   66.220707717    1.179259126    3.287570706
    0.095199777   -2.771993518   64.594527015  -18.323328439   -2.220716201
    0.285599332   -2.771993518   59.411198285  -35.379132140   -7.360247695
    0.475998887   -2.771993518   51.613697921  -44.958426759  -11.921967031
    0.666398442   -2.771993518   43.048287661  -42.935003878  -15.510075384
    0.856797996   -2.771993518   36.096291223  -28.172497404  -17.657319383
    1.047197551   -2.771993518   32.945669248   -3.917319005  -18.046066425
    1.237597106   -2.771993518   34.764579024   22.645290291  -16.695627982
    1.427996661   -2.771993518   41.178109239   43.013797663  -13.982189351
    1.618396215   -2.771993518   50.345266078   50.861142585  -10.458243126
    1.808795770   -2.771993518   59.623331209   44.269564814   -6.615639828
    1.999195325   -2.771993518   66.445548324   25.789981182   -2.713453116
    2.189594880   -2.771993518   69.024923704    0.710871019    1.234572005
    2.379994435   -2.771993518   66.680468003  -24.955684672    5.335608611
    2.570393989   -2.771993518   59.831235584  -45.806112333    9.655658967
    2.760793544   -2.771993518   49.806886194  -57.792200371   14.089557841
    2.951193099   -2.771993518   38.529963835  -58.847677956   18.336885048

   -3.141592654   -2.402394382   36.506787814  -44.350313520   20.735084661
   -2.951193099   -2.402394382   29.363770528  -30.017191923   22.607298223
   -2.760793544   -2.402394382   25.260200180  -13.192799730   23.453880802
   -2.570393989   -2.402394382   24.226286333    1.640729542   23.530510897
   -2.379994435   -2.402394382   25.569333954   11.507844503   23.254833241
   -2.189594880   -2.402394382   28.256579190   15.876687556   23.047003921
   -1.999195325   -2.402394382   31.367012751   16.335494493   23.136938169
   -1.808795770   -2.402394382   34.396124657   15.463849218   23.450580805
   -1.618396215   -2.402394382   37.316216244   15.489321720   23.618824142
   -1.427996661   -2.402394382   40.421371388   17.447930039   23.120354395
   -1.237597106   -2.402394382   44.065451652   20.980915698   21.498238329
   -1.047197551   -2.402394382   48.427992916   24.666120406   18.564833725
   -0.856797996   -2.402394382   53.361573854   26.646668451   14.470857100
   -0.666398442   -2.402394382   58.368264523   25.129986013    9.621267416
   -0.475998887   -2.402394382   62.649526623   18.863101489    4.511401218
   -0.285599332   -2.402394382   65.242996018    7.454548223   -0.463713444
   -0.095199777   -2.402394382   65.226201387   -8.266968926   -5.076681456
    0.095199777   -2.402394382   61.986320533  -25.834169881   -9.239938288
    0.285599332   -2.402394382   55.548531035  -41.046071231  -12.882085137
    0.475998887   -2.402394382   46.848145396  -48.742759102  -15.840722471
    0.666398442   -2.402394382   37.756737410  -44.624684932  -17.839549547
    0.856797996   -2.402394382   30.695974459  -27.596361204  -18.589562163
    1.047197551   -2.402394382   27.862500224   -1.198037378  -17.941067515
    1.237597106   -2.402394382   30.366416499   27.024103721  -15.997756230
    1.427996661   -2.402394382   37.718646328   48.393342005  -13.088294442
    1.618396215   -2.402394382   47.960013716   56.700224107   -9.612933635
    1.808795770   -2.402394382   58.374960242   50.367848322   -5.886415608
    1.999195325   -2.402394382   66.391974273   32.276998669   -2.052525921
    2.189594880   -2.402394382   70.265023228    7.843620453    1.885939507
    2.379994435   -2.402394382   69.350421237  -17.082558263    5.960046755
    2.570393989   -2.402394382   64.052684572  -37.470331961   10.126935248
    2.760793544   -2.402394382   55.609472050  -49.669536644   14.197235795
    2.951193099   -2.402394382   45.789695157  -51.827653178   17.851209861

   -3.141592654   -2.032795246   42.212795917  -41.024298334   13.553563495
   -2.951193099   -2.032795246   35.545016503  -28.354328492   14.674437298
   -2.760793544   -2.032795246   31.616480354  -12.938707114   15.180827641
   -2.570393989   -2.032795246   30.540029901    1.041578979   15.214222856
   -2.379994435   -2.032795246   31.736843043   10.655171580   14.953597458
   -2.189594880   -2.032795246   34.265507652   15.076207531   14.547666856
   -1.999195325   -2.032795246   37.219044890   15.418811826   14.040351159
   -1.808795770   -2.032795246   40.017064897   13.832293854   13.354101881
   -1.618396215   -2.032795246   42.496651134   12.375699049   12.316751330
   -1.427996661   -2.032795246   44.819765544   12.290535910   10.733453168
   -1.237597106   -2.032795246   47.278585914   13.745687942    8.471348646
   -1.047197551   -2.032795246   50.107165947   15.951181491    5.537468150
   -0.856797996   -2.032795246   53.324167190   17.538452370    2.091673296
   -0.666398442   -2.032795246   56.653906940   16.821453197   -1.599306937
   -0.475998887   -2.032795246   59.501365169   12.217047024   -5.234829740
   -0.285599332   -2.032795246   61.013779913    2.744086053   -8.584849478
   -0.095199777   -2.032795246   60.263214495  -11.347578219  -11.526063808
    0.095199777   -2.032795246   56.545264049  -27.870172733  -14.046382105
    0.285599332   -2.032795246   49.778199777  -42.512551909  -16.159442622
    0.475998887   -2.032795246   40.841530661  -49.727432320  -17.810405795
    0.666398442   -2.032795246   31.630120611  -44.822862708  -18.826473903
    0.856797996   -2.032795246   24.641351883  -26.563938123  -18.970681916
    1.047197551   -2.032795246   22.144810384    1.328862045  -18.068391051
    1.237597106   -2.032795246   25.268954094   30.969109115  -16.132283691
    1.427996661   -2.032795246   33.481111061   53.406371673  -13.372106548
    1.618396215   -2.032795246   44.745530459   62.362450829  -10.098293930
    1.808795770   -2.032795246   56.275655163   56.374997997   -6.603963869
    1.999195325   -2.032795246   65.457953140   38.490784776   -3.089792464
    2.189594880   -2.032795246   70.531409778   14.225527586    0.336292101
    2.379994435   -2.032795246   70.843983169  -10.598167487    3.613892909
    2.570393989   -2.032795246   66.775971569  -31.094424180    6.684743776
    2.760793544   -2.032795246   59.506483162  -43.806066779    9.453767912
    2.951193099   -2.032795246   50.713535867  -47.003300852   11.788283014

   -3.141592654   -1.663196111   41.303233348  -40.644104218   12.099237988
   -2.951193099   -1.663196111   34.762271068  -27.409247410   12.597653079
   -2.760793544   -1.663196111   31.057521718  -11.589423450   12.371907674
   -2.570393989   -1.663196111   30.242463351    2.339843916   11.512668990
   -2.379994435   -1.663196111   31.634237917   11.301691797   10.139425237
   -2.189594880   -1.663196111   34.177878144   14.502547520    8.351674875
   -1.999195325   -1.663196111   36.874754899   13.260838925    6.195176680
   -1.808795770   -1.663196111   39.103683441   10.035340841    3.692108136
   -1.618396215   -1.663196111   40.725299067    7.241967824    0.885377123
   -1.427996661   -1.663196111   41.991265759    6.442970289   -2.130325880
   -1.237597106   -1.663196111   43.332989738    8.004696454   -5.209975240
   -1.047197551   -1.663196111   45.142962124   11.116221240   -8.173611166
   -0.856797996   -1.663196111   47.573176006   14.169000373  -10.837816213
   -0.666398442   -1.663196111   50.417589514   15.088296437  -13.043673885
   -0.475998887   -1.663196111   53.076003502   11.892699653  -14.676405616
   -0.285599332   -1.663196111   54.622501047    3.336047486  -15.710431710
   -0.095199777   -1.663196111   54.022982969  -10.455959364  -16.217149831
    0.095199777   -1.663196111   50.458538736  -27.223673935  -16.359432376
    0.285599332   -1.663196111   43.762922070  -42.430583944  -16.307520040
    0.475998887   -1.663196111   34.788664856  -50.161614090  -16.141907428
    0.666398442   -1.663196111   25.478357833  -45.328845964  -15.794715402
    0.856797996   -1.663196111   18.439173547  -26.469629185  -15.089025891
    1.047197551   -1.663196111   16.068197181    2.626783479  -13.849509562
    1.237597106   -1.663196111   19.579673384   33.736417782  -12.027143593
    1.427996661   -1.663196111   28.448635561   57.464411191   -9.713622350
    1.618396215   -1.663196111   40.568266316   67.170483501   -7.074719475
    1.808795770   -1.663196111   53.029131768   61.215107323   -4.269500408
    1.999195325   -1.663196111   63.081171436   42.676821810   -1.407564147
    2.189594880   -1.663196111   68.849966779   17.278865261    1.437213700
    2.379994435   -1.663196111   69.621125602   -8.834244283    4.194360236
    2.570393989   -1.663196111   65.779730302  -30.422273672    6.775515648
    2.760793544   -1.663196111   58.570566649  -43.755877111    9.057372149
    2.951193099   -1.663196111   49.773149444  -47.011181626   10.884054631

   -3.141592654   -1.293596975   40.353817478  -41.427173609    9.831816993
   -2.951193099   -1.293596975   33.640584278  -28.427745035    9.572106320
   -2.760793544   -1.293596975   29.722681171  -12.819490533    8.792529454
   -2.570393989   -1.293596975   28.644374232    0.765033499    7.530847217
   -2.379994435   -1.293596975   29.683247062    9.116390938    5.766295742
   -2.189594880   -1.293596975   31.728217271   11.402156317    3.414648367
   -1.999195325   -1.293596975   33.732434229    9.079625520    0.379824161
   -1.808795770   -1.293596975   35.070501805    4.915337762   -3.322963792
   -1.618396215   -1.293596975   35.665811341    1.695736441   -7.475872701
   -1.427996661   -1.293596975   35.895656015    1.244403478  -11.657588949
   -1.237597106   -1.293596975   36.344818108    3.953001763  -15.352128871
   -1.047197551   -1.293596975   37.539610862    8.771588984  -18.110709334
   -0.856797996   -1.293596975   39.703345748   13.709686378  -19.686626974
   -0.666398442   -1.293596975   42.625382508   16.303411216  -20.080688848
   -0.475998887   -1.293596975   45.638093184   14.299476748  -19.490461128
   -0.285599332   -1.293596975   47.708250519    6.321543409  -18.227052521
   -0.095199777   -1.293596975   47.679939773   -7.554123147  -16.613349759
    0.095199777   -1.293596975   44.610826802  -25.013792667  -14.924314227
    0.285599332   -1.293596975   38.234916680  -41.322539570  -13.318214246
    0.475998887   -1.293596975   29.361547245  -50.175554747  -11.816323711
    0.666398442   -1.293596975   19.975917764  -46.000762465  -10.326263038
    0.856797996   -1.293596975   12.809479875  -26.990622387   -8.723432789
    1.047197551   -1.293596975   10.421071461    3.066426871   -6.945108374
    1.237597106   -1.293596975   14.150431550   35.611756148   -5.044164091
    1.427996661   -1.293596975   23.515662722   60.749985688   -3.127058481
    1.618396215   -1.293596975   36.362558258   71.417480446   -1.267998938
    1.808795770   -1.293596975   49.672375165   65.763442710    0.536351512
    1.999195325   -1.293596975   60.566470485   46.865823342    2.332866578
    2.189594880   -1.293596975   67.058205354   20.612273578    4.135980073
    2.379994435   -1.293596975   68.361078787   -6.605512040    5.886165313
    2.570393989   -1.293596975   64.837973039  -29.288621827    7.463116839
    2.760793544   -1.293596975   57.755099028  -43.520524432    8.723942632
    2.951193099   -1.293596975   48.938237931  -47.404742041    9.541090132

   -3.141592654   -0.923997839   41.153325729  -43.450162939    5.783954378
   -2.951193099   -0.923997839   34.023497031  -30.730969904    4.480017081
   -2.760793544   -0.923997839   29.658870334  -15.180676517    2.784242067
   -2.570393989   -0.923997839   28.128052365   -1.648605631    0.794516267
   -2.379994435   -0.923997839   28.684187886    6.398416043   -1.506116187
   -2.189594880   -0.923997839   30.150662817    7.971408844   -4.251302902
   -1.999195325   -0.923997839   31.406339663    4.620437996   -7.584856129
   -1.808795770   -0.923997839   31.795973557   -0.539923266  -11.473662254
   -1.618396215   -0.923997839   31.294559066   -4.244865655  -15.584940026
   -1.427996661   -0.923997839   30.415786074   -4.289557092  -19.316236495
   -1.237597106   -0.923997839   29.928695666   -0.185298734  -21.989374655
   -1.047197551   -0.923997839   30.531543560    6.787845471  -23.114101905
   -0.856797996   -0.923997839   32.549644528   14.165411288  -22.571999779
   -0.666398442   -0.923997839   35.774002260   18.936611659  -20.632089943
   -0.475998887   -0.923997839   39.441043886   18.387179743  -17.810200431
   -0.285599332   -0.923997839   42.350701617   10.881050476  -14.660181849
   -0.095199777   -0.923997839   43.155290785   -3.522383126  -11.595423846
    0.095199777   -0.923997839   40.742458347  -22.235611399   -8.815963298
    0.285599332   -0.923997839   34.753316812  -40.021531094   -6.311912773
    0.475998887   -0.923997839   26.013556832  -49.965165066   -3.961205795
    0.666398442   -0.923997839   16.629701407  -46.038733435   -1.658788673
    0.856797996   -0.923997839    9.506047317  -26.378406953    0.574278368
    1.047197551   -0.923997839    7.344208978    4.864179141    2.570093635
    1.237597106   -0.923997839   11.533738452   38.593694319    4.092770956
    1.427996661   -0.923997839   21.549052856   64.500150008    5.008485218
    1.618396215   -0.923997839   35.141201412   75.401796276    5.385435752
    1.808795770   -0.923997839   49.196249092   69.540609034    5.471068378
    1.999195325   -0.923997839   60.764495635   50.120350391    5.555124054
    2.189594880   -0.923997839   67.807382834   23.107398970    5.813111748
    2.379994435   -0.923997839   69.497334429   -5.061279518    6.234860346
    2.570393989   -0.923997839   66.168384040  -28.800899499    6.653614501
    2.760793544   -0.923997839   59.078075832  -44.069831598    6.835852265
    2.951193099   -0.923997839   50.069815847  -48.827962978    6.578998877

   -3.141592654   -0.554398704   42.390758160  -46.972813288    2.838506578
   -2.951193099   -0.554398704   34.511643401  -34.996518219    0.484637678
   -2.760793544   -0.554398704   29.298195966  -19.757576214   -2.137968328
   -2.570393989   -0.554398704   26.887518643   -6.300219492   -4.817891942
   -2.379994435   -0.554398704   26.545004846    1.566395125   -7.509973580
   -2.189594880   -0.554398704   27.048237675    2.627901623  -10.352635869
   -1.999195325   -0.554398704   27.219460548   -1.421473636  -13.512117114
   -1.808795770   -0.554398704   26.412442237   -6.956914527  -16.935982508
   -1.618396215   -0.554398704   24.723901245  -10.099720712  -20.209988855
   -1.427996661   -0.554398704   22.882836476   -8.328221418  -22.642674888
   -1.237597106   -0.554398704   21.885688072   -1.373232799  -23.554650282
   -1.047197551   -0.554398704   22.568112925    8.803001789  -22.613768036
   -0.856797996   -0.554398704   25.241875580   18.896181105  -19.998578813
   -0.666398442   -0.554398704   29.540349855   25.268181743  -16.304691523
   -0.475998887   -0.554398704   34.460524271   25.001753775  -12.279547475
   -0.285599332   -0.554398704   38.565976146   16.680919229   -8.514729172
   -0.095199777   -0.554398704   40.346385568    0.875674259   -5.262267992
    0.095199777   -0.554398704   38.636310591  -19.196392713   -2.423542186
    0.285599332   -0.554398704   33.137586908  -37.784697193    0.320005538
    0.475998887   -0.554398704   24.809591520  -47.756694538    3.268608460
    0.666398442   -0.554398704   15.895133033  -43.265543514    6.476138509
    0.856797996   -0.554398704    9.366379408  -22.948455209    9.648429787
    1.047197551   -0.554398704    7.889332961    8.501926931   12.241611601
    1.237597106   -0.554398704   12.737767804   41.757049603   13.721131239
    1.427996661   -0.554398704   23.267849208   66.688562349   13.861107182
    1.618396215   -0.554398704   37.176905447   76.566412678   12.863347677
    1.808795770   -0.554398704   51.381785671   70.023883376   11.250337671
    1.999195325   -0.554398704   63.012545033   50.356097351    9.604105365
    2.189594880   -0.554398704   70.097906297   23.328913810    8.307737742
    2.379994435   -0.554398704   71.823076629   -4.956143376    7.428951572
    2.570393989   -0.554398704   68.475685566  -29.171221004    6.757049613
    2.760793544   -0.554398704   61.235020726  -45.338214863    5.946433895
    2.951193099   -0.554398704   51.877119699  -51.254781407    4.686626987

   -3.141592654   -0.184799568   42.905927685  -51.863892508    0.517551070
   -2.951193099   -0.184799568   34.014666286  -40.625034899   -2.203132411
   -2.760793544   -0.184799568   27.702483664  -25.573594353   -5.037919428
   -2.570393989   -0.184799568   24.197982362  -11.939899426   -7.757778490
   -2.379994435   -0.184799568   22.799616202   -3.916600718  -10.317046490
   -2.189594880   -0.184799568   22.253647421   -2.950120710  -12.861379248
   -1.999195325   -0.184799568   21.345514388   -7.143512249  -15.541846491
   -1.808795770   -0.184799568   19.473389429  -12.268416153  -18.255649200
   -1.618396215   -0.184799568   16.903437652  -13.814591942  -20.522777993
   -1.427996661   -0.184799568   14.615176299   -9.105077120  -21.629936500
   -1.237597106   -0.184799568   13.819037689    1.565735430  -20.982231822
   -1.047197551   -0.184799568   15.401288029   15.169204359  -18.459982366
   -0.856797996   -0.184799568   19.512579238   27.344921647  -14.527299911
   -0.666398442   -0.184799568   25.471585009   33.942439862  -10.026261120
   -0.475998887   -0.184799568   31.932511768   32.296485129   -5.803989395
   -0.285599332   -0.184799568   37.226347657   21.824892517   -2.342457596
   -0.095199777   -0.184799568   39.796412712    4.145979495    0.387747476
    0.095199777   -0.184799568   38.614238968  -16.699259584    2.837342576
    0.285599332   -0.184799568   33.625238825  -34.723290948    5.594458504
    0.475998887   -0.184799568   26.011050356  -43.250380883    9.026776880
    0.666398442   -0.184799568   18.095616879  -37.398951318   13.015115315
    0.856797996   -0.184799568   12.736230224  -16.790073784   16.929124681
    1.047197551   -0.184799568   12.337992674   13.400643015   19.881887781
    1.237597106   -0.184799568   17.895644770   44.161895913   21.141129313
    1.427996661   -0.184799568   28.611936518   66.272629145   20.487136769
    1.618396215   -0.184799568   42.219529659   73.988612048   18.285652232
    1.808795770   -0.184799568   55.821693239   66.485710953   15.283502263
    1.999195325   -0.184799568   66.778602331   46.970054628   12.258032913
    2.189594880   -0.184799568   73.283961567   20.662997892    9.718443938
    2.379994435   -0.184799568   74.567444358   -6.996226793    7.785295055
    2.570393989   -0.184799568   70.848333342  -31.152502046    6.243986383
    2.760793544   -0.184799568   63.179017808  -47.963604067    4.715864421
    2.951193099   -0.184799568   53.218809816  -55.003492922    2.857185211

   -3.141592654    0.184799568   42.820867473  -56.441929318   -1.877324062
   -2.951193099    0.184799568   33.003425609  -45.667894347   -4.088627186
   -2.760793544    0.184799568   25.726480301  -30.577510967   -6.191584008
   -2.570393989    0.184799568   21.300171671  -16.590084739   -8.095364024
   -2.379994435    0.184799568   19.049625771   -8.243964129   -9.855076382
   -2.189594880    0.184799568   17.696150566   -7.119474435  -11.638481190
   -1.999195325    0.184799568   16.014912419  -11.023314166  -13.540973507
   -1.808795770    0.184799568   13.485179199  -15.120868051  -15.380894674
   -1.618396215    0.184799568   10.564276485  -14.436961650  -16.646720046
   -1.427996661    0.184799568    8.458000513   -6.443503523  -16.691455974
   -1.237597106    0.184799568    8.504826979    7.687383829  -15.084012585
   -1.047197551    0.184799568   11.509690967   23.719755410  -11.913834615
   -0.856797996    0.184799568   17.329390481   36.384811058   -7.808399453
   -0.666398442    0.184799568   24.892259210   41.446310340   -3.641592283
   -0.475998887    0.184799568   32.529948878   37.045739927   -0.121789922
   -0.285599332    0.184799568   38.460814969   23.884962617    2.549965650
   -0.095199777    0.184799568   41.261270161    4.787414758    4.727739536
    0.095199777    0.184799568   40.214407130  -15.605686581    7.104934545
    0.285599332    0.184799568   35.610149661  -31.580087228   10.316857259
    0.475998887    0.184799568   28.843847026  -37.520520934   14.549799078
    0.666398442    0.184799568   22.209441285  -29.939590700   19.342350040
    0.856797996    0.184799568   18.288827191   -9.523307915   23.706953616
    1.047197551    0.184799568   19.084433033   18.342932740   26.538740877
    1.237597106    0.184799568   25.242936760   45.407147959   27.103399922
    1.427996661    0.184799568   35.827175406   63.745603134   25.348289018
    1.618396215    0.184799568   48.675502416   68.798973651   21.860524315
    1.808795770    0.184799568   61.166273606   60.288140390   17.559999844
    1.999195325    0.184799568   70.966430941   41.217608668   13.311326601
    2.189594880    0.184799568   76.485908992   16.121345707    9.655420072
    2.379994435    0.184799568   77.023485499  -10.357220837    6.739712177
    2.570393989    0.184799568   72.732071171  -33.933242767    4.401382489
    2.760793544    0.184799568   64.525235573  -50.947434201    2.339651296
    2.951193099    0.184799568   53.929619520  -58.747396409    0.286138729

   -3.141592654    0.554398704   44.283426051  -58.700472812   -1.549510807
   -2.951193099    0.554398704   33.964006039  -48.637654642   -2.625249956
   -2.760793544    0.554398704   26.071163879  -34.013731548   -3.611889736
   -2.570393989    0.554398704   20.971126644  -20.176380771   -4.560397648
   -2.379994435    0.554398704   18.042255416  -11.751374427   -5.555673856
   -2.189594880    0.554398704   16.041794538  -10.369857728   -6.680986003
   -1.999195325    0.554398704   13.788338383  -13.705650931   -7.909983748
   -1.808795770    0.554398704   10.846134456  -16.651994780   -9.021218703
   -1.618396215    0.554398704    7.801015961  -14.102363554   -9.615565442
   -1.427996661    0.554398704    5.973961067   -3.824144548   -9.280343749
   -1.237597106    0.554398704    6.719621135   12.280741105   -7.815886937
   -1.047197551    0.554398704   10.704005241   29.175471167   -5.394286110
   -0.856797996    0.554398704   17.525533014   41.215803124   -2.498219253
   -0.666398442    0.554398704   25.852819215   44.519323836    0.330845653
   -0.475998887    0.554398704   33.886216118   38.200793885    2.773871465
   -0.285599332    0.554398704   39.921533841   24.057868785    4.920525183
   -0.095199777    0.554398704   42.790826983    5.635499637    7.208660716
    0.095199777    0.554398704   42.102157102  -12.475471593   10.199375895
    0.285599332    0.554398704   38.381094096  -25.414442433   14.236234178
    0.475998887    0.554398704   33.041211785  -28.923952486   19.167684406
    0.666398442    0.554398704   28.135076391  -20.777450253   24.260123162
    0.856797996    0.554398704   25.823241133   -2.190124731   28.398697131
    1.047197551    0.554398704   27.680172335   21.918187392   30.518968053
    1.237597106    0.554398704   34.094283690   44.530847397   30.056512263
    1.427996661    0.554398704   44.131927993   59.098572733   27.171168329
    1.618396215    0.554398704   55.859362775   61.979628319   22.622928661
    1.808795770    0.554398704   66.988258455   53.082366394   17.425888488
    1.999195325    0.554398704   75.493137230   34.996816799   12.472920077
    2.189594880    0.554398704   79.981644875   11.567184749    8.311366448
    2.379994435    0.554398704   79.816279681  -13.243725647    5.112459037
    2.570393989    0.554398704   75.097452539  -35.651226805    2.763936147
    2.760793544    0.554398704   66.615429266  -52.243160464    1.022234407
    2.951193099    0.554398704   55.755170780  -60.322757522   -0.359001136

   -3.141592654    0.923997839   44.274055581  -59.724586684   -1.615524651
   -2.951193099    0.923997839   33.796481445  -49.248159235   -1.209373670
   -2.760793544    0.923997839   25.824919194  -34.229222775   -0.653855073
   -2.570393989    0.923997839   20.712347776  -20.116762191   -0.218661914
   -2.379994435    0.923997839   17.801956424  -11.659179486   -0.091960545
   -2.189594880    0.923997839   15.800554591  -10.503702719   -0.334136166
   -1.999195325    0.923997839   13.489305014  -14.175350916   -0.856879790
   -1.808795770    0.923997839   10.435046775  -17.316106390   -1.458735389
   -1.618396215    0.923997839    7.269741885  -14.647799359   -1.888209620
   -1.427996661    0.923997839    5.372157966   -3.993755815   -1.923973321
   -1.237597106    0.923997839    6.123787699   12.479759106   -1.443100040
   -1.047197551    0.923997839   10.162925659   29.492524042   -0.458992215
   -0.856797996    0.923997839   17.035084916   41.410699159    0.919806858
   -0.666398442    0.923997839   25.393048458   44.702800727    2.578617606
   -0.475998887    0.923997839   33.506280252   38.997537938    4.485724234
   -0.285599332    0.923997839   39.828175169   26.442898484    6.756055703
   -0.095199777    0.923997839   43.379107787   10.536502218    9.600364574
    0.095199777    0.923997839   43.900706720   -4.664727218   13.215728002
    0.285599332    0.923997839   41.911792499  -15.199616569   17.585144496
    0.475998887    0.923997839   38.633933835  -17.800999177   22.319488359
    0.666398442    0.923997839   35.761775043  -10.925508067   26.642230361
    0.856797996    0.923997839   35.028727321    4.217362044   29.597775139
    1.047197551    0.923997839   37.659084747   23.506383212   30.414620748
    1.237597106    0.923997839   43.899816991   41.232146432   28.837377170
    1.427996661    0.923997839   52.929639147   52.088359112   25.218913790
    1.618396215    0.923997839   63.115333030   53.122266115   20.333619833
    1.808795770    0.923997839   72.529559651   44.192446478   15.064465853
    1.999195325    0.923997839   79.443860401   27.323785303   10.126575009
    2.189594880    0.923997839   82.634778989    5.641475452    5.951037714
    2.379994435    0.923997839   81.507096393  -17.474214677    2.714563066
    2.570393989    0.923997839   76.115722015  -38.558421385    0.426735776
    2.760793544    0.923997839   67.170418207  -54.262326751   -0.978769211
    2.951193099    0.923997839   55.982282736  -61.775667376   -1.609084909

   -3.141592654    1.293596975   40.790742223  -58.718320679   -5.886119019
   -2.951193099    1.293596975   30.655804850  -46.757614970   -5.049232786
   -2.760793544    1.293596975   23.235060289  -31.089570666   -3.853404079
   -2.570393989    1.293596975   18.707426942  -17.249047663   -2.573554603
   -2.379994435    1.293596975   16.258214654   -9.768674351   -1.383279421
   -2.189594880    1.293596975   14.494209383   -9.924495542   -0.322846817
   -1.999195325    1.293596975   12.165539081  -14.919240097    0.665988120
   -1.808795770    1.293596975    8.858577433  -19.183652191    1.641785550
   -1.618396215    1.293596975    5.257814088  -17.287096375    2.598406241
   -1.427996661    1.293596975    2.824603131   -6.883852325    3.470845970
   -1.237597106    1.293596975    3.057761667   10.040722043    4.205646299
   -1.047197551    1.293596975    6.740006263   28.306235018    4.826949856
   -0.856797996    1.293596975   13.564841496   42.195417780    5.468803394
   -0.666398442    1.293596975   22.298594802   47.901043157    6.346418128
   -0.475998887    1.293596975   31.257677279   44.662977358    7.692746893
   -0.285599332    1.293596975   38.869185147   34.238825008    9.709232716
   -0.095199777    1.293596975   44.059399842   19.835591067   12.495922495
    0.095199777    1.293596975   46.427437677    5.265232044   15.998239788
    0.285599332    1.293596975   46.304161964   -5.737097299   19.912699583
    0.475998887    1.293596975   44.682918169  -10.080323093   23.655496529
    0.666398442    1.293596975   43.014930898   -6.177995088   26.445269060
    0.856797996    1.293596975   42.834150812    5.193600502   27.542576106
    1.047197551    1.293596975   45.282582838   20.685453116   26.542560930
    1.237597106    1.293596975   50.681555799   35.393484390   23.569265306
    1.427996661    1.293596975   58.411209928   44.480735227   19.206209870
    1.618396215    1.293596975   67.080088871   44.967478411   14.227865085
    1.808795770    1.293596975   74.959353155   36.316947011    9.312957569
    1.999195325    1.293596975   80.433331861   20.101644106    4.884931805
    2.189594880    1.293596975   82.320330417   -0.816697895    1.132767335
    2.379994435    1.293596975   80.043433837  -23.056742544   -1.878427814
    2.570393989    1.293596975   73.692632007  -42.988120674   -4.113656745
    2.760793544    1.293596975   64.045793598  -57.121669219   -5.529183569
    2.951193099    1.293596975   52.491106972  -62.714670131   -6.102358067

   -3.141592654    1.663196111   35.400084636  -58.041174477  -13.900230953
   -2.951193099    1.663196111   25.560163990  -44.432052009  -13.162235390
   -2.760793544    1.663196111   18.681437909  -27.869585982  -11.568305270
   -2.570393989    1.663196111   14.787246562  -13.932429114   -9.357277790
   -2.379994435    1.663196111   12.933658122   -6.885007719   -6.734126892
   -2.189594880    1.663196111   11.662615702   -7.629459067   -3.835258877
   -1.999195325    1.663196111    9.720059669  -13.143683067   -0.770509943
   -1.808795770    1.663196111    6.709020597  -17.849182508    2.272335391
   -1.618396215    1.663196111    3.321809880  -16.383644321    4.995288693
   -1.427996661    1.663196111    1.024634206   -6.338872412    7.077100197
   -1.237597106    1.663196111    1.351150148   10.538931436    8.341583209
   -1.047197551    1.663196111    5.169778577   29.343147892    8.886617860
   -0.856797996    1.663196111   12.297720153   44.438972028    9.079462715
   -0.666398442    1.663196111   21.614363734   51.820687366    9.410828168
   -0.475998887    1.663196111   31.488431835   50.328591867   10.287656869
   -0.285599332    1.663196111   40.318486916   41.272086504   11.890700614
   -0.095199777    1.663196111   46.922217142   27.505360620   14.122058159
    0.095199777    1.663196111   50.733642081   12.570135709   16.651709772
    0.285599332    1.663196111   51.877086037    0.062824734   18.975089209
    0.475998887    1.663196111   51.128899985   -6.873859910   20.512342673
    0.666398442    1.663196111   49.761398591   -6.293326552   20.746477878
    0.856797996    1.663196111   49.232111533    1.706733607   19.402884177
    1.047197551    1.663196111   50.749117483   14.569585939   16.579577386
    1.237597106    1.663196111   54.831557726   27.905327111   12.750901721
    1.427996661    1.663196111   61.106587325   36.860092314    8.557378668
    1.618396215    1.663196111   68.377126185   37.970205649    4.535728629
    1.808795770    1.663196111   74.998174834   30.073639404    0.939453761
    1.999195325    1.663196111   79.335874908   14.355701712   -2.254199394
    2.189594880    1.663196111   80.152885347   -6.327457777   -5.185117835
    2.379994435    1.663196111   76.848695443  -28.291424618   -7.931096816
    2.570393989    1.663196111   69.557298850  -47.531647342  -10.413882566
    2.760793544    1.663196111   59.160526360  -60.340325142  -12.408471231
    2.951193099    1.663196111   47.163525892  -64.060144995  -13.638486519

   -3.141592654    2.032795246   28.379113254  -59.117911575  -17.174120437
   -2.951193099    2.032795246   18.531560465  -43.438024255  -16.214395359
   -2.760793544    2.032795246   12.029574739  -24.969227931  -14.214881460
   -2.570393989    2.032795246    8.841813495   -9.480495201  -11.439110610
   -2.379994435    2.032795246    7.951841654   -1.282612071   -8.128074348
   -2.189594880    2.032795246    7.825730699   -1.275705498   -4.428800016
   -1.999195325    2.032795246    7.127296770   -6.528541576   -0.438546591
   -1.808795770    2.032795246    5.351288817  -11.614385371    3.654759669
   -1.618396215    2.032795246    3.059938787  -11.216559828    7.497430604
   -1.427996661    2.032795246    1.607079279   -2.681024502   10.646033056
   -1.237597106    2.032795246    2.488719593   12.765407525   12.768435985
   -1.047197551    2.032795246    6.643382362   30.775125582   13.832373053
   -0.856797996    2.032795246   14.040903149   45.982074509   14.137607264
   -0.666398442    2.032795246   23.724044161   54.205158260   14.161574886
   -0.475998887    2.032795246   34.154184448   53.758962276   14.314090915
   -0.285599332    2.032795246   43.710013363   45.344282599   14.748864939
   -0.095199777    2.032795246   51.084805791   31.363691989   15.300275263
    0.095199777    2.032795246   55.528331933   15.173925462   15.567815827
    0.285599332    2.032795246   56.972978203    0.486537560   15.061540219
    0.475998887    2.032795246   56.050942209   -9.168054771   13.402142434
    0.666398442    2.032795246   53.987279685  -11.228973189   10.499922073
    0.856797996    2.032795246   52.322155756   -5.104382384    6.653075215
    1.047197551    2.032795246   52.462416365    7.159484729    2.477333872
    1.237597106    2.032795246   55.182421890   21.192252723   -1.307008758
    1.427996661    2.032795246   60.314447148   31.634029485   -4.198274735
    1.618396215    2.032795246   66.737187067   34.227821709   -6.114063882
    1.808795770    2.032795246   72.737394863   27.153553648   -7.377663908
    1.999195325    2.032795246   76.527248348   11.389548939   -8.503648204
    2.189594880    2.032795246   76.721797391   -9.954278365   -9.915309779
    2.379994435    2.032795246   72.651814261  -32.668580329  -11.752361763
    2.570393989    2.032795246   64.486113433  -52.223732126  -13.830168927
    2.760793544    2.032795246   53.225734611  -64.572265818  -15.731147776
    2.951193099    2.032795246   40.532334290  -67.007181587  -16.970064803

   -3.141592654    2.402394382   20.769063748  -60.914120661  -11.315963813
   -2.951193099    2.402394382   10.813983362  -42.738663625   -9.688931396
   -2.760793544    2.402394382    4.692527806  -21.711843631   -7.377524743
   -2.570393989    2.402394382    2.348611228   -3.946057236   -4.647116501
   -2.379994435    2.402394382    2.694368804    6.078597607   -1.647471280
   -2.189594880    2.402394382    4.103295487    7.394079802    1.650140850
   -1.999195325    2.402394382    5.132289232    2.824677682    5.352686979
   -1.808795770    2.402394382    5.140639684   -2.376512589    9.425769155
   -1.618396215    2.402394382    4.525059651   -3.005642610   13.547439761
   -1.427996661    2.402394382    4.474060842    3.726127755   17.158711090
   -1.237597106    2.402394382    6.372924605   17.024633517   19.699008727
   -1.047197551    2.402394382   11.148114056   33.102642841   20.878681675
   -0.856797996    2.402394382   18.853485267   46.998798528   20.797090846
   -0.666398442    2.402394382   28.659914234   54.564608756   19.840091983
   -0.475998887    2.402394382   39.126139313   53.781773069   18.444126682
   -0.285599332    2.402394382   48.643907302   44.835244448   16.868552637
   -0.095199777    2.402394382   55.823431188   29.690766083   15.095934252
    0.095199777    2.402394382   59.774670984   11.549862208   12.884519565
    0.285599332    2.402394382   60.299646026   -5.594407980    9.923617218
    0.475998887    2.402394382   57.992441592  -17.537060350    6.053118392
    0.666398442    2.402394382   54.190387440  -20.871729830    1.446453369
    0.856797996    2.402394382   50.695807987  -14.368621857   -3.341372568
    1.047197551    2.402394382   49.247667539    0.005261348   -7.534263487
    1.237597106    2.402394382   50.899823948   17.230817049  -10.434251004
    1.427996661    2.402394382   55.588684001   30.842891370  -11.756043872
    1.618396215    2.402394382   62.081744913   35.516420342  -11.740680434
    1.808795770    2.402394382   68.395611079   28.881733037  -11.021653778
    1.999195325    2.402394382   72.432398875   12.052687795  -10.313232507
    2.189594880    2.402394382   72.575965021  -11.221382426  -10.103804312
    2.379994435    2.402394382   68.070702660  -35.906215368  -10.503873633
    2.570393989    2.402394382   59.148718345  -56.767935071  -11.267256370
    2.760793544    2.402394382   46.984113426  -69.322688838  -11.940129669
    2.951193099    2.402394382   33.462884577  -70.766544429  -12.056240379

   -3.141592654    2.771993518   17.120092052  -60.203804707    0.647148763
   -2.951193099    2.771993518    7.414242154  -40.875208214    2.929517323
   -2.760793544    2.771993518    1.741713299  -18.918659938    5.309165171
   -2.570393989    2.771993518    0.000000000   -0.438417979    7.656709621
   -2.379994435    2.771993518    1.080232993   10.309031510   10.026370192
   -2.189594880    2.771993518    3.382079415   12.592223499   12.649986039
   -1.999195325    2.771993518    5.513021005    9.211892213   15.771735037
   -1.808795770    2.771993518    6.843307719    5.047272395   19.399419130
   -1.618396215    2.771993518    7.688087039    4.751161668   23.157295622
   -1.427996661    2.771993518    9.060810455   10.730976346   26.361203454
   -1.237597106    2.771993518   12.137258268   22.243356792   28.292671274
   -1.047197551    2.771993518   17.686052772   35.961852190   28.522044982
   -0.856797996    2.771993518   25.709209022   47.517117972   27.068175957
   -0.666398442    2.771993518   35.422575775   53.145902662   24.320118940
   -0.475998887    2.771993518   45.468637880   50.833757831   20.802707031
   -0.285599332    2.771993518   54.293078249   40.491577488   16.918330267
   -0.095199777    2.771993518   60.500247767   23.777220021   12.817332640
    0.095199777    2.771993518   63.156312892    3.835336354    8.431190016
    0.285599332    2.771993518   62.045686290  -14.997486718    3.631839731
    0.475998887    2.771993518   57.841853263  -27.870984304   -1.547679128
    0.666398442    2.771993518   52.089848873  -30.743538550   -6.755417341
    0.856797996    2.771993518   46.889426995  -22.146761853  -11.339630033
    1.047197551    2.771993518   44.263512031   -4.426464040  -14.572679295
    1.237597106    2.771993518   45.424156594   16.468149744  -15.965742273
    1.427996661    2.771993518   50.266131539   33.024517623  -15.520627979
    1.618396215    2.771993518   57.341972939   39.195472875  -13.718689116
    1.808795770    2.771993518   64.372770881   32.503792297  -11.293968994
    1.999195325    2.771993518   68.999883449   14.506048086   -8.916907392
    2.189594880    2.771993518   69.459645447  -10.359359196   -6.966158487
    2.379994435    2.771993518   64.979548728  -36.414093042   -5.478570211
    2.570393989    2.771993518   55.878587502  -58.008590507   -4.239042910
    2.760793544    2.771993518   43.471489930  -70.502839215   -2.942215380
    2.951193099    2.771993518   29.789003161  -71.192594347   -1.341823591
