#! FIELDS phi psi file.free der_phi der_psi
#! SET min_phi -pi
#! SET max_phi pi
#! SET nbins_phi  33
#! SET periodic_phi true
#! SET min_psi -pi
#! SET max_psi pi
#! SET nbins_psi  17
#! SET periodic_psi true
   -3.141592654   -3.141592654   20.670085782  -56.405120745   11.380513106
   -2.951193099   -3.141592654   11.503583041  -38.912083925   14.288582889
   -2.760793544   -3.141592654    6.094156612  -17.920899379   16.779726503
   -2.570393989   -3.141592654    4.537753426    0.713208189   18.770495622
   -2.379994435   -3.141592654    5.929635257   12.561865220   20.437325163
   -2.189594880   -3.141592654    8.804157823   16.373945465   22.143277230
   -1.999195325   -3.141592654   11.782811468   14.241864750   24.212428956
   -1.808795770   -3.141592654   14.117228555   10.367998733   26.667855716
   -1.618396215   -3.141592654   15.898360066    9.057122903   29.102742106
   -1.427996661   -3.141592654   17.890148438   12.762699183   30.795270345
   -1.237597106   -3.141592654   21.065203455   21.186509711   31.025666298
   -1.047197551   -3.141592654   26.093464264   31.585545250   29.426711993
   -0.856797996   -3.141592654   32.986555442   40.122252389   26.145141926
   -0.666398442   -3.141592654   41.052268252   43.383100740   21.728728798
   -0.475998887   -3.141592654   49.078620008   39.559807290   16.840828915
   -0.285599332   -3.141592654   55.690811794   28.725568422   11.950488272
   -0.095199777   -3.141592654   59.697451575   12.634113242    7.193479527
    0.095199777   -3.141592654   60.375191982   -5.616373291    2.441035739
    0.285599332   -3.141592654   57.693688343  -21.914657108   -2.472842102
    0.475998887   -3.141592654   52.452137458  -31.794495485   -7.487796440
    0.666398442   -3.141592654   46.238089874  -31.699339021  -12.170148192
    0.856797996   -3.141592654   41.094455551  -20.704562405  -15.801353152
    1.047197551   -3.141592654   38.889244266   -1.620906957  -17.678408260
    1.237597106   -3.141592654   40.615765833   19.439436531  -17.461890470
    1.427996661   -3.141592654   45.964714399   35.314993705  -15.375042106
    1.618396215   -3.141592654   53.397171232   40.736367348  -12.095521362
    1.808795770   -3.141592654   60.704190149   34.065839118   -8.445872153
    1.999195325   -3.141592654   65.720502825   17.232461542   -5.051383570
    2.189594880   -3.141592654   66.879988981   -5.655631278   -2.152920476
    2.379994435   -3.141592654   63.488921990  -29.760136010    0.364777666
    2.570393989   -3.141592654   55.773427528  -50.314083158    2.802256652
    2.760793544   -3.141592654   44.822952082  -63.121556399    5.428572997
    2.951193099   -3.141592654   32.416597094  -65.323917535    8.333008384

   -3.141592654   -2.771993518   27.757135400  -49.763530016   19.328953085
   -2.951193099   -2.771993518   19.698732330  -34.032791013   22.331606065
   -2.760793544   -2.771993518   15.022068786  -15.103350752   24.309670885
   -2.570393989   -2.771993518   13.830236711    1.840637436   25.304006139
   -2.379994435   -2.771993518   15.347600920   12.938365779   25.671296637
   -2.189594880   -2.771993518   18.310842943   17.096899718   25.936724018
   -1.999195325   -2.771993518   21.522113255   16.021865652   26.532322870
   -1.808795770   -2.771993518   24.295813413   13.110245285   27.553638213
   -1.618396215   -2.771993518   26.620310609   11.809243510   28.665516775
   -1.427996661   -2.771993518   29.024911337   14.105536642   29.221900487
   -1.237597106   -2.771993518   32.216581626   19.863939904   28.557229708
   -1.047197551   -2.771993518   36.686687514   27.037079994   26.303489252
   -0.856797996   -2.771993518   42.424253407   32.656353865   22.549638398
   -0.666398442   -2.771993518   48.860877643   33.938635260   17.762236906
   -0.475998887   -2.771993518   54.988104465   29.244870749   12.550128169
   -0.285599332   -2.771993518   59.625765469   18.425040248    7.380784090
   -0.095199777   -2.771993518   61.713638169    2.839080218    2.445750726
    0.095199777   -2.771993518   60.590081254  -14.714806252   -2.294146638
    0.285599332   -2.771993518   56.253467363  -30.158373422   -6.908960195
    0.475998887   -2.771993518   49.550464593  -38.805853748  -11.278612996
    0.666398442   -2.771993518   42.167102838  -36.837472028  -14.990640870
    0.856797996   -2.771993518   36.278014471  -23.281871393  -17.450224249
    1.047197551   -2.771993518   33.857634715   -1.271952076  -18.151912816
    1.237597106   -2.771993518   35.915039985   22.479861749  -16.958769162
    1.427996661   -2.771993518   42.038379687   40.250847015  -14.206823285
    1.618396215   -2.771993518   50.508671670   46.544906043  -10.547406512
    1.808795770   -2.771993518   58.938304829   39.958296056   -6.651609965
    1.999195325   -2.771993518   65.059455685   22.948257183   -2.935264469
    2.189594880   -2.771993518   67.306813076    0.122152635    0.542258098
    2.379994435   -2.771993518   65.057423167  -23.474673422    3.978877852
    2.570393989   -2.771993518   58.611588109  -43.254146577    7.621527700
    2.760793544   -2.771993518   49.070006109  -55.462694267   11.551510566
    2.951193099   -2.771993518   38.131381427  -57.716068213   15.587196720

   -3.141592654   -2.402394382   35.290301886  -43.730798254   18.916515712
   -2.951193099   -2.402394382   28.193955039  -30.035807180   21.197967191
   -2.760793544   -2.402394382   24.077152851  -13.165651505   22.413946628
   -2.570393989   -2.402394382   23.103447363    2.339044925   22.699517885
   -2.379994435   -2.402394382   24.656885699   12.993303148   22.417771433
   -2.189594880   -2.402394382   27.663287351   17.613679938   21.996765735
   -1.999195325   -2.402394382   31.052043455   17.368668441   21.725956326
   -1.808795770   -2.402394382   34.135292281   14.885486074   21.622300809
   -1.618396215   -2.402394382   36.756715405   12.938893440   21.423865880
   -1.427996661   -2.402394382   39.209362231   13.273374910   20.710837365
   -1.237597106   -2.402394382   41.971924459   16.092774162   19.106894492
   -1.047197551   -2.402394382   45.420833164   20.143228273   16.464082482
   -0.856797996   -2.402394382   49.598135002   23.349480445   12.927303143
   -0.666398442   -2.402394382   54.131099332   23.500000608    8.846249904
   -0.475998887   -2.402394382   58.266500998   18.959068070    4.614757304
   -0.285599332   -2.402394382   61.030325529    9.123734919    0.492391863
   -0.095199777   -2.402394382   61.462226656   -5.253260742   -3.445321644
    0.095199777   -2.402394382   58.900925208  -21.753437643   -7.243321925
    0.285599332   -2.402394382   53.311334960  -36.270391682  -10.902352148
    0.475998887   -2.402394382   45.545895398  -43.775213145  -14.236428733
    0.666398442   -2.402394382   37.367837380  -40.095078048  -16.837413321
    0.856797996   -2.402394382   31.070259395  -24.215060856  -18.209113221
    1.047197551   -2.402394382   28.716323736    0.369471444  -17.995328684
    1.237597106   -2.402394382   31.309204352   26.365744992  -16.187255484
    1.427996661   -2.402394382   38.325056190   45.591535143  -13.155919794
    1.618396215   -2.402394382   47.879023781   52.454611708   -9.483366979
    1.808795770   -2.402394382   57.438604718   45.860702691   -5.709197476
    1.999195325   -2.402394382   64.673050984   28.763359018   -2.123469594
    2.189594880   -2.402394382   68.043988165    6.176309823    1.280874170
    2.379994435   -2.402394382   67.003696853  -16.774047028    4.693313649
    2.570393989   -2.402394382   61.908882351  -35.786593694    8.291486981
    2.760793544   -2.402394382   53.836993321  -47.607234216   12.061050835
    2.951193099   -2.402394382   44.369054149  -50.296231993   15.742265333

   -3.141592654   -2.032795246   40.940220930  -39.909510777   13.162532603
   -2.951193099   -2.032795246   34.405263092  -28.005518548   14.548325359
   -2.760793544   -2.032795246   30.505582747  -12.861173355   15.168648942
   -2.570393989   -2.032795246   29.462621263    1.409955324   15.112677645
   -2.379994435   -2.032795246   30.774143281   11.483573033   14.589998406
   -2.189594880   -2.032795246   33.476585696   15.975764910   13.833419305
   -1.999195325   -2.032795246   36.547493099   15.635901540   12.992532286
   -1.808795770   -2.032795246   39.264724791   12.691384648   12.082786712
   -1.618396215   -2.032795246   41.381155957    9.743023007   11.002428527
   -1.427996661   -2.032795246   43.096365008    8.688424346    9.596841972
   -1.237597106   -2.032795246   44.850904999   10.143453099    7.749570589
   -1.047197551   -2.032795246   47.071981238   13.327641239    5.455617343
   -0.856797996   -2.032795246   49.932291013   16.482122949    2.833278852
   -0.666398442   -2.032795246   53.216904690   17.381169253    0.065435825
   -0.475998887   -2.032795246   56.296846287   14.032402511   -2.676565909
   -0.285599332   -2.032795246   58.234436807    5.325478398   -5.321670140
   -0.095199777   -2.032795246   58.014618872   -8.395692817   -7.900764640
    0.095199777   -2.032795246   54.872127940  -24.786229784  -10.494915989
    0.285599332   -2.032795246   48.691971237  -39.430857718  -13.105335551
    0.475998887   -2.032795246   40.331859139  -46.755632887  -15.546030802
    0.666398442   -2.032795246   31.662334168  -42.121465708  -17.422432722
    0.856797996   -2.032795246   25.139618051  -24.418017848  -18.255111219
    1.047197551   -2.032795246   22.964648063    2.487368425  -17.694541752
    1.237597106   -2.032795246   26.175923847   30.662151703  -15.720483749
    1.427996661   -2.032795246   34.164433056   51.358653704  -12.673487288
    1.618396215   -2.032795246   44.884061160   58.780795514   -9.104178486
    1.808795770   -2.032795246   55.643217691   52.048690346   -5.537340031
    1.999195325   -2.032795246   64.019832955   34.565839468   -2.278810502
    2.189594880   -2.032795246   68.470517571   11.758885866    0.633406996
    2.379994435   -2.032795246   68.497548930  -11.101037452    3.339009467
    2.570393989   -2.032795246   64.504635218  -29.897788638    5.996780509
    2.760793544   -2.032795246   57.557590768  -41.765142923    8.636397576
    2.951193099   -2.032795246   49.151305057  -45.115557425   11.111840152

   -3.141592654   -1.663196111   40.768626717  -39.518702974   12.530782429
   -2.951193099   -1.663196111   34.326811349  -27.434969808   13.174158780
   -2.760793544   -1.663196111   30.544215690  -12.240781375   12.864592415
   -2.570393989   -1.663196111   29.602385534    1.789738563   11.708214008
   -2.379994435   -1.663196111   30.934033442   11.252756465    9.928594536
   -2.189594880   -1.663196111   33.506535639   14.794953324    7.765800383
   -1.999195325   -1.663196111   36.245331676   13.314396633    5.393175598
   -1.808795770   -1.663196111   38.413145079    9.272781278    2.908090950
   -1.618396215   -1.663196111   39.796663111    5.537318118    0.375394103
   -1.427996661   -1.663196111   40.678009569    4.240470934   -2.130739895
   -1.237597106   -1.663196111   41.614942785    6.119013955   -4.503253628
   -1.047197551   -1.663196111   43.158130332   10.319867632   -6.612726211
   -0.856797996   -1.663196111   45.571117428   14.811136659   -8.343822020
   -0.666398442   -1.663196111   48.661517461   16.965744098   -9.643578454
   -0.475998887   -1.663196111   51.747792893   14.407151187  -10.542731667
   -0.285599332   -1.663196111   53.778811327    5.818672124  -11.173472774
   -0.095199777   -1.663196111   53.609800907   -8.454025270  -11.727745357
    0.095199777   -1.663196111   50.367401605  -25.813426649  -12.392529388
    0.285599332   -1.663196111   43.895008674  -41.429827619  -13.238419019
    0.475998887   -1.663196111   35.097299323  -49.231801353  -14.140284585
    0.666398442   -1.663196111   25.980367723  -44.178298865  -14.775729370
    0.856797996   -1.663196111   19.185626375  -25.066742856  -14.745332833
    1.047197551   -1.663196111   17.079013926    3.913843168  -13.757236660
    1.237597106   -1.663196111   20.769221086   34.206207102  -11.795468432
    1.427996661   -1.663196111   29.590833607   56.412877559   -9.125368534
    1.618396215   -1.663196111   41.339862459   64.359350499   -6.157450336
    1.808795770   -1.663196111   53.132040929   57.176903853   -3.254506670
    1.999195325   -1.663196111   62.387495086   38.591919738   -0.590773881
    2.189594880   -1.663196111   67.480215631   14.469964042    1.858776131
    2.379994435   -1.663196111   67.908127622   -9.555146271    4.225391050
    2.570393989   -1.663196111   64.126275264  -29.162648251    6.607027355
    2.760793544   -1.663196111   57.274549257  -41.438651344    8.951763699
    2.951193099   -1.663196111   48.919491873  -44.859791206   11.032955085

   -3.141592654   -1.293596975   40.583744925  -40.697188413    9.587770745
   -2.951193099   -1.293596975   33.871430278  -29.090398309    9.462786727
   -2.760793544   -1.293596975   29.736948069  -14.263703592    8.551771864
   -2.570393989   -1.293596975   28.381933428   -0.524481443    6.946601447
   -2.379994435   -1.293596975   29.244052176    8.620287309    4.765330985
   -2.189594880   -1.293596975   31.275329520   11.718913111    2.089739119
   -1.999195325   -1.293596975   33.376684590    9.688348749   -1.036769978
   -1.808795770   -1.293596975   34.805581971    5.174408023   -4.530145568
   -1.618396215   -1.293596975   35.389840923    1.322982675   -8.175637110
   -1.427996661   -1.293596975   35.503435636    0.499607059  -11.614389023
   -1.237597106   -1.293596975   35.823843874    3.485951444  -14.419458192
   -1.047197551   -1.293596975   37.007712314    9.228582036  -16.238639663
   -0.856797996   -1.293596975   39.368113470   15.326517914  -16.921912060
   -0.666398442   -1.293596975   42.685067597   18.745475403  -16.577039519
   -0.475998887   -1.293596975   46.182150530   16.818545732  -15.516868593
   -0.285599332   -1.293596975   48.674701760    8.133920943  -14.155025624
   -0.095199777   -1.293596975   48.884714671   -6.884032408  -12.868358709
    0.095199777   -1.293596975   45.836033612  -25.388236975  -11.898895878
    0.285599332   -1.293596975   39.330586914  -42.167293509  -11.276803058
    0.475998887   -1.293596975   30.314006746  -50.682647858  -10.828195021
    0.666398442   -1.293596975   20.918836821  -45.495214013  -10.251877647
    0.856797996   -1.293596975   13.963916907  -25.286261291   -9.264101448
    1.047197551   -1.293596975   11.978356209    5.460003802   -7.740805366
    1.237597106   -1.293596975   16.143514070   37.595459222   -5.792652740
    1.427996661   -1.293596975   25.747395507   61.103886608   -3.683740493
    1.618396215   -1.293596975   38.444399973   69.463234099   -1.682649586
    1.808795770   -1.293596975   51.178210951   61.838139717    0.074906644
    1.999195325   -1.293596975   61.232491662   42.257939751    1.624517773
    2.189594880   -1.293596975   66.912976165   16.974053430    3.101161012
    2.379994435   -1.293596975   67.714673437   -8.102617604    4.628165622
    2.570393989   -1.293596975   64.126538462  -28.546330273    6.220243195
    2.760793544   -1.293596975   57.327093421  -41.486590810    7.744851248
    2.951193099   -1.293596975   48.906723251  -45.490974923    8.955632975

   -3.141592654   -0.923997839   41.608330412  -42.311357172    5.237925399
   -2.951193099   -0.923997839   34.510695905  -31.483043406    4.040362223
   -2.760793544   -0.923997839   29.867865165  -17.157052836    2.230437653
   -2.570393989   -0.923997839   27.933912099   -3.686058443   -0.036671150
   -2.379994435   -0.923997839   28.173942281    5.236743970   -2.653518863
   -2.189594880   -0.923997839   29.528928314    7.963659858   -5.607076858
   -1.999195325   -0.923997839   30.864530749    5.380573915   -8.919979170
   -1.808795770   -0.923997839   31.419922252    0.341923930  -12.508994105
   -1.618396215   -0.923997839   31.062120148   -3.643059707  -16.070553999
   -1.427996661   -0.923997839   30.272942730   -3.876286635  -19.098427851
   -1.237597106   -0.923997839   29.881753749    0.523684852  -21.037172970
   -1.047197551   -0.923997839   30.687509681    8.294503259  -21.509485916
   -0.856797996   -0.923997839   33.079306904   16.570980305  -20.478505980
   -0.666398442   -0.923997839   36.813329221   21.774351670  -18.267024258
   -0.475998887   -0.923997839   40.993608880   20.800390556  -15.423000866
   -0.285599332   -0.923997839   44.254553257   12.055802206  -12.511714831
   -0.095199777   -0.923997839   45.132214902   -3.922120392   -9.926840996
    0.095199777   -0.923997839   42.512793784  -23.877620383   -7.802740759
    0.285599332   -0.923997839   36.158199178  -42.027047664   -6.020176235
    0.475998887   -0.923997839   27.086389977  -51.258567793   -4.328535556
    0.666398442   -0.923997839   17.590784797  -45.813050014   -2.513837197
    0.856797996   -0.923997839   10.671697277  -24.488121725   -0.543980730
    1.047197551   -0.923997839    8.977849122    7.714011312    1.395152472
    1.237597106   -0.923997839   13.693649852   41.023370243    2.987462659
    1.427996661   -0.923997839   24.009463688   65.020023569    3.986888104
    1.618396215   -0.923997839   37.443379378   73.185133265    4.360953059
    1.808795770   -0.923997839   50.833858144   64.976912404    4.313641437
    1.999195325   -0.923997839   61.423447691   44.748579769    4.174376729
    2.189594880   -0.923997839   67.524782613   18.922355996    4.225516280
    2.379994435   -0.923997839   68.652252418   -6.627103884    4.577703841
    2.570393989   -0.923997839   65.296128098  -27.607274346    5.130025730
    2.760793544   -0.923997839   58.610429831  -41.265223974    5.621735224
    2.951193099   -0.923997839   50.149097815  -46.165411755    5.738241525

   -3.141592654   -0.554398704   42.610418407  -45.187058961    2.095858377
   -2.951193099   -0.554398704   34.852684863  -35.470213673    0.001878472
   -2.760793544   -0.554398704   29.378594112  -21.814232384   -2.558070441
   -2.570393989   -0.554398704   26.526260494   -8.627401148   -5.335847485
   -2.379994435   -0.554398704   25.810773431    0.138446846   -8.194893854
   -2.189594880   -0.554398704   26.172734833    2.607250742  -11.156421912
   -1.999195325   -0.554398704   26.457356197   -0.289369993  -14.287268178
   -1.808795770   -0.554398704   25.923616297   -5.334841383  -17.498633920
   -1.618396215   -0.554398704   24.542749623   -8.552268662  -20.415886691
   -1.427996661   -0.554398704   22.972471449   -6.999527395  -22.446791574
   -1.237597106   -0.554398704   22.225082954    0.005379391  -23.024813502
   -1.047197551   -0.554398704   23.203398813   10.606467253  -21.899375990
   -0.856797996   -0.554398704   26.269684752   21.209420350  -19.276894757
   -0.666398442   -0.554398704   31.028716215   27.701348302  -15.734781337
   -0.475998887   -0.554398704   36.365459593   26.828422550  -11.974113516
   -0.285599332   -0.554398704   40.704877862   17.233399156   -8.532554963
   -0.095199777   -0.554398704   42.446968946   -0.053275235   -5.610964737
    0.095199777   -0.554398704   40.445714547  -21.189741996   -3.066059362
    0.285599332   -0.554398704   34.533837842  -39.943647682   -0.547069258
    0.475998887   -0.554398704   25.859774164  -49.057729236    2.256492555
    0.666398442   -0.554398704   16.837705060  -43.008632483    5.377891594
    0.856797996   -0.554398704   10.513124609  -21.113140607    8.473152895
    1.047197551   -0.554398704    9.476813968   11.107678789   10.938925454
    1.237597106   -0.554398704   14.782344063   43.701665463   12.199085932
    1.427996661   -0.554398704   25.498077610   66.496166479   12.026899779
    1.618396215   -0.554398704   39.097842233   73.495722581   10.668753672
    1.808795770   -0.554398704   52.473659140   64.616893718    8.724457677
    1.999195325   -0.554398704   62.981354755   44.343582148    6.863119638
    2.189594880   -0.554398704   69.036850332   18.881904789    5.538104048
    2.379994435   -0.554398704   70.193807434   -6.315777038    4.847887030
    2.570393989   -0.554398704   66.900732542  -27.346813587    4.558900036
    2.760793544   -0.554398704   60.212134852  -41.654534176    4.252884379
    2.951193099   -0.554398704   51.572660191  -47.712425339    3.514081184

   -3.141592654   -0.184799568   42.893606899  -49.145897936   -0.257424447
   -2.951193099   -0.184799568   34.273643384  -40.465331088   -2.620310935
   -2.760793544   -0.184799568   27.791514779  -27.305275343   -5.281046030
   -2.570393989   -0.184799568   23.883305861  -14.174786611   -7.987401823
   -2.379994435   -0.184799568   22.118289557   -5.345293232  -10.626227377
   -2.189594880   -0.184799568   21.434100586   -2.917463623  -13.247429283
   -1.999195325   -0.184799568   20.662180420   -5.823168620  -15.917777989
   -1.808795770   -0.184799568   19.110518499  -10.355890672  -18.506534655
   -1.618396215   -0.184799568   16.902499097  -12.018769081  -20.579844670
   -1.427996661   -0.184799568   14.913753115   -7.754273082  -21.524222002
   -1.237597106   -0.184799568   14.339238898    2.612857441  -20.846572994
   -1.047197551   -0.184799568   16.118995729   16.283499059  -18.477872231
   -0.856797996   -0.184799568   20.467090898   28.744322704  -14.858981337
   -0.666398442   -0.184799568   26.708874527   35.464853844  -10.750488990
   -0.475998887   -0.184799568   33.432719347   33.456856115   -6.893996519
   -0.285599332   -0.184799568   38.871468826   22.128712787   -3.683983580
   -0.095199777   -0.184799568   41.400171787    3.429977227   -1.045824055
    0.095199777   -0.184799568   40.004705472  -18.115963781    1.466202274
    0.285599332   -0.184799568   34.730870208  -36.153325848    4.391959783
    0.475998887   -0.184799568   26.902655131  -43.937897046    8.019474233
    0.666398442   -0.184799568   18.965138355  -36.891733000   12.131798684
    0.856797996   -0.184799568   13.809528474  -15.223508043   16.001863477
    1.047197551   -0.184799568   13.749144149   15.205536505   18.677541216
    1.237597106   -0.184799568   19.570751807   44.913596583   19.426386299
    1.427996661   -0.184799568   30.227629177   64.747351349   18.111669718
    1.618396215   -0.184799568   43.281842819   69.732689138   15.248991484
    1.808795770   -0.184799568   55.863407982   60.282915961   11.751466797
    1.999195325   -0.184799568   65.595004033   40.691496612    8.519705866
    2.189594880   -0.184799568   71.072780339   16.500245663    6.104549683
    2.379994435   -0.184799568   71.888609120   -7.605434483    4.583268925
    2.570393989   -0.184799568   68.399423784  -28.263283165    3.641033917
    2.760793544   -0.184799568   61.500266493  -43.085960711    2.782717011
    2.951193099   -0.184799568   52.483298688  -50.322215960    1.559842316

   -3.141592654    0.184799568   42.602788907  -52.672199442   -2.622706230
   -2.951193099    0.184799568   33.238468717  -44.665364887   -4.522192652
   -2.760793544    0.184799568   25.925772076  -31.749797333   -6.453948827
   -2.570393989    0.184799568   21.174227682  -18.554332837   -8.302667309
   -2.379994435    0.184799568   18.587260290   -9.607872785  -10.079592017
   -2.189594880    0.184799568   17.098350909   -7.105160258  -11.891081994
   -1.999195325    0.184799568   15.549089528   -9.726293754  -13.779461456
   -1.808795770    0.184799568   13.333169311  -13.271843560  -15.550014854
   -1.618396215    0.184799568   10.747757253  -12.883711507  -16.732977093
   -1.427996661    0.184799568    8.865238318   -5.668812128  -16.758979653
   -1.237597106    0.184799568    8.987176155    7.775038262  -15.266705793
   -1.047197551    0.184799568   11.978504944   23.611928950  -12.360812718
   -0.856797996    0.184799568   17.798307626   36.573708204   -8.615761540
   -0.666398442    0.184799568   25.440793209   42.099158979   -4.806413234
   -0.475998887    0.184799568   33.229290807   37.928364527   -1.537229748
   -0.285599332    0.184799568   39.315893807   24.576987021    1.055056959
   -0.095199777    0.184799568   42.203440578    4.997015753    3.330667951
    0.095199777    0.184799568   41.149516434  -15.835770382    5.933698212
    0.285599332    0.184799568   36.484938880  -31.893883254    9.413853254
    0.475998887    0.184799568   29.685858304  -37.464449672   13.855848047
    0.666398442    0.184799568   23.117334852  -29.277304968   18.693406147
    0.856797996    0.184799568   19.365325300   -8.483585568   22.849262134
    1.047197551    0.184799568   20.337068693   19.000153802   25.174698289
    1.237597106    0.184799568   26.498733796   44.616625712   24.975357863
    1.427996661    0.184799568   36.719527781   60.632587374   22.340344197
    1.618396215    0.184799568   48.737545431   63.276317088   18.070539149
    1.808795770    0.184799568   60.019533585   53.400987092   13.293781782
    1.999195325    0.184799568   68.527474868   34.916193501    8.992933805
    2.189594880    0.184799568   73.071331756   12.501098443    5.696011665
    2.379994435    0.184799568   73.283707419  -10.045284179    3.425528790
    2.570393989    0.184799568   69.418946837  -29.925328855    1.848210363
    2.760793544    0.184799568   62.203407999  -44.882955070    0.517476923
    2.951193099    0.184799568   52.776074548  -52.902766762   -0.922622313

   -3.141592654    0.554398704   43.799317217  -53.992246204   -2.288288245
   -2.951193099    0.554398704   34.097429413  -46.853830748   -3.234975705
   -2.760793544    0.554398704   26.298002337  -34.621020675   -4.160107524
   -2.570393989    0.554398704   20.955593780  -21.841996999   -5.087627373
   -2.379994435    0.554398704   17.721819788  -13.079381003   -6.079588667
   -2.189594880    0.554398704   15.572246357  -10.526970702   -7.193650107
   -1.999195325    0.554398704   13.404310215  -12.718244031   -8.386149975
   -1.808795770    0.554398704   10.706997987  -15.216403118   -9.438809971
   -1.618396215    0.554398704    7.908431307  -13.071913107   -9.983401743
   -1.427996661    0.554398704    6.194829386   -3.683235510   -9.649824468
   -1.237597106    0.554398704    6.888955071   11.688479254   -8.269909206
   -1.047197551    0.554398704   10.737478200   28.493678777   -6.013790829
   -0.856797996    0.554398704   17.475787590   41.135825699   -3.332634520
   -0.666398442    0.554398704   25.873794143   45.366808179   -0.724435854
   -0.475998887    0.554398704   34.142698616   39.770368663    1.529704681
   -0.285599332    0.554398704   40.501649128   25.792873292    3.539168607
   -0.095199777    0.554398704   43.669976443    6.979189261    5.747526534
    0.095199777    0.554398704   43.174779053  -11.781488157    8.709174106
    0.285599332    0.554398704   39.529217235  -25.257975256   12.747517751
    0.475998887    0.554398704   34.190793426  -28.993399599   17.670912544
    0.666398442    0.554398704   29.265966513  -20.876882842   22.680474090
    0.856797996    0.554398704   26.919763963   -2.505762037   26.586705059
    1.047197551    0.554398704   28.648324338   20.764046254   28.278601551
    1.237597106    0.554398704   34.697065058   41.732885717   27.220826125
    1.427996661    0.554398704   43.999182450   54.150909415   23.699038960
    1.618396215    0.554398704   54.594312916   55.175957826   18.664220136
    1.808795770    0.554398704   64.345040222   45.718422816   13.303026344
    1.999195325    0.554398704   71.547005622   29.041071614    8.578041834
    2.189594880    0.554398704   75.188746178    8.908259153    4.971052958
    2.379994435    0.554398704   74.915014118  -11.665807167    2.489252131
    2.570393989    0.554398704   70.870808304  -30.338780704    0.840889677
    2.760793544    0.554398704   63.620012104  -44.975625812   -0.338371711
    2.951193099    0.554398704   54.144391886  -53.408379859   -1.332861399

   -3.141592654    0.923997839   43.599107285  -54.612435042   -2.838818217
   -2.951193099    0.923997839   33.797017992  -47.257440394   -2.582770388
   -2.760793544    0.923997839   25.940322716  -34.817940317   -2.128601636
   -2.570393989    0.923997839   20.572289592  -21.937021944   -1.709892597
   -2.379994435    0.923997839   17.314874827  -13.266165603   -1.528956991
   -2.189594880    0.923997839   15.106095363  -10.981545625   -1.681479323
   -1.999195325    0.923997839   12.823181413  -13.453375328   -2.113697759
   -1.808795770    0.923997839    9.975212818  -16.009687856   -2.641853775
   -1.618396215    0.923997839    7.049557705  -13.551788904   -3.018176752
   -1.427996661    0.923997839    5.299823309   -3.553670156   -3.017458326
   -1.237597106    0.923997839    6.081249298   12.444037467   -2.518489208
   -1.047197551    0.923997839   10.113886389   29.604065319   -1.545148858
   -0.856797996    0.923997839   17.069673514   42.266320469   -0.227903079
   -0.666398442    0.923997839   25.676327953   46.450409968    1.295464445
   -0.475998887    0.923997839   34.175457910   41.211453870    2.985099492
   -0.285599332    0.923997839   40.904060613   28.385301703    4.972885881
   -0.095199777    0.923997839   44.745159943   11.579155428    7.515077606
    0.095199777    0.923997839   45.358208428   -4.724148277   10.863168078
    0.285599332    0.923997839   43.268855195  -16.113581941   15.037109141
    0.475998887    0.923997839   39.769443665  -19.123846983   19.644653186
    0.666398442    0.923997839   36.629638496  -12.377967351   23.858277592
    0.856797996    0.923997839   35.598356488    2.488328375   26.646702874
    1.047197551    0.923997839   37.829473552   20.934062384   27.182631112
    1.237597106    0.923997839   43.444195814   37.143699033   25.225924595
    1.427996661    0.923997839   51.521333360   46.189911491   21.237027975
    1.618396215    0.923997839   60.443585700   45.922883767   16.157344040
    1.808795770    0.923997839   68.466972381   37.096443739   11.012212868
    1.999195325    0.923997839   74.188168471   22.228194036    6.548917894
    2.189594880    0.923997839   76.734860907    4.204455334    3.091167745
    2.379994435    0.923997839   75.742966724  -14.599119739    0.612968637
    2.570393989    0.923997839   71.261590524  -32.099112017   -1.076904941
    2.760793544    0.923997839   63.742229539  -46.104486814   -2.156717343
    2.951193099    0.923997839   54.082943675  -54.232545350   -2.726113666

   -3.141592654    1.293596975   40.359140095  -54.584633961   -7.131882954
   -2.951193099    1.293596975   30.702898601  -45.809656207   -6.695213013
   -2.760793544    1.293596975   23.212355778  -32.542012572   -5.673161393
   -2.570393989    1.293596975   18.294001087  -19.615895418   -4.333434648
   -2.379994435    1.293596975   15.426918848  -11.578762042   -2.937014348
   -2.189594880    1.293596975   13.446459922  -10.305705301   -1.644226578
   -1.999195325    1.293596975   11.189075393  -13.847617756   -0.492768923
   -1.808795770    1.293596975    8.177669144  -17.287109148    0.542516888
   -1.618396215    1.293596975    4.952471071  -15.349683415    1.475610900
   -1.427996661    1.293596975    2.849880580   -5.374544959    2.287458697
   -1.237597106    1.293596975    3.329747014   11.186643580    2.953351499
   -1.047197551    1.293596975    7.223750012   29.483162309    3.490553432
   -0.856797996    1.293596975   14.300641300   43.704573832    3.992300321
   -0.666398442    1.293596975   23.346605034   49.628307876    4.630483875
   -0.475998887    1.293596975   32.612896648   46.067083022    5.624618601
   -0.285599332    1.293596975   40.407947273   34.681899926    7.210287294
   -0.095199777    1.293596975   45.559303642   18.981793439    9.565959323
    0.095199777    1.293596975   47.650689246    3.300038156   12.728824410
    0.285599332    1.293596975   47.091835614   -8.217175531   16.465063927
    0.475998887    1.293596975   45.000663605  -12.429961387   20.209995139
    0.666398442    1.293596975   42.923532133   -8.102333850   23.140381558
    0.856797996    1.293596975   42.397876486    3.416871669   24.432021554
    1.047197551    1.293596975   44.464496898   18.318377227   23.593830489
    1.237597106    1.293596975   49.291600499   31.662551512   20.714864917
    1.427996661    1.293596975   56.151925374   39.116356585   16.426808598
    1.618396215    1.293596975   63.683736572   38.582443221   11.617087698
    1.808795770    1.293596975   70.359777169   30.381067102    7.069060547
    1.999195325    1.293596975   74.889417327   16.432721975    3.216714970
    2.189594880    1.293596975   76.411143626   -0.801918804    0.129866541
    2.379994435    1.293596975   74.523734476  -19.022037305   -2.332266915
    2.570393989    1.293596975   69.254130653  -35.923727927   -4.321125481
    2.760793544    1.293596975   61.086003966  -49.018479476   -5.860570904
    2.951193099    1.293596975   50.992444449  -55.801777982   -6.843329547

   -3.141592654    1.663196111   35.193139165  -55.606705818  -14.122707142
   -2.951193099    1.663196111   25.543436834  -44.753814505  -13.967972365
   -2.760793544    1.663196111   18.415381100  -29.918206283  -12.667435945
   -2.570393989    1.663196111   14.081488739  -16.241568855  -10.448048239
   -2.379994435    1.663196111   11.866845647   -8.202750061   -7.614301544
   -2.189594880    1.663196111   10.491555379   -7.371586824   -4.450918348
   -1.999195325    1.663196111    8.737043193  -11.510089165   -1.196717999
   -1.808795770    1.663196111    6.112114377  -15.567950403    1.906508906
   -1.618396215    1.663196111    3.156685527  -14.229059650    4.578672564
   -1.427996661    1.663196111    1.218318577   -4.743477453    6.555045578
   -1.237597106    1.663196111    1.794798537   11.627746614    7.695505174
   -1.047197551    1.663196111    5.794172655   30.229915883    8.083157858
   -0.856797996    1.663196111   13.087291594   45.305918373    8.024302031
   -0.666398442    1.663196111   22.554176096   52.485734285    7.950853261
   -0.475998887    1.663196111   32.496962094   50.311069026    8.264657326
   -0.285599332    1.663196111   41.221222739   40.142967830    9.222287750
   -0.095199777    1.663196111   47.496245751   25.233379913   10.869369371
    0.095199777    1.663196111   50.800480601    9.647140039   13.032162044
    0.285599332    1.663196111   51.387485018   -2.706557491   15.314984383
    0.475998887    1.663196111   50.182835235   -8.800891537   17.157400159
    0.666398442    1.663196111   48.545501800   -7.211638023   17.965496984
    0.856797996    1.663196111   47.899229474    1.271763849   17.323129539
    1.047197551    1.663196111   49.300537371   13.617859364   15.178470641
    1.237597106    1.663196111   53.073217253   25.498531340   11.909911489
    1.427996661    1.663196111   58.720188592   32.717874875    8.154245158
    1.618396215    1.663196111   65.084153484   32.805294467    4.524125376
    1.808795770    1.663196111   70.741365576   25.435880139    1.361904690
    1.999195325    1.663196111   74.385381472   11.992351461   -1.335407522
    2.189594880    1.663196111   75.067305226   -5.258192379   -3.796451383
    2.379994435    1.663196111   72.302324031  -23.795443766   -6.262003752
    2.570393989    1.663196111   66.102865831  -40.838912959   -8.797068810
    2.760793544    1.663196111   57.034259799  -53.419483557  -11.211222403
    2.951193099    1.663196111   46.219151190  -58.828098513  -13.122367874

   -3.141592654    2.032795246   28.407714987  -58.078823850  -16.388897419
   -2.951193099    2.032795246   18.529734796  -44.635880000  -16.092275911
   -2.760793544    2.032795246   11.674851401  -27.221709887  -14.440181834
   -2.570393989    2.032795246    8.067049134  -11.412003011  -11.676390554
   -2.379994435    2.032795246    6.922722576   -1.908882079   -8.137641502
   -2.189594880    2.032795246    6.828682711   -0.327400781   -4.130859584
   -1.999195325    2.032795246    6.430365965   -4.430090896    0.089445889
   -1.808795770    2.032795246    5.099814480   -9.173773620    4.241947479
   -1.618396215    2.032795246    3.244062011   -9.165088662    7.953654977
   -1.427996661    2.032795246    2.110743948   -1.384533973   10.815590872
   -1.237597106    2.032795246    3.167912278   13.367425085   12.534665406
   -1.047197551    2.032795246    7.387850465   30.918034135   13.093335143
   -0.856797996    2.032795246   14.777828586   45.767740764   12.783513049
   -0.666398442    2.032795246   24.372445824   53.454175792   12.091849352
   -0.475998887    2.032795246   34.581075682   52.147010827   11.489749394
   -0.285599332    2.032795246   43.733531914   42.742681957   11.254485861
   -0.095199777    2.032795246   50.539467418   28.099539517   11.376918558
    0.095199777    2.032795246   54.356835977   12.031706596   11.587920699
    0.285599332    2.032795246   55.288183539   -1.606800214   11.453169576
    0.475998887    2.032795246   54.117902326   -9.617657691   10.550077131
    0.666398442    2.032795246   52.120643306  -10.153748450    8.659861078
    0.856797996    2.032795246   50.736401559   -3.421016933    5.907441780
    1.047197551    2.032795246   51.146027706    8.082728693    2.745160772
    1.237597106    2.032795246   53.871091359   20.199909054   -0.210741506
    1.427996661    2.032795246   58.598608324   28.443562667   -2.476429160
    1.618396215    2.032795246   64.264085518   29.714155309   -3.913850533
    1.808795770    2.032795246   69.410851042   23.046074784   -4.770946765
    1.999195325    2.032795246   72.601780365    9.481048015   -5.534032941
    2.189594880    2.032795246   72.731211037   -8.643806040   -6.680377309
    2.379994435    2.032795246   69.208041085  -28.373683629   -8.464369585
    2.570393989    2.032795246   62.040618371  -46.325100105  -10.802862128
    2.760793544    2.032795246   51.903902989  -58.975598172  -13.292844133
    2.951193099    2.032795246   40.111607102  -63.338229173  -15.343883136

   -3.141592654    2.402394382   21.284714788  -61.062906500  -10.524575409
   -2.951193099    2.402394382   11.111846092  -44.678292361   -9.449595785
   -2.760793544    2.402394382    4.550210612  -24.131426143   -7.408178994
   -2.570393989    2.402394382    1.804704135   -5.541896854   -4.649420827
   -2.379994435    2.402394382    1.989757592    6.054045263   -1.405342414
   -2.189594880    2.402394382    3.546733169    8.910049935    2.205779305
   -1.999195325    2.402394382    4.959903417    5.208882889    6.132885305
   -1.808795770    2.402394382    5.429826245   -0.060727343   10.232081698
   -1.618396215    2.402394382    5.185612938   -1.494254685   14.141495068
   -1.427996661    2.402394382    5.316174869    4.127414122   17.325022412
   -1.237597106    2.402394382    7.191439738   16.441458016   19.273061753
   -1.047197551    2.402394382   11.782805891   31.821424655   19.749584019
   -0.856797996    2.402394382   19.192311433   45.196491933   18.905499329
   -0.666398442    2.402394382   28.603655021   52.213898702   17.198042383
   -0.475998887    2.402394382   38.562112186   50.810703006   15.166178264
   -0.285599332    2.402394382   47.465231220   41.425869212   13.193975098
   -0.095199777    2.402394382   53.997058006   26.442817524   11.374214685
    0.095199777    2.402394382   57.415430901    9.377682014    9.513665640
    0.285599332    2.402394382   57.698184969   -5.839255721    7.261636389
    0.475998887    2.402394382   55.557892788  -15.533107983    4.338269264
    0.666398442    2.402394382   52.315897236  -17.136905290    0.757633557
    0.856797996    2.402394382   49.594494816  -10.238428414   -3.071968214
    1.047197551    2.402394382   48.834212173    2.836885338   -6.467574846
    1.237597106    2.402394382   50.790133663   17.460971481   -8.755492981
    1.427996661    2.402394382   55.244841596   28.243988790   -9.616880570
    1.618396215    2.402394382   61.048515530   31.163115844   -9.233446567
    1.808795770    2.402394382   66.516655152   24.724904758   -8.196244761
    1.999195325    2.402394382   69.936141502   10.005019778   -7.227454598
    2.189594880    2.402394382   69.978263707  -10.174662733   -6.877741065
    2.379994435    2.402394382   65.947631477  -32.132758568   -7.344282118
    2.570393989    2.402394382   57.890730147  -51.757314750   -8.438841407
    2.760793544    2.402394382   46.646885215  -64.949695031   -9.693198565
    2.951193099    2.402394382   33.776599872  -68.454818759  -10.541176241

   -3.141592654    2.771993518   18.286515740  -60.860069818   -0.216297566
   -2.951193099    2.771993518    8.282044969  -43.137693836    1.811388491
   -2.760793544    2.771993518    2.131461236  -21.405671002    4.197550134
   -2.570393989    2.771993518    0.000000000   -1.849813432    6.773853189
   -2.379994435    2.771993518    0.971518107   10.623774003    9.495933334
   -2.189594880    2.771993518    3.487007575   14.423876113   12.459853636
   -1.999195325    2.771993518    6.043185064   11.681420586   15.775112591
   -1.808795770    2.771993518    7.814916409    7.045300662   19.360539423
   -1.618396215    2.771993518    8.924695778    5.457796968   22.817836976
   -1.427996661    2.771993518   10.279878181    9.856834974   25.503909519
   -1.237597106    2.771993518   13.052326158   20.013856765   26.780405284
   -1.047197551    2.771993518   18.081098764   32.826220840   26.310202943
   -0.856797996    2.771993518   25.452471048   43.872612767   24.204172692
   -0.666398442    2.771993518   34.442220535   49.234945630   20.945726683
   -0.475998887    2.771993518   43.733612184   46.877145189   17.151406961
   -0.285599332    2.771993518   51.830985633   36.920161628   13.297884844
   -0.095199777    2.771993518   57.448675067   21.306312701    9.563694749
    0.095199777    2.771993518   59.803775515    3.289089679    5.838730361
    0.285599332    2.771993518   58.818810247  -13.066487975    1.884528940
    0.475998887    2.771993518   55.215171789  -23.564537463   -2.411790415
    0.666398442    2.771993518   50.440455912  -24.987512909   -6.827315274
    0.856797996    2.771993518   46.348782741  -16.539245075  -10.778190437
    1.047197551    2.771993518   44.634296394   -0.715230419  -13.532375493
    1.237597106    2.771993518   46.218268507   17.105754307  -14.551755761
    1.427996661    2.771993518   50.875533253   30.572988475  -13.791379248
    1.618396215    2.771993518   57.280973085   34.917191923  -11.725214552
    1.808795770    2.771993518   63.481634298   28.438907858   -9.127831592
    1.999195325    2.771993518   67.509824058   12.546222796   -6.736687186
    2.189594880    2.771993518   67.878215515   -9.314702673   -4.985835873
    2.379994435    2.771993518   63.857296814  -32.813249347   -3.923236754
    2.570393989    2.771993518   55.569684785  -53.367815643   -3.286398771
    2.760793544    2.771993518   43.997031855  -66.652371754   -2.673209967
    2.951193099    2.771993518   30.858843999  -69.457809304   -1.716284683
