#! FIELDS phi psi file.free der_phi der_psi
#! SET min_phi -pi
#! SET max_phi pi
#! SET nbins_phi  33
#! SET periodic_phi true
#! SET min_psi -pi
#! SET max_psi pi
#! SET nbins_psi  17
#! SET periodic_psi true
   -3.141592654   -3.141592654   20.089523319  -56.591649604   12.207036076
   -2.951193099   -3.141592654   11.017369750  -37.854604304   15.031861454
   -2.760793544   -3.141592654    5.865751186  -16.437216377   17.386028021
   -2.570393989   -3.141592654    4.566240386    1.800976910   19.230201906
   -2.379994435   -3.141592654    6.089945825   12.830618124   20.786488527
   -2.189594880   -3.141592654    8.942493695   15.931060883   22.458210231
   -1.999195325   -3.141592654   11.808731063   13.604089585   24.593296917
   -1.808795770   -3.141592654   14.052813961   10.149185071   27.210965875
   -1.618396215   -3.141592654   15.866378784    9.651695498   29.871239377
   -1.427996661   -3.141592654   18.055706319   14.211905369   31.801994525
   -1.237597106   -3.141592654   21.570249737   23.231465544   32.235248759
   -1.047197551   -3.141592654   27.016084308   33.854260402   30.774592482
   -0.856797996   -3.141592654   34.336930594   42.297903167   27.557716322
   -0.666398442   -3.141592654   42.791758391   45.263897492   23.134831666
   -0.475998887   -3.141592654   51.138813139   41.020555809   18.173948616
   -0.285599332   -3.141592654   57.976557478   29.595181330   13.146888837
   -0.095199777   -3.141592654   62.072230168   12.643013475    8.196885210
    0.095199777   -3.141592654   62.645174231   -6.782782731    3.214152833
    0.285599332   -3.141592654   59.613025712  -24.454282043   -1.932499093
    0.475998887   -3.141592654   53.764643894  -35.579883403   -7.141603409
    0.666398442   -3.141592654   46.753946024  -36.152492332  -11.949645175
    0.856797996   -3.141592654   40.776061269  -24.831495073  -15.635545567
    1.047197551   -3.141592654   37.907715424   -4.282635721  -17.523832564
    1.237597106   -3.141592654   39.338827426   19.083210743  -17.315014661
    1.427996661   -3.141592654   44.857353824   37.393729638  -15.259262834
    1.618396215   -3.141592654   52.863977001   44.491583288  -12.030292121
    1.808795770   -3.141592654   60.936048158   38.074760395   -8.417572537
    1.999195325   -3.141592654   66.618003071   19.987107479   -5.002472113
    2.189594880   -3.141592654   68.100033156   -5.109516510   -1.999866350
    2.379994435   -3.141592654   64.594858103  -31.420473758    0.696482321
    2.570393989   -3.141592654   56.420014986  -53.273851261    3.343091319
    2.760793544   -3.141592654   44.888333289  -66.048553292    6.149567733
    2.951193099   -3.141592654   32.021934488  -67.095175545    9.155898335

   -3.141592654   -2.771993518   27.694816764  -50.333207869   20.284970604
   -2.951193099   -2.771993518   19.636310219  -33.557117432   23.102833688
   -2.760793544   -2.771993518   15.101770827  -14.220383225   24.882432633
   -2.570393989   -2.771993518   14.064638975    2.481024943   25.735061526
   -2.379994435   -2.771993518   15.653022127   13.028804442   26.064785283
   -2.189594880   -2.771993518   18.589581480   16.782650933   26.410314861
   -1.999195325   -2.771993518   21.739772500   15.782751566   27.181907302
   -1.808795770   -2.771993518   24.517801219   13.468698720   28.426369887
   -1.618396215   -2.771993518   26.992216692   13.041347230   29.747817611
   -1.427996661   -2.771993518   29.712021925   16.135188393   30.447325745
   -1.237597106   -2.771993518   33.340189677   22.334201912   29.827831310
   -1.047197551   -2.771993518   38.287623223   29.498702346   27.517670063
   -0.856797996   -2.771993518   44.462957964   34.737606794   23.620427492
   -0.666398442   -2.771993518   51.241303363   35.416156170   18.624842238
   -0.475998887   -2.771993518   57.585001606   30.024198934   13.162680472
   -0.285599332   -2.771993518   62.299364219   18.435786875    7.723651420
   -0.095199777   -2.771993518   64.308278419    1.972431994    2.530059520
    0.095199777   -2.771993518   62.926442566  -16.588460100   -2.415660326
    0.285599332   -2.771993518   58.133007888  -33.087284600   -7.133383206
    0.475998887   -2.771993518   50.784983894  -42.602407052  -11.462822232
    0.666398442   -2.771993518   42.635437640  -40.977067471  -14.986440206
    0.856797996   -2.771993518   35.991214158  -26.921990980  -17.155700680
    1.047197551   -2.771993518   33.001753867   -3.462888277  -17.554604732
    1.237597106   -2.771993518   34.839240086   22.429476883  -16.142447698
    1.427996661   -2.771993518   41.169956401   42.425339359  -13.312197331
    1.618396215   -2.771993518   50.217805818   50.261542492   -9.704743794
    1.808795770   -2.771993518   59.404125993   43.947317773   -5.921316877
    1.999195325   -2.771993518   66.200656489   25.844346212   -2.286160975
    2.189594880   -2.771993518   68.818074599    1.023902585    1.204477814
    2.379994435   -2.771993518   66.537935181  -24.637290630    4.752201137
    2.570393989   -2.771993518   59.728164703  -45.742287128    8.549143782
    2.760793544   -2.771993518   49.677802808  -58.129320838   12.595900568
    2.951193099   -2.771993518   38.298741057  -59.552135493   16.646383370

   -3.141592654   -2.402394382   35.624038519  -44.941941095   19.376069739
   -2.951193099   -2.402394382   28.398391534  -30.237372141   21.487313211
   -2.760793544   -2.402394382   24.308471733  -12.782314190   22.577214891
   -2.570393989   -2.402394382   23.423432996    2.801498984   22.838747258
   -2.379994435   -2.402394382   25.048001769   13.258628603   22.651247755
   -2.189594880   -2.402394382   28.089028200   17.747272073   22.414708582
   -1.999195325   -2.402394382   31.515948608   17.694120958   22.356885317
   -1.808795770   -2.402394382   34.707490053   15.741244354   22.423368895
   -1.618396215   -2.402394382   37.553779737   14.439697839   22.293200785
   -1.427996661   -2.402394382   40.342354215   15.242677824   21.518413805
   -1.237597106   -2.402394382   43.496173056   18.153780335   19.727179008
   -1.047197551   -2.402394382   47.314934867   21.900381957   16.801656615
   -0.856797996   -2.402394382   51.776338939   24.543188700   12.923938001
   -0.666398442   -2.402394382   56.475900860   24.050726925    8.480504892
   -0.475998887   -2.402394382   60.659331861   18.917477294    3.900465154
   -0.285599332   -2.402394382   63.363792085    8.544612581   -0.519645563
   -0.095199777   -2.402394382   63.633499425   -6.393658418   -4.658643962
    0.095199777   -2.402394382   60.795910987  -23.538162511   -8.515133875
    0.285599332   -2.402394382   54.801707915  -38.742558948  -12.054984029
    0.475998887   -2.402394382   46.509863247  -46.795077602  -15.088640500
    0.666398442   -2.402394382   37.735292365  -43.254142390  -17.251942268
    0.856797996   -2.402394382   30.874494593  -26.853378012  -18.140346517
    1.047197551   -2.402394382   28.127901611   -1.001816130  -17.512730022
    1.237597106   -2.402394382   30.627045697   26.806548078  -15.456154263
    1.427996661   -2.402394382   37.909493951   47.906709582  -12.375331745
    1.618396215   -2.402394382   48.042878790   56.078667794   -8.807794264
    1.808795770   -2.402394382   58.334916040   49.720706081   -5.193840649
    1.999195325   -2.402394382   66.231120431   31.665913127   -1.719587381
    2.189594880   -2.402394382   69.991578592    7.271655097    1.678650267
    2.379994435   -2.402394382   68.968702748  -17.651743332    5.176728352
    2.570393989   -2.402394382   63.558278116  -38.086417328    8.884059142
    2.760793544   -2.402394382   54.990019035  -50.354792533   12.707218932
    2.951193099   -2.402394382   45.034911109  -52.539891340   16.340486618

   -3.141592654   -2.032795246   41.097088851  -41.176475527   12.875671664
   -2.951193099   -2.032795246   34.430327128  -28.160915903   14.172689472
   -2.760793544   -2.032795246   30.582030158  -12.256552625   14.793595949
   -2.570393989   -2.032795246   29.688145791    2.282446729   14.853258476
   -2.379994435   -2.032795246   31.162689609   12.288984066   14.537200804
   -2.189594880   -2.032795246   34.005760985   16.657174904   14.014755544
   -1.999195325   -2.032795246   37.207871946   16.365225547   13.354182142
   -1.808795770   -2.032795246   40.084955720   13.664543761   12.503672391
   -1.618396215   -2.032795246   42.413594768   10.984965932   11.326778290
   -1.427996661   -2.032795246   44.378150180   10.011889972    9.676066534
   -1.237597106   -2.032795246   46.369312075   11.245515708    7.472328506
   -1.047197551   -2.032795246   48.758335801   13.948897587    4.761980688
   -0.856797996   -2.032795246   51.683282956   16.535713903    1.709026750
   -0.666398442   -2.032795246   54.931051686   16.963121668   -1.463271927
   -0.475998887   -2.032795246   57.903034329   13.341116720   -4.543048254
   -0.285599332   -2.032795246   59.696373875    4.517112547   -7.414760947
   -0.095199777   -2.032795246   59.314329633   -9.306105726  -10.060830084
    0.095199777   -2.032795246   55.981557171  -25.906871182  -12.527896335
    0.285599332   -2.032795246   49.557948208  -40.893115070  -14.812880634
    0.475998887   -2.032795246   40.885087159  -48.570081261  -16.768343042
    0.666398442   -2.032795246   31.851479779  -44.081082930  -18.082501756
    0.856797996   -2.032795246   24.975401771  -26.087159747  -18.388587380
    1.047197551   -2.032795246   22.554984463    1.669195967  -17.448162106
    1.237597106   -2.032795246   25.731077717   31.164287468  -15.312090426
    1.427996661   -2.032795246   33.955644011   53.316309864  -12.319640845
    1.618396215   -2.032795246   45.161786700   61.824750390   -8.945136037
    1.808795770   -2.032795246   56.540589538   55.338439045   -5.596647137
    1.999195325   -2.032795246   65.485664420   37.075666201   -2.478984948
    2.189594880   -2.032795246   70.272655326   12.683699597    0.408631698
    2.379994435   -2.032795246   70.301204957  -11.993916032    3.171890698
    2.570393989   -2.032795246   65.995698424  -32.169834176    5.894084393
    2.760793544   -2.032795246   58.554563699  -44.525918846    8.538593188
    2.951193099   -2.032795246   49.653230154  -47.424313687   10.940503557

   -3.141592654   -1.663196111   40.348339164  -40.650632807   11.679169253
   -2.951193099   -1.663196111   33.825884329  -27.186653886   12.351784001
   -2.760793544   -1.663196111   30.194178875  -11.008817395   12.182894062
   -2.570393989   -1.663196111   29.532681845    3.387844137   11.260228406
   -2.379994435   -1.663196111   31.161311987   12.710182574    9.746943836
   -2.189594880   -1.663196111   33.977747202   15.881111865    7.802332091
   -1.999195325   -1.663196111   36.890653971   14.074875728    5.524130619
   -1.808795770   -1.663196111   39.184141011    9.856434338    2.966619749
   -1.618396215   -1.663196111   40.669039687    6.021922521    0.191838436
   -1.427996661   -1.663196111   41.630911109    4.573559248   -2.691381097
   -1.237597106   -1.663196111   42.607598847    6.172954418   -5.521907723
   -1.047197551   -1.663196111   44.126550254    9.991221872   -8.113391944
   -0.856797996   -1.663196111   46.441877646   14.122355374  -10.303126598
   -0.666398442   -1.663196111   49.379064631   16.075330146  -11.993264915
   -0.475998887   -1.663196111   52.296200029   13.549808590  -13.167119049
   -0.285599332   -1.663196111   54.182857045    5.180550959  -13.909448504
   -0.095199777   -1.663196111   53.917460109   -8.842990409  -14.373237157
    0.095199777   -1.663196111   50.615982456  -26.086048771  -14.735065217
    0.285599332   -1.663196111   44.086164154  -41.805515737  -15.094514698
    0.475998887   -1.663196111   35.193109254  -49.879534400  -15.395309644
    0.666398442   -1.663196111   25.925952949  -45.093975011  -15.413656706
    0.856797996   -1.663196111   18.948855682  -26.012801491  -14.858371727
    1.047197551   -1.663196111   16.693026616    3.370443859  -13.527546507
    1.237597106   -1.663196111   20.356510374   34.532615382  -11.450567513
    1.427996661   -1.663196111   29.347236242   57.873084923   -8.874001629
    1.618396215   -1.663196111   41.473541549   66.788062722   -6.130863770
    1.808795770   -1.663196111   53.772291027   59.916243335   -3.480089065
    1.999195325   -1.663196111   63.505350341   40.700020149   -1.013033006
    2.189594880   -1.663196111   68.870681523   15.114598466    1.324572998
    2.379994435   -1.663196111   69.252185812  -10.685406836    3.636864668
    2.570393989   -1.663196111   65.112369915  -31.676288860    5.971250157
    2.760793544   -1.663196111   57.722090685  -44.412934825    8.243463800
    2.951193099   -1.663196111   48.841314881  -47.258323820   10.237200322

   -3.141592654   -1.293596975   39.594633570  -41.625202279    8.980498137
   -2.951193099   -1.293596975   32.856329800  -28.475920835    8.961595103
   -2.760793544   -1.293596975   28.953452012  -12.566954206    8.259022588
   -2.570393989   -1.293596975   27.967169792    1.514021637    6.925320665
   -2.379994435   -1.293596975   29.196683201   10.355807949    5.004131296
   -2.189594880   -1.293596975   31.500704282   12.814683619    2.491766760
   -1.999195325   -1.293596975   33.748931651   10.153583543   -0.638004548
   -1.808795770   -1.293596975   35.220736897    5.196631583   -4.327742986
   -1.618396215   -1.293596975   35.781856056    1.080647203   -8.342065446
   -1.427996661   -1.293596975   35.831765857    0.064692760  -12.261767090
   -1.237597106   -1.293596975   36.050660514    2.839839101  -15.583640668
   -1.047197551   -1.293596975   37.089506384    8.338317402  -17.885534821
   -0.856797996   -1.293596975   39.262094903   14.257282999  -18.968057286
   -0.666398442   -1.293596975   42.373190705   17.688249600  -18.904255173
   -0.475998887   -1.293596975   45.692297961   16.039681764  -17.979667749
   -0.285599332   -1.293596975   48.080558913    7.839819957  -16.585758752
   -0.095199777   -1.293596975   48.283814416   -6.683687195  -15.085834360
    0.095199777   -1.293596975   45.305656941  -24.907443719  -13.730242078
    0.285599332   -1.293596975   38.891378479  -41.759969289  -12.586735062
    0.475998887   -1.293596975   29.919088560  -50.670700662  -11.547276043
    0.666398442   -1.293596975   20.477552440  -45.996906489  -10.397383103
    0.856797996   -1.293596975   13.390630378  -26.120385092   -8.944719096
    1.047197551   -1.293596975   11.249622145    4.748241245   -7.139664375
    1.237597106   -1.293596975   15.336257298   37.565241113   -5.127582057
    1.427996661   -1.293596975   25.033841929   62.151397414   -3.149728612
    1.618396215   -1.293596975   38.034834474   71.553075105   -1.399199069
    1.808795770   -1.293596975   51.224752607   64.391532814    0.086090949
    1.999195325   -1.293596975   61.736585896   44.333385751    1.417355968
    2.189594880   -1.293596975   67.693037518   17.669957081    2.754906116
    2.379994435   -1.293596975   68.459136584   -9.183718405    4.198559997
    2.570393989   -1.293596975   64.518211312  -31.055904795    5.724127390
    2.760793544   -1.293596975   57.178571346  -44.470647964    7.180494194
    2.951193099   -1.293596975   48.235630805  -47.831103669    8.339971719

   -3.141592654   -0.923997839   40.357534951  -43.051614796    5.008147598
   -2.951193099   -0.923997839   33.285624322  -30.518757846    3.920114975
   -2.760793544   -0.923997839   28.951180173  -15.020907594    2.278433564
   -2.570393989   -0.923997839   27.468321569   -1.244237346    0.200116375
   -2.379994435   -0.923997839   28.138146763    7.203803345   -2.265713626
   -2.189594880   -0.923997839   29.785599144    9.022234891   -5.167482269
   -1.999195325   -0.923997839   31.232934116    5.517778547   -8.571751657
   -1.808795770   -0.923997839   31.744693879   -0.202009065  -12.399671464
   -1.618396215   -0.923997839   31.241769209   -4.580199018  -16.310379642
   -1.427996661   -0.923997839   30.254256032   -5.011613796  -19.730208935
   -1.237597106   -0.923997839   29.635836454   -0.729204306  -22.031952622
   -1.047197551   -0.923997839   30.195054792    6.950242355  -22.786018347
   -0.856797996   -0.923997839   32.329791974   15.231244732  -21.932939980
   -0.666398442   -0.923997839   35.825550546   20.650748552  -19.793060791
   -0.475998887   -0.923997839   39.836084630   20.176856241  -16.919264286
   -0.285599332   -0.923997839   43.044066059   12.145046888  -13.881395707
   -0.095199777   -0.923997839   44.007983142   -3.135820603  -11.077572323
    0.095199777   -0.923997839   41.584597543  -22.679325556   -8.654749626
    0.285599332   -0.923997839   35.461913494  -40.877352306   -6.520541074
    0.475998887   -0.923997839   26.568709409  -50.597585831   -4.463956750
    0.666398442   -0.923997839   17.133427313  -45.856967598   -2.317335227
    0.856797996   -0.923997839   10.146234503  -25.114908161   -0.092238505
    1.047197551   -0.923997839    8.311676423    6.952542968    1.993389317
    1.237597106   -0.923997839   12.918673728   40.736989762    3.609984804
    1.427996661   -0.923997839   23.267242265   65.702034633    4.524058931
    1.618396215   -0.923997839   36.934275342   74.913637793    4.741105364
    1.808795770   -0.923997839   50.719733139   67.257093407    4.516512009
    1.999195325   -0.923997839   61.725564481   46.660014756    4.221952359
    2.189594880   -0.923997839   68.079227159   19.522643602    4.158196328
    2.379994435   -0.923997839   69.154720839   -7.792768143    4.428948407
    2.570393989   -0.923997839   65.428504107  -30.212947412    4.919306441
    2.760793544   -0.923997839   58.185674509  -44.320125605    5.365250258
    2.951193099   -0.923997839   49.196417197  -48.477689002    5.467755601

   -3.141592654   -0.554398704   41.311465878  -45.905799191    2.233833251
   -2.951193099   -0.554398704   33.593871627  -34.379717475    0.149403944
   -2.760793544   -0.554398704   28.459075853  -19.489605705   -2.358816298
   -2.570393989   -0.554398704   26.093645705   -6.012195410   -5.066664280
   -2.379994435   -0.554398704   25.832318626    2.173775479   -7.875620822
   -2.189594880   -0.554398704   26.483881335    3.557991746  -10.849353906
   -1.999195325   -0.554398704   26.840888439   -0.454364428  -14.082584792
   -1.808795770   -0.554398704   26.190634721   -6.328588348  -17.480688273
   -1.618396215   -0.554398704   24.572876534   -9.984293152  -20.627325005
   -1.427996661   -0.554398704   22.715143983   -8.557090624  -22.868256615
   -1.237597106   -0.554398704   21.674411904   -1.508954325  -23.582183569
   -1.047197551   -0.554398704   22.374974172    9.195618173  -22.494762969
   -0.856797996   -0.554398704   25.189014328   19.979486575  -19.823369691
   -0.666398442   -0.554398704   29.743375458   26.810374386  -16.177126290
   -0.475998887   -0.554398704   34.960934676   26.491982365  -12.291526069
   -0.285599332   -0.554398704   39.301999294   17.599065479   -8.727916372
   -0.095199777   -0.554398704   41.178025266    0.951609560   -5.696079869
    0.095199777   -0.554398704   39.407015111  -19.850674612   -3.049597489
    0.285599332   -0.554398704   33.747254478  -38.716659685   -0.429414411
    0.475998887   -0.554398704   25.263689367  -48.341000778    2.483814193
    0.666398442   -0.554398704   16.314590543  -42.968857009    5.728630763
    0.856797996   -0.554398704    9.943179986  -21.598380178    8.960466151
    1.047197551   -0.554398704    8.798358056   10.537906047   11.566809908
    1.237597106   -0.554398704   14.033428161   43.617608707   12.952502075
    1.427996661   -0.554398704   24.817583692   67.342575215   12.867399241
    1.618396215   -0.554398704   38.675344065   75.317723600   11.539578064
    1.808795770   -0.554398704   52.456363525   66.910301750    9.564526722
    1.999195325   -0.554398704   63.375705955   46.195463228    7.620609522
    2.189594880   -0.554398704   69.666217275   19.361819070    6.179127360
    2.379994435   -0.554398704   70.743781892   -7.645691276    5.356715393
    2.570393989   -0.554398704   67.047227732  -30.133426683    4.936324826
    2.760793544   -0.554398704   59.768649535  -44.864372688    4.514832432
    2.951193099   -0.554398704   50.577938355  -50.108124938    3.692034158

   -3.141592654   -0.184799568   41.663397498  -49.999034107    0.253768729
   -2.951193099   -0.184799568   33.064656607  -39.442367769   -2.170299071
   -2.760793544   -0.184799568   26.913420691  -25.007236110   -4.871301530
   -2.570393989   -0.184799568   23.487608067  -11.587592559   -7.603810385
   -2.379994435   -0.184799568   22.167279551   -3.389259825  -10.269439914
   -2.189594880   -0.184799568   21.749750589   -2.131476414  -12.939963411
   -1.999195325   -0.184799568   21.010882388   -6.229381428  -15.696729911
   -1.808795770   -0.184799568   19.294261247  -11.601680554  -18.399671207
   -1.618396215   -0.184799568   16.808641157  -13.608028314  -20.577041829
   -1.427996661   -0.184799568   14.519457721   -9.277639456  -21.565001709
   -1.237597106   -0.184799568   13.679642163    1.357974908  -20.835049051
   -1.047197551   -0.184799568   15.249286894   15.307668298  -18.321475375
   -0.856797996   -0.184799568   19.435737554   28.007120216  -14.506871165
   -0.666398442   -0.184799568   25.560796009   34.981853844  -10.213228800
   -0.475998887   -0.184799568   32.225377357   33.327809585   -6.238283934
   -0.285599332   -0.184799568   37.681732625   22.452450189   -3.005801597
   -0.095199777   -0.184799568   40.314920416    4.179590739   -0.437451531
    0.095199777   -0.184799568   39.088530169  -17.142416488    1.945162737
    0.285599332   -0.184799568   33.997271449  -35.268450134    4.727627883
    0.475998887   -0.184799568   26.306610850  -43.418671506    8.243125182
    0.666398442   -0.184799568   18.424589342  -36.832018018   12.309662551
    0.856797996   -0.184799568   13.247851572  -15.463663056   16.221446586
    1.047197551   -0.184799568   13.142866350   15.047441699   19.030238279
    1.237597106   -0.184799568   18.980182487   45.303035423   19.984351772
    1.427996661   -0.184799568   29.792168989   66.011920793   18.904288114
    1.618396215   -0.184799568   43.171011010   71.825507121   16.249531921
    1.808795770   -0.184799568   56.191481326   62.657890873   12.884210634
    1.999195325   -0.184799568   66.332724946   42.446932369    9.684752814
    2.189594880   -0.184799568   72.013825192   16.753142808    7.210005322
    2.379994435   -0.184799568   72.699561435   -9.230689389    5.568436954
    2.570393989   -0.184799568   68.748807320  -31.355804421    4.483671196
    2.760793544   -0.184799568   61.204067416  -46.567074160    3.490529411
    2.951193099   -0.184799568   51.589909492  -52.926309695    2.156260466

   -3.141592654    0.184799568   41.640829221  -53.936752418   -1.857252884
   -2.951193099    0.184799568   32.217236121  -44.067734851   -3.883471137
   -2.760793544    0.184799568   25.157946625  -29.831486030   -5.931831867
   -2.570393989    0.184799568   20.824242382  -16.261148078   -7.880825905
   -2.379994435    0.184799568   18.634582465   -7.857996451   -9.738920907
   -2.189594880    0.184799568   17.379754322   -6.457686209  -11.617492035
   -1.999195325    0.184799568   15.842691512  -10.210330239  -13.562160928
   -1.808795770    0.184799568   13.455422209  -14.496628701  -15.369196880
   -1.618396215    0.184799568   10.611405359  -14.282246137  -16.543144968
   -1.427996661    0.184799568    8.485347251   -6.779788855  -16.486025826
   -1.237597106    0.184799568    8.440298861    7.128635830  -14.826549698
   -1.047197551    0.184799568   11.347292192   23.322200145  -11.695037069
   -0.856797996    0.184799568   17.129399761   36.421272437   -7.721295687
   -0.666398442    0.184799568   24.742848246   41.927963814   -3.744958717
   -0.475998887    0.184799568   32.497084039   37.743040420   -0.420042063
   -0.285599332    0.184799568   38.556024768   24.492288791    2.102047218
   -0.095199777    0.184799568   41.445614498    5.104752715    4.202335288
    0.095199777    0.184799568   40.429844905  -15.565374740    6.572890578
    0.285599332    0.184799568   35.821719569  -31.605323724    9.818845049
    0.475998887    0.184799568   29.067076759  -37.311657491   14.074075316
    0.666398442    0.184799568   22.511724482  -29.291315861   18.810070921
    0.856797996    0.184799568   18.753487102   -8.497680583   22.976177315
    1.047197551    0.184799568   19.748662242   19.317886110   25.435882027
    1.237597106    0.184799568   26.032576147   45.629022535   25.482284197
    1.427996661    0.184799568   36.530426572   62.531846987   23.159268962
    1.618396215    0.184799568   48.984538392   65.888067797   19.196748849
    1.808795770    0.184799568   60.786510772   56.103187601   14.650737218
    1.999195325    0.184799568   69.747065011   36.800917025   10.459297485
    2.189594880    0.184799568   74.503344594   12.729304279    7.148235217
    2.379994435    0.184799568   74.570696141  -11.795955535    4.773283364
    2.570393989    0.184799568   70.213339629  -33.216231551    3.047917424
    2.760793544    0.184799568   62.307541396  -48.635513940    1.562248843
    2.951193099    0.184799568   52.223860362  -55.856888072   -0.022764545

   -3.141592654    0.554398704   43.132378231  -55.736594710   -1.412071504
   -2.951193099    0.554398704   33.275491418  -46.772609552   -2.463592321
   -2.760793544    0.554398704   25.633992962  -33.173816495   -3.503697556
   -2.570393989    0.554398704   20.631169673  -19.886042124   -4.547536791
   -2.379994435    0.554398704   17.747973500  -11.478269132   -5.643529797
   -2.189594880    0.554398704   15.822725040   -9.833641528   -6.836791033
   -1.999195325    0.554398704   13.692028576  -12.989843034   -8.070122727
   -1.808795770    0.554398704   10.877069852  -16.094361455   -9.112121414
   -1.618396215    0.554398704    7.896373970  -14.019566243   -9.582709119
   -1.427996661    0.554398704    6.031521897   -4.284583179   -9.111355679
   -1.237597106    0.554398704    6.655076419   11.529163877   -7.546918552
   -1.047197551    0.554398704   10.501177001   28.558417562   -5.095163214
   -0.856797996    0.554398704   17.247884708   41.098721647   -2.247008485
   -0.666398442    0.554398704   25.610720305   45.011253860    0.469387066
   -0.475998887    0.554398704   33.782386151   39.117308767    2.760304364
   -0.285599332    0.554398704   40.004582474   25.048933647    4.742308571
   -0.095199777    0.554398704   43.042219805    6.376668263    6.875239147
    0.095199777    0.554398704   42.456616844  -12.129444929    9.733336142
    0.285599332    0.554398704   38.767437791  -25.388608837   13.656451935
    0.475998887    0.554398704   33.417535735  -29.003093064   18.467614548
    0.666398442    0.554398704   28.501009464  -20.779290888   23.387326029
    0.856797996    0.554398704   26.195731067   -2.139029864   27.252676159
    1.047197551    0.554398704   28.043616642   21.700507529   28.980051967
    1.237597106    0.554398704   34.349276719   43.524639511   28.044566109
    1.427996661    0.554398704   44.082063983   56.859465933   24.710260056
    1.618396215    0.554398704   55.257841385   58.472335964   19.875275416
    1.808795770    0.554398704   65.636847608   48.860209243   14.664951594
    1.999195325    0.554398704   73.347974153   31.083122139   10.000866406
    2.189594880    0.554398704   77.208672726    9.060537926    6.362199038
    2.379994435    0.554398704   76.760604618  -13.634352389    3.786235224
    2.570393989    0.554398704   72.174864516  -33.917986034    2.021892196
    2.760793544    0.554398704   64.174124206  -49.067199742    0.732426457
    2.951193099    0.554398704   53.971594832  -56.768158422   -0.360434083

   -3.141592654    0.923997839   43.201596845  -56.560978816   -1.814917986
   -2.951193099    0.923997839   33.208152848  -47.348672380   -1.551741566
   -2.760793544    0.923997839   25.482240063  -33.477534989   -1.141398543
   -2.570393989    0.923997839   20.441575105  -19.999486251   -0.815539253
   -2.379994435    0.923997839   17.539756788  -11.596298575   -0.749394973
   -2.189594880    0.923997839   15.574692385  -10.157133729   -1.000988124
   -1.999195325    0.923997839   13.356749584  -13.571428714   -1.481892438
   -1.808795770    0.923997839   10.419261508  -16.752319914   -1.991942404
   -1.618396215    0.923997839    7.332390045  -14.421361860   -2.287893590
   -1.427996661    0.923997839    5.437742040   -4.171016911   -2.167613107
   -1.237597106    0.923997839    6.134169020   12.145476214   -1.539588299
   -1.047197551    0.923997839   10.125502223   29.402242286   -0.452150785
   -0.856797996    0.923997839   17.028923172   41.866509545    0.956874123
   -0.666398442    0.923997839   25.527438282   45.703896422    2.557392458
   -0.475998887    0.923997839   33.859351514   40.229657421    4.322391727
   -0.285599332    0.923997839   40.401346264   27.457170938    6.392011878
   -0.095199777    0.923997839   44.094634743   10.985679174    9.014705146
    0.095199777    0.923997839   44.637649621   -4.871157641   12.422474165
    0.285599332    0.923997839   42.557889362  -15.896608347   16.611681303
    0.475998887    0.923997839   39.121889683  -18.705899445   21.175416846
    0.666398442    0.923997839   36.074209396  -11.836157488   25.292480351
    0.856797996    0.923997839   35.166450908    3.273713768   27.961390165
    1.047197551    0.923997839   37.592112721   22.239648325   28.398163336
    1.237597106    0.923997839   43.527821665   39.236212132   26.398456254
    1.427996661    0.923997839   52.084726761   49.109030643   22.429265237
    1.618396215    0.923997839   61.617331623   49.317973306   17.402460909
    1.808795770    0.923997839   70.276354342   40.216781382   12.294358582
    1.999195325    0.923997839   76.492369371   24.145287159    7.813572003
    2.189594880    0.923997839   79.227291673    4.165130790    4.279878253
    2.379994435    0.923997839   78.021531972  -16.785417642    1.699664823
    2.570393989    0.923997839   72.956819754  -35.897146577   -0.071784282
    2.760793544    0.923997839   64.646272348  -50.410191949   -1.182342806
    2.951193099    0.923997839   54.219472519  -57.804528872   -1.734672777

   -3.141592654    1.293596975   39.916816940  -56.249502126   -6.067227508
   -2.951193099    1.293596975   30.127802886  -45.584654473   -5.539470751
   -2.760793544    1.293596975   22.824216706  -30.941216475   -4.537523312
   -2.570393989    1.293596975   18.272730174  -17.528737075   -3.316246739
   -2.379994435    1.293596975   15.778478837   -9.874081817   -2.080843565
   -2.189594880    1.293596975   14.039808802   -9.529222771   -0.920768044
   -1.999195325    1.293596975   11.833226441  -14.062871772    0.183075745
   -1.808795770    1.293596975    8.710016800  -18.168209148    1.273927072
   -1.618396215    1.293596975    5.291961681  -16.418088519    2.345672887
   -1.427996661    1.293596975    2.999219396   -6.269469967    3.334070722
   -1.237597106    1.293596975    3.334845994   10.550293585    4.170380065
   -1.047197551    1.293596975    7.123149523   28.959745843    4.848623858
   -0.856797996    1.293596975   14.097337656   43.119480518    5.468488213
   -0.666398442    1.293596975   23.022601216   48.951158075    6.223162437
   -0.475998887    1.293596975   32.164742487   45.472490328    7.349629310
   -0.285599332    1.293596975   39.875084167   34.421802026    9.083004157
   -0.095199777    1.293596975   45.022497607   19.202311874   11.575850737
    0.095199777    1.293596975   47.197389321    3.917972294   14.824823986
    0.285599332    1.293596975   46.773841153   -7.472295955   18.555057267
    0.475998887    1.293596975   44.814065407  -11.835815717   22.177888686
    0.666398442    1.293596975   42.827608073   -7.743273387   24.877813002
    0.856797996    1.293596975   42.363527392    3.757876248   25.874059990
    1.047197551    1.293596975   44.527478650   19.075307902   24.742649742
    1.237597106    1.293596975   49.573585366   33.253457511   21.637562759
    1.427996661    1.293596975   56.830494653   41.669822470   17.222051893
    1.618396215    1.293596975   64.916845962   41.750076631   12.367280471
    1.808795770    1.293596975   72.193841654   33.350434491    7.806484241
    1.999195325    1.293596975   77.191010579   18.203431755    3.926547111
    2.189594880    1.293596975   78.870397905   -1.015821991    0.787209895
    2.379994435    1.293596975   76.734740619  -21.385286295   -1.718103773
    2.570393989    1.293596975   70.852949469  -39.834703390   -3.689906558
    2.760793544    1.293596975   61.883547588  -53.307714379   -5.126019990
    2.951193099    1.293596975   51.040123618  -59.205009787   -5.942723045

   -3.141592654    1.663196111   34.711648670  -56.582398849  -13.461205047
   -2.951193099    1.663196111   25.047990210  -43.998950114  -13.174142437
   -2.760793544    1.663196111   18.181930838  -28.070822066  -11.855368549
   -2.570393989    1.663196111   14.233859945  -14.193171222   -9.733388058
   -2.379994435    1.663196111   12.365346210   -6.716916762   -7.065944682
   -2.189594880    1.663196111   11.184852429   -6.843554687   -4.063935459
   -1.999195325    1.663196111    9.441321953  -11.880548325   -0.897135632
   -1.808795770    1.663196111    6.688774697  -16.458584696    2.224653196
   -1.618396215    1.663196111    3.551272353  -15.184535729    5.009592799
   -1.427996661    1.663196111    1.451586810   -5.459790586    7.150174656
   -1.237597106    1.663196111    1.920896695   11.196769074    8.463458094
   -1.047197551    1.663196111    5.856672184   29.950166453    9.014427718
   -0.856797996    1.663196111   13.100610307   45.048879762    9.123490417
   -0.666398442    1.663196111   22.520940235   52.263811245    9.247979900
   -0.475998887    1.663196111   32.438524349   50.295731414    9.800696506
   -0.285599332    1.663196111   41.194986179   40.514201890   11.017295793
   -0.095199777    1.663196111   47.581493602   26.011095666   12.887853827
    0.095199777    1.663196111   51.056737546   10.603507095   15.168190522
    0.285599332    1.663196111   51.812925731   -1.959719591   17.402156628
    0.475998887    1.663196111   50.703479630   -8.589833691   19.002920783
    0.666398442    1.663196111   49.049880081   -7.576303090   19.399771366
    0.856797996    1.663196111   48.305052658    0.683015776   18.249367540
    1.047197551    1.663196111   49.621699710   13.425139143   15.603837302
    1.237597106    1.663196111   53.444541455   26.287636178   11.943386606
    1.427996661    1.663196111   59.357029090   34.699869941    7.964545043
    1.618396215    1.663196111   66.187043859   35.601454346    4.275680556
    1.808795770    1.663196111   72.385538083   28.131933459    1.160601929
    1.999195325    1.663196111   76.446993535   13.502280899   -1.456367303
    2.189594880    1.663196111   77.237640925   -5.714009482   -3.847672441
    2.379994435    1.663196111   74.187600611  -26.279793443   -6.248981493
    2.570393989    1.663196111   67.374692360  -44.623398495   -8.689700006
    2.760793544    1.663196111   57.557517979  -57.282589735  -10.951155825
    2.951193099    1.663196111   46.097021776  -61.582353016  -12.660940153

   -3.141592654    2.032795246   27.989742472  -58.686773275  -16.291882045
   -2.951193099    2.032795246   18.150863985  -43.709517090  -15.797461672
   -2.760793544    2.032795246   11.566245080  -25.463897609  -14.068961465
   -2.570393989    2.032795246    8.304634355   -9.677628658  -11.362960936
   -2.379994435    2.032795246    7.434695885   -0.837958305   -7.974789928
   -2.189594880    2.032795246    7.459119939   -0.160135284   -4.131923158
   -1.999195325    2.032795246    7.018320746   -4.988383101   -0.005235928
   -1.808795770    2.032795246    5.545026500  -10.035874528    4.174226225
   -1.618396215    2.032795246    3.531026185   -9.909522917    8.036230062
   -1.427996661    2.032795246    2.288724806   -1.773965717   11.134909327
   -1.237597106    2.032795246    3.307998677   13.331166069   13.130468667
   -1.047197551    2.032795246    7.545276056   31.097909345   13.975351698
   -0.856797996    2.032795246   14.981252930   46.055459870   13.957508462
   -0.666398442    2.032795246   24.641618735   53.864142624   13.567184867
   -0.475998887    2.032795246   34.949941423   52.797931605   13.265516303
   -0.285599332    2.032795246   44.255801339   43.696843924   13.292464999
   -0.095199777    2.032795246   51.264040685   29.221921559   13.577230395
    0.095199777    2.032795246   55.283775366   12.952234028   13.785526509
    0.285599332    2.032795246   56.334415588   -1.354542003   13.438167069
    0.475998887    2.032795246   55.122606136  -10.334549490   12.107904218
    0.666398442    2.032795246   52.901402161  -11.738415631    9.621449142
    0.856797996    2.032795246   51.176668171   -5.286939720    6.195296897
    1.047197551    2.032795246   51.274165623    6.819788937    2.398003253
    1.237597106    2.032795246   53.882227348   20.326149703   -1.045940035
    1.427996661    2.032795246   58.793978798   30.230211237   -3.591102744
    1.618396215    2.032795246   64.926104188   32.684748338   -5.105194628
    1.808795770    2.032795246   70.667476347   26.094508660   -5.900010221
    1.999195325    2.032795246   74.345184349   11.344771077   -6.543422023
    2.189594880    2.032795246   74.643817139   -8.818635367   -7.568433796
    2.379994435    2.032795246   70.884239850  -30.613571792   -9.234412617
    2.570393989    2.032795246   63.153153794  -49.817084767  -11.427542457
    2.760793544    2.032795246   52.332380709  -62.452798413  -13.714510236
    2.951193099    2.032795246   39.974308949  -65.656196727  -15.509246858

   -3.141592654    2.402394382   20.839135822  -61.297492773  -10.648244677
   -2.951193099    2.402394382   10.760210996  -43.567312383   -9.416939894
   -2.760793544    2.402394382    4.479969188  -22.448158850   -7.306211136
   -2.570393989    2.402394382    2.043231929   -4.115513193   -4.584477000
   -2.379994435    2.402394382    2.430889826    6.704406263   -1.456802787
   -2.189594880    2.402394382    4.028973755    8.714737918    2.024615165
   -1.999195325    2.402394382    5.348756248    4.497974726    5.886180048
   -1.808795770    2.402394382    5.673772499   -0.788656493   10.035998655
   -1.618396215    2.402394382    5.323384796   -1.836204548   14.121070073
   -1.427996661    2.402394382    5.440912950    4.326081816   17.574540371
   -1.237597106    2.402394382    7.400468535   17.085128542   19.840822728
   -1.047197551    2.402394382   12.141843485   32.708129856   20.646418125
   -0.856797996    2.402394382   19.731125506   46.177926495   20.121886298
   -0.666398442    2.402394382   29.335890712   53.263197732   18.708162118
   -0.475998887    2.402394382   39.505181903   51.975165433   16.918196242
   -0.285599332    2.402394382   48.639132143   42.659932582   15.095076330
   -0.095199777    2.402394382   55.394757917   27.492914492   13.284492435
    0.095199777    2.402394382   58.960967055    9.788063772   11.259807726
    0.285599332    2.402394382   59.222662013   -6.546366504    8.667600345
    0.475998887    2.402394382   56.821713105  -17.569601263    5.262090297
    0.666398442    2.402394382   53.084325179  -20.214212435    1.122954022
    0.856797996    2.402394382   49.741503363  -13.518437757   -3.257982950
    1.047197551    2.402394382   48.427770252    0.491477097   -7.115934013
    1.237597106    2.402394382   50.106835765   17.008396082   -9.715775182
    1.427996661    2.402394382   54.687160056   29.985343368  -10.716946597
    1.618396215    2.402394382   60.990942331   34.500134217  -10.326079538
    1.808795770    2.402394382   67.146032929   28.340994238   -9.194580721
    1.999195325    2.402394382   71.163069455   12.438498993   -8.109946993
    2.189594880    2.402394382   71.473913840   -9.878553931   -7.663633368
    2.379994435    2.402394382   67.287227970  -33.988247149   -8.052481338
    2.570393989    2.402394382   58.737512878  -54.875537494   -9.059232232
    2.760793544    2.402394382   46.884739318  -68.007946150  -10.184804412
    2.951193099    2.402394382   33.531903915  -70.328459979  -10.857522913

   -3.141592654    2.771993518   17.548280779  -60.977217903    0.306689660
   -2.951193099    2.771993518    7.662877070  -41.892107651    2.357792439
   -2.760793544    2.771993518    1.815490796  -19.639404518    4.681061331
   -2.570393989    2.771993518    0.000000000   -0.434336975    7.124882914
   -2.379994435    2.771993518    1.164189751   11.189663985    9.686134619
   -2.189594880    2.771993518    3.704142962   14.156838643   12.520303306
   -1.999195325    2.771993518    6.163553327   11.023558898   15.795269876
   -1.808795770    2.771993518    7.819585034    6.579917349   19.461907225
   -1.618396215    2.771993518    8.895016032    5.604855389   23.115497096
   -1.427996661    2.771993518   10.348493560   10.724036678   26.073666994
   -1.237597106    2.771993518   13.343367685   21.424804067   27.647302128
   -1.047197551    2.771993518   18.670918070   34.495078247   27.458537658
   -0.856797996    2.771993518   26.366052404   45.570730132   25.594103388
   -0.666398442    2.771993518   35.672986066   50.853080459   22.520361179
   -0.475998887    2.771993518   45.262416401   48.374031206   18.833752100
   -0.285599332    2.771993518   53.624758520   38.169244070   14.984982613
   -0.095199777    2.771993518   59.434826628   22.008885847   11.130314337
    0.095199777    2.771993518   61.838209268    3.010596463    7.155475830
    0.285599332    2.771993518   60.675642728  -14.709020839    2.846376926
    0.475998887    2.771993518   56.621489046  -26.632797158   -1.860428184
    0.666398442    2.771993518   51.158907442  -29.027507129   -6.682080194
    0.856797996    2.771993518   46.280496295  -20.574085301  -10.982565903
    1.047197551    2.771993518   43.895563060   -3.526878434  -13.998732747
    1.237597106    2.771993518   45.142490709   16.482512157  -15.182881951
    1.427996661    2.771993518   49.916502822   32.377355869  -14.496152575
    1.618396215    2.771993518   56.847948989   38.444074775  -12.425903520
    1.808795770    2.771993518   63.774523534   32.258308827   -9.761303085
    1.999195325    2.771993518   68.433191122   15.113071804   -7.250803122
    2.189594880    2.771993518   69.086047719   -8.984651015   -5.338402985
    2.379994435    2.771993518   64.907313451  -34.713095232   -4.082383435
    2.570393989    2.771993518   56.115338821  -56.552345745   -3.236354074
    2.760793544    2.771993518   43.924052309  -69.738084152   -2.421359783
    2.951193099    2.771993518   30.305096844  -71.282431147   -1.297967346
