#! FIELDS phi psi file.free der_phi der_psi
#! SET min_phi -pi
#! SET max_phi pi
#! SET nbins_phi  33
#! SET periodic_phi true
#! SET min_psi -pi
#! SET max_psi pi
#! SET nbins_psi  17
#! SET periodic_psi true
   -3.141592654   -3.141592654   19.630680756  -55.149665997   13.275765797
   -2.951193099   -3.141592654   10.852583939  -36.319635313   16.066387523
   -2.760793544   -3.141592654    5.953850897  -15.418754186   18.284981893
   -2.570393989   -3.141592654    4.762106358    1.860188506   19.947017090
   -2.379994435   -3.141592654    6.194365002   11.820584205   21.337063385
   -2.189594880   -3.141592654    8.772586238   14.134375696   22.918529451
   -1.999195325   -3.141592654   11.266114839   11.584875737   25.082482831
   -1.808795770   -3.141592654   13.157483433    8.560377983   27.862778700
   -1.618396215   -3.141592654   14.751988138    8.986522063   30.799576287
   -1.427996661   -3.141592654   16.921770342   14.668503550   33.074734240
   -1.237597106   -3.141592654   20.622543760   24.678496868   33.861180355
   -1.047197551   -3.141592654   26.412843951   35.952754363   32.705178372
   -0.856797996   -3.141592654   34.164190109   44.650217877   29.696118986
   -0.666398442   -3.141592654   43.063527673   47.522438877   25.344680327
   -0.475998887   -3.141592654   51.808465123   42.892705259   20.292859320
   -0.285599332   -3.141592654   58.946606125   30.833666433   15.008872395
   -0.095199777   -3.141592654   63.203297718   13.068703891    9.665625774
    0.095199777   -3.141592654   63.776090149   -7.206661455    4.218043079
    0.285599332   -3.141592654   60.594935840  -25.555275004   -1.382923419
    0.475998887   -3.141592654   54.501234934  -36.992359950   -6.966383092
    0.666398442   -3.141592654   47.229116839  -37.421754828  -12.040298402
    0.856797996   -3.141592654   41.056729698  -25.561632184  -15.904490684
    1.047197551   -3.141592654   38.118198198   -4.290230902  -17.934029304
    1.237597106   -3.141592654   39.610180469   19.677025794  -17.873566152
    1.427996661   -3.141592654   45.267957938   38.166853306  -15.977494167
    1.618396215   -3.141592654   53.395087884   44.884812514  -12.876419878
    1.808795770   -3.141592654   61.469747157   37.653542633   -9.291838161
    1.999195325   -3.141592654   66.984807048   18.673655669   -5.752441935
    2.189594880   -3.141592654   68.156035394   -6.977801036   -2.466830723
    2.379994435   -3.141592654   64.289039273  -33.247508406    0.623634246
    2.570393989   -3.141592654   55.818862759  -54.468582477    3.693509412
    2.760793544   -3.141592654   44.151405341  -66.257067865    6.867058053
    2.951193099   -3.141592654   31.343125232  -66.311613270   10.121801224

   -3.141592654   -2.771993518   27.786093326  -49.253220834   21.913566615
   -2.951193099   -2.771993518   19.929414141  -32.606366370   24.488122490
   -2.760793544   -2.771993518   15.527112482  -13.858878003   25.951793290
   -2.570393989   -2.771993518   14.477920966    1.962136784   26.498417079
   -2.379994435   -2.771993518   15.883144541   11.652554758   26.603909006
   -2.189594880   -2.771993518   18.503848256   14.926718151   26.860739827
   -1.999195325   -2.771993518   21.303002092   14.052071845   27.705146705
   -1.808795770   -2.771993518   23.814516096   12.486850761   29.176819159
   -1.618396215   -2.771993518   26.208435879   13.205192074   30.836194200
   -1.427996661   -2.771993518   29.076198261   17.495660890   31.914221227
   -1.237597106   -2.771993518   33.056363714   24.590412940   31.632304831
   -1.047197551   -2.771993518   38.479900165   32.145937541   29.545380458
   -0.856797996   -2.771993518   45.154167128   37.241614179   25.705176739
   -0.666398442   -2.771993518   52.361226110   37.351297124   20.576296405
   -0.475998887   -2.771993518   58.996243919   31.112144124   14.799333162
   -0.285599332   -2.771993518   63.826889129   18.554415115    8.908634661
   -0.095199777   -2.771993518   65.768662826    1.163396321    3.203862242
    0.095199777   -2.771993518   64.160958574  -18.109135129   -2.217589134
    0.285599332   -2.771993518   59.039531307  -34.948334923   -7.293277295
    0.475998887   -2.771993518   51.340326878  -44.367795357  -11.824190264
    0.666398442   -2.771993518   42.895965080  -42.266984280  -15.415316146
    0.856797996   -2.771993518   36.071684944  -27.510849044  -17.589607551
    1.047197551   -2.771993518   33.040224022   -3.338323643  -18.011664126
    1.237597106   -2.771993518   34.955481232   23.066984195  -16.681420133
    1.427996661   -2.771993518   41.428280474   43.204268527  -13.962387342
    1.618396215   -2.771993518   50.604870148   50.764003049  -10.406500100
    1.808795770   -2.771993518   59.835894054   43.878427407   -6.515960470
    1.999195325   -2.771993518   66.560429444   25.172852530   -2.565598513
    2.189594880   -2.771993518   69.011132621    0.002831749    1.415708267
    2.379994435   -2.771993518   66.535954532  -25.594508603    5.524654411
    2.570393989   -2.771993518   59.582229906  -46.248969703    9.821956912
    2.760793544   -2.771993518   49.497411127  -57.980203755   14.201623429
    2.951193099   -2.771993518   38.208215782  -58.793232620   18.367078721

   -3.141592654   -2.402394382   36.149771232  -44.293055611   20.628338304
   -2.951193099   -2.402394382   29.029918865  -29.837110289   22.387309639
   -2.760793544   -2.402394382   24.968826063  -12.930887693   23.125716807
   -2.570393989   -2.402394382   23.989505595    1.947575362   23.116625128
   -2.379994435   -2.402394382   25.391735537   11.817392279   22.790803037
   -2.189594880   -2.402394382   28.134039843   16.137252980   22.572358938
   -1.999195325   -2.402394382   31.284933392   16.495815536   22.683703872
   -1.808795770   -2.402394382   34.331095259   15.477122650   23.035263075
   -1.618396215   -2.402394382   37.238096840   15.338343919   23.240768463
   -1.427996661   -2.402394382   40.300076626   17.153199875   22.769029484
   -1.237597106   -2.402394382   43.878170958   20.594012774   21.165401048
   -1.047197551   -2.402394382   48.163833208   24.257725361   18.253751882
   -0.856797996   -2.402394382   53.022805143   26.281929678   14.198349827
   -0.666398442   -2.402394382   57.967985202   24.855154167    9.411541020
   -0.475998887   -2.402394382   62.208106657   18.710787717    4.385236888
   -0.285599332   -2.402394382   64.786238371    7.451220859   -0.498429294
   -0.095199777   -2.402394382   64.784699099   -8.100681011   -5.029585619
    0.095199777   -2.402394382   61.593047609  -25.493435061   -9.137067028
    0.285599332   -2.402394382   55.234960002  -40.555211680  -12.759517790
    0.475998887   -2.402394382   46.638469045  -48.150606209  -15.734293141
    0.666398442   -2.402394382   37.664501794  -43.991436854  -17.773902594
    0.856797996   -2.402394382   30.723622295  -26.977779060  -18.570233626
    1.047197551   -2.402394382   28.002319594   -0.646621912  -17.953687279
    1.237597106   -2.402394382   30.599837044   27.444879698  -16.015093046
    1.427996661   -2.402394382   38.013499179   48.605134898  -13.082211718
    1.618396215   -2.402394382   48.269326683   56.631377236   -9.565470506
    1.808795770   -2.402394382   58.641802011   49.993785547   -5.794167722
    1.999195325   -2.402394382   66.562142609   31.651743931   -1.924322769
    2.189594880   -2.402394382   70.301974475    7.095370228    2.033794137
    2.379994435   -2.402394382   69.245743142  -17.795489719    6.107483104
    2.570393989   -2.402394382   63.826155065  -38.021253123   10.250687123
    2.760793544   -2.402394382   55.298771112  -49.998122291   14.270517823
    2.951193099   -2.402394382   45.437223665  -51.940886683   17.846074767

   -3.141592654   -2.032795246   41.832422751  -41.165361822   13.479154923
   -2.951193099   -2.032795246   35.148355386  -28.385562532   14.483826910
   -2.760793544   -2.032795246   31.223323508  -12.869712550   14.875590268
   -2.570393989   -2.032795246   30.168838834    1.203090532   14.815069467
   -2.379994435   -2.032795246   31.403196911   10.885078515   14.494900724
   -2.189594880   -2.032795246   33.978328308   15.324955885   14.068024709
   -1.999195325   -2.032795246   36.975579958   15.621892666   13.572228031
   -1.808795770   -2.032795246   39.802203971   13.920257519   12.917949027
   -1.618396215   -2.032795246   42.284345136   12.312084013   11.921162341
   -1.427996661   -2.032795246   44.581500991   12.090239089   10.381444011
   -1.237597106   -2.032795246   46.993506427   13.467916345    8.169147736
   -1.047197551   -2.032795246   49.768378818   15.678650216    5.299088871
   -0.856797996   -2.032795246   52.939509967   17.338996836    1.937025099
   -0.666398442   -2.032795246   56.241087806   16.727782113   -1.652531794
   -0.475998887   -2.032795246   59.081373645   12.235029080   -5.181476165
   -0.285599332   -2.032795246   60.607414529    2.869862726   -8.439227185
   -0.095199777   -2.032795246   59.890915615  -11.115599569  -11.321873136
    0.095199777   -2.032795246   56.227018473  -27.533927381  -13.829578871
    0.285599332   -2.032795246   49.533026822  -42.083278447  -15.976411710
    0.475998887   -2.032795246   40.685390750  -49.223707348  -17.694820041
    0.666398442   -2.032795246   31.575065586  -44.266612945  -18.789856844
    0.856797996   -2.032795246   24.695278980  -25.979154674  -18.999897921
    1.047197551   -2.032795246   22.309736342    1.901330197  -18.131751413
    1.237597106   -2.032795246   25.535863142   31.452739342  -16.191946789
    1.427996661   -2.032795246   33.823146396   53.693643850  -13.397595971
    1.618396215   -2.032795246   45.115249279   62.353323229  -10.075083956
    1.808795770   -2.032795246   56.611489296   56.030947435   -6.533124797
    1.999195325   -2.032795246   65.700020826   37.867222794   -2.981553072
    2.189594880   -2.032795246   70.638489635   13.458067269    0.468583112
    2.379994435   -2.032795246   70.803890940  -11.350541663    3.755404593
    2.570393989   -2.032795246   66.603850293  -31.714963308    6.816036824
    2.760793544   -2.032795246   59.233006409  -44.247536871    9.547839115
    2.951193099   -2.032795246   50.372193208  -47.277353235   11.812877025

   -3.141592654   -1.663196111   40.955595528  -40.963051843   12.023497303
   -2.951193099   -1.663196111   34.361379374  -27.643852014   12.432143826
   -2.760793544   -1.663196111   30.622393812  -11.707246614   12.110872769
   -2.570393989   -1.663196111   29.798019764    2.363340714   11.166674470
   -2.379994435   -1.663196111   31.206965592   11.456672687    9.731999872
   -2.189594880   -1.663196111   33.788666031   14.736061568    7.912708996
   -1.999195325   -1.663196111   36.531039623   13.495091130    5.753429448
   -1.808795770   -1.663196111   38.797825352   10.187591109    3.270628985
   -1.618396215   -1.663196111   40.436893046    7.270593882    0.501024752
   -1.427996661   -1.663196111   41.697356740    6.367277626   -2.464306617
   -1.237597106   -1.663196111   43.019534452    7.889591798   -5.479879736
   -1.047197551   -1.663196111   44.810276854   11.041525526   -8.363816595
   -0.856797996   -1.663196111   47.234201213   14.182812768  -10.933246406
   -0.666398442   -1.663196111   50.089826760   15.188148410  -13.035782243
   -0.475998887   -1.663196111   52.772789463   12.043591392  -14.570395389
   -0.285599332   -1.663196111   54.349724238    3.501372917  -15.529595125
   -0.095199777   -1.663196111   53.781755014  -10.290208838  -16.000756718
    0.095199777   -1.663196111   50.249508207  -27.046903791  -16.153590813
    0.285599332   -1.663196111   43.590365733  -42.219056848  -16.151974732
    0.475998887   -1.663196111   34.661869658  -49.886484033  -16.057329602
    0.666398442   -1.663196111   25.411851226  -44.965738002  -15.776801728
    0.856797996   -1.663196111   18.451011186  -26.010081718  -15.112181745
    1.047197551   -1.663196111   16.174708705    3.152849813  -13.878903520
    1.237597106   -1.663196111   19.786221763   34.243169870  -12.033718752
    1.427996661   -1.663196111   28.739734695   57.823781390   -9.684804946
    1.618396215   -1.663196111   40.903811818   67.262755678   -7.015927617
    1.808795770   -1.663196111   53.351825344   60.989813407   -4.195968379
    1.999195325   -1.663196111   63.333754658   42.181942807   -1.333043535
    2.189594880   -1.663196111   68.992194079   16.638953597    1.506895273
    2.379994435   -1.663196111   69.638630344   -9.482740510    4.259184218
    2.570393989   -1.663196111   65.680289674  -30.993283401    6.832887153
    2.760793544   -1.663196111   58.371933368  -44.227215292    9.094647398
    2.951193099   -1.663196111   49.492834354  -47.399310316   10.878122727

   -3.141592654   -1.293596975   40.029171757  -41.887709676    9.697013519
   -2.951193099   -1.293596975   33.235498799  -28.802720692    9.386758064
   -2.760793544   -1.293596975   29.258639833  -13.052723679    8.545998264
   -2.570393989   -1.293596975   28.152933602    0.716152441    7.224237321
   -2.379994435   -1.293596975   29.199771596    9.247314509    5.409092756
   -2.189594880   -1.293596975   31.282321278   11.652909461    3.020659746
   -1.999195325   -1.293596975   33.338317184    9.360513504   -0.035480388
   -1.808795770   -1.293596975   34.725068530    5.133329941   -3.742496340
   -1.618396215   -1.293596975   35.351683366    1.803538744   -7.878885114
   -1.427996661   -1.293596975   35.592139246    1.258926867  -12.019541891
   -1.237597106   -1.293596975   36.039771017    3.936852255  -15.646464621
   -1.047197551   -1.293596975   37.234666464    8.800164961  -18.313707857
   -0.856797996   -1.293596975   39.411610255   13.823450045  -19.783833934
   -0.666398442   -1.293596975   42.362644290   16.487477283  -20.072324708
   -0.475998887   -1.293596975   45.413117685   14.501480099  -19.393994065
   -0.285599332   -1.293596975   47.518795761    6.486096446  -18.075691304
   -0.095199777   -1.293596975   47.515945612   -7.452454193  -16.449389200
    0.095199777   -1.293596975   44.461094755  -24.958616103  -14.788823895
    0.285599332   -1.293596975   38.095162229  -41.260976856  -13.240365840
    0.475998887   -1.293596975   29.239989912  -50.031195760  -11.805322993
    0.666398442   -1.293596975   19.895679683  -45.698823503  -10.370600047
    0.856797996   -1.293596975   12.805367048  -26.490475896   -8.798020347
    1.047197551   -1.293596975   10.529107369    3.731844064   -7.024173033
    1.237597106   -1.293596975   14.391491900   36.316749889   -5.113954762
    1.427996661   -1.293596975   23.879853258   61.305744618   -3.191431810
    1.618396215   -1.293596975   36.803893983   71.649640905   -1.343331137
    1.808795770   -1.293596975   50.119733085   65.595456491    0.434467261
    1.999195325   -1.293596975   60.947147201   46.353461341    2.202126621
    2.189594880   -1.293596975   67.320280937   19.908769432    3.990199355
    2.379994435   -1.293596975   68.484161839   -7.336788986    5.746373913
    2.570393989   -1.293596975   64.827496335  -29.951122368    7.343103800
    2.760793544   -1.293596975   57.626873386  -44.096771408    8.620556044
    2.951193099   -1.293596975   48.706493677  -47.918154854    9.435076586

   -3.141592654   -0.923997839   40.787933311  -43.935671700    5.630370829
   -2.951193099   -0.923997839   33.570851881  -31.150444370    4.318128051
   -2.760793544   -0.923997839   29.137877903  -15.466279519    2.604171540
   -2.570393989   -0.923997839   27.569657011   -1.749028246    0.590582289
   -2.379994435   -0.923997839   28.124270631    6.482155046   -1.736973398
   -2.189594880   -0.923997839   29.619864939    8.180830501   -4.510400803
   -1.999195325   -0.923997839   30.920452065    4.870868397   -7.870050234
   -1.808795770   -0.923997839   31.354833902   -0.330843852  -11.776434208
   -1.618396215   -0.923997839   30.886043637   -4.112460601  -15.887617335
   -1.427996661   -0.923997839   30.026444735   -4.208901137  -19.594361786
   -1.237597106   -0.923997839   29.554314081   -0.095323034  -22.217781003
   -1.047197551   -0.923997839   30.180306707    6.949165401  -23.274459227
   -0.856797996   -0.923997839   32.237740831   14.416584020  -22.658767399
   -0.666398442   -0.923997839   35.515764442   19.238458392  -20.654092742
   -0.475998887   -0.923997839   39.239523545   18.667844106  -17.788387602
   -0.285599332   -0.923997839   42.195191873   11.076953143  -14.623091587
   -0.095199777   -0.923997839   43.027106022   -3.430123600  -11.572757973
    0.095199777   -0.923997839   40.624318900  -22.211581159   -8.830791628
    0.285599332   -0.923997839   34.639136167  -39.987872995   -6.374098650
    0.475998887   -0.923997839   25.914320410  -49.824457000   -4.063827230
    0.666398442   -0.923997839   16.574246002  -45.707508727   -1.781335700
    0.856797996   -0.923997839    9.534895919  -25.824787947    0.456701971
    1.047197551   -0.923997839    7.495757980    5.581530566    2.474520308
    1.237597106   -0.923997839   11.825387168   39.315612424    4.019055902
    1.427996661   -0.923997839   21.961553377   65.012450010    4.938435474
    1.618396215   -0.923997839   35.616494707   75.529070037    5.292005173
    1.808795770   -0.923997839   49.653790288   69.234617566    5.333306593
    1.999195325   -0.923997839   61.129425060   49.481441901    5.369992050
    2.189594880   -0.923997839   68.033784296   22.325378699    5.597076485
    2.379994435   -0.923997839   69.575350052   -5.813964401    6.014090371
    2.570393989   -0.923997839   66.112811500  -29.447250223    6.449920457
    2.760793544   -0.923997839   58.908821491  -44.624501798    6.657384105
    2.951193099   -0.923997839   49.799547953  -49.339518556    6.419854658

   -3.141592654   -0.554398704   41.965279494  -47.402697094    2.687184264
   -2.951193099   -0.554398704   34.007944755  -35.377503203    0.382225589
   -2.760793544   -0.554398704   28.731494813  -20.026284640   -2.204149435
   -2.570393989   -0.554398704   26.284188684   -6.409695925   -4.865655631
   -2.379994435   -0.554398704   25.935753207    1.613306187   -7.559874812
   -2.189594880   -0.554398704   26.458797946    2.777977196  -10.424382596
   -1.999195325   -0.554398704   26.662644206   -1.238457724  -13.619064166
   -1.808795770   -0.554398704   25.888519863   -6.801152754  -17.080684351
   -1.618396215   -0.554398704   24.225466299   -9.986202428  -20.381784233
   -1.427996661   -0.554398704   22.404167426   -8.222172036  -22.821614468
   -1.237597106   -0.554398704   21.430746293   -1.218516897  -23.719362638
   -1.047197551   -0.554398704   22.151002122    9.050041578  -22.749134156
   -0.856797996   -0.554398704   24.880612211   19.231052695  -20.100464224
   -0.666398442   -0.554398704   29.246889995   25.632189795  -16.379308425
   -0.475998887   -0.554398704   34.232571784   25.311633511  -12.339345410
   -0.285599332   -0.554398704   38.386305572   16.872206990   -8.573789955
   -0.095199777   -0.554398704   40.190664716    0.939875223   -5.332005189
    0.095199777   -0.554398704   38.484538848  -19.204795210   -2.508729141
    0.285599332   -0.554398704   32.984952257  -37.765702245    0.223336843
    0.475998887   -0.554398704   24.672123689  -47.597671819    3.172883954
    0.666398442   -0.554398704   15.808265405  -42.882780655    6.397138289
    0.856797996   -0.554398704    9.375481862  -22.328417291    9.597029114
    1.047197551   -0.554398704    8.032732875    9.268879146   12.215456608
    1.237597106   -0.554398704   13.026493682   42.479765940   13.701065904
    1.427996661   -0.554398704   23.671448377   67.136537733   13.815639537
    1.618396215   -0.554398704   37.625424023   76.574318133   12.760449287
    1.808795770   -0.554398704   51.787214434   69.578108848   11.071187692
    1.999195325   -0.554398704   63.300278241   49.600617032    9.351439540
    2.189594880   -0.554398704   70.229781563   22.484930521    8.004990966
    2.379994435   -0.554398704   71.800714934   -5.709603466    7.110423878
    2.570393989   -0.554398704   68.324320046  -29.772488712    6.455864473
    2.760793544   -0.554398704   60.980953025  -45.826554057    5.686473679
    2.951193099   -0.554398704   51.534989170  -51.699530459    4.480117516

   -3.141592654   -0.184799568   42.453781366  -52.132841987    0.360560584
   -2.951193099   -0.184799568   33.512392296  -40.875270809   -2.276162304
   -2.760793544   -0.184799568   27.157749804  -25.759660208   -5.043659879
   -2.570393989   -0.184799568   23.626912028  -12.024269329   -7.723698286
   -2.379994435   -0.184799568   22.221923691   -3.901073328  -10.275451595
   -2.189594880   -0.184799568   21.685361227   -2.874932598  -12.842374947
   -1.999195325   -0.184799568   20.793239231   -7.056627012  -15.565497959
   -1.808795770   -0.184799568   18.935843565  -12.203074035  -18.327627979
   -1.618396215   -0.184799568   16.376465742  -13.764749412  -20.633585541
   -1.427996661   -0.184799568   14.099168394   -9.028323886  -21.760830605
   -1.237597106   -0.184799568   13.324018252    1.718831633  -21.114564630
   -1.047197551   -0.184799568   14.945191243   15.426361934  -18.582636070
   -0.856797996   -0.184799568   19.114203932   27.687530880  -14.639472955
   -0.666398442   -0.184799568   25.141765217   34.306812077  -10.134259696
   -0.475998887   -0.184799568   31.667844199   32.603743340   -5.915557416
   -0.285599332   -0.184799568   37.009923331   22.020165714   -2.462979200
   -0.095199777   -0.184799568   39.606043089    4.229895185    0.256236480
    0.095199777   -0.184799568   38.433504033  -16.667317343    2.696369917
    0.285599332   -0.184799568   33.453222944  -34.644731541    5.449058570
    0.475998887   -0.184799568   25.866658425  -43.022631766    8.885437359
    0.666398442   -0.184799568   18.014407259  -36.956448872   12.886666523
    0.856797996   -0.184799568   12.759642400  -16.142981409   16.816777616
    1.047197551   -0.184799568   12.495980087   14.140434233   19.777136640
    1.237597106   -0.184799568   18.187665299   44.792767247   21.022290089
    1.427996661   -0.184799568   28.995649646   66.572155783   20.325382521
    1.618396215   -0.184799568   42.616559677   73.818982684   18.056694764
    1.808795770   -0.184799568   56.142241378   65.873413301   14.978495350
    1.999195325   -0.184799568   66.953994862   46.098455078   11.887804447
    2.189594880   -0.184799568   73.288289033   19.777997290    9.310175246
    2.379994435   -0.184799568   74.417392160   -7.711268092    7.373637929
    2.570393989   -0.184799568   70.583268550  -31.648465371    5.862749066
    2.760793544   -0.184799568   62.835905141  -48.302281997    4.393127398
    2.951193099   -0.184799568   52.818293197  -55.280114012    2.612771207

   -3.141592654    0.184799568   42.328995134  -56.556027736   -1.987793793
   -2.951193099    0.184799568   32.490976485  -45.767269082   -4.088801800
   -2.760793544    0.184799568   25.197717251  -30.643795697   -6.106630360
   -2.570393989    0.184799568   20.763367847  -16.603827590   -7.963178708
   -2.379994435    0.184799568   18.514482257   -8.212268964   -9.717979741
   -2.189594880    0.184799568   17.168783624   -7.075648276  -11.533737849
   -1.999195325    0.184799568   15.494205783  -11.000443960  -13.491544494
   -1.808795770    0.184799568   12.965393717  -15.133356709  -15.391386846
   -1.618396215    0.184799568   10.040322113  -14.461814118  -16.704030172
   -1.427996661    0.184799568    7.931949140   -6.429000649  -16.772868693
   -1.237597106    0.184799568    7.989260500    7.791735336  -15.168283416
   -1.047197551    0.184799568   11.024692581   23.936880615  -11.989047720
   -0.856797996    0.184799568   16.895017500   36.692579131   -7.873769067
   -0.666398442    0.184799568   24.520342054   41.782259005   -3.703054118
   -0.475998887    0.184799568   32.218641785   37.334495181   -0.185659107
   -0.285599332    0.184799568   38.195319795   24.073060853    2.480514155
   -0.095199777    0.184799568   41.021318860    4.872707366    4.652258667
    0.095199777    0.184799568   39.984802425  -15.568192542    7.024168891
    0.285599332    0.184799568   35.390492001  -31.494283136   10.231435977
    0.475998887    0.184799568   28.653228693  -37.285585582   14.459743449
    0.666398442    0.184799568   22.083045272  -29.494687943   19.244997401
    0.856797996    0.184799568   18.266306782   -8.888342707   23.593486333
    1.047197551    0.184799568   19.191975739   19.046235255   26.391833352
    1.237597106    0.184799568   25.475016962   45.975484960   26.899659146
    1.427996661    0.184799568   36.137318124   63.967360190   25.066448738
    1.618396215    0.184799568   48.984139233   68.554530082   21.491706650
    1.808795770    0.184799568   61.385840933   59.619959678   17.113638686
    1.999195325    0.184799568   71.032638872   40.316281792   12.813719967
    2.189594880    0.184799568   76.377863920   15.232510242    9.143182399
    2.379994435    0.184799568   76.762808618  -11.049688250    6.251572320
    2.570393989    0.184799568   72.363651558  -34.374149117    3.972868909
    2.760793544    0.184799568   64.092926630  -51.191573106    2.000390529
    2.951193099    0.184799568   53.461669094  -58.891572271    0.057174958

   -3.141592654    0.554398704   43.782567776  -58.632380405   -1.692422991
   -2.951193099    0.554398704   33.473464403  -48.599286356   -2.651155807
   -2.760793544    0.554398704   25.584406628  -34.009234281   -3.538366017
   -2.570393989    0.554398704   20.482638070  -20.194446201   -4.420794208
   -2.379994435    0.554398704   17.548134880  -11.789542298   -5.389949399
   -2.189594880    0.554398704   15.537774174  -10.436917675   -6.525295617
   -1.999195325    0.554398704   13.268471351  -13.803819336   -7.787412231
   -1.808795770    0.554398704   10.305511060  -16.767366451   -8.938532612
   -1.618396215    0.554398704    7.239690586  -14.196839869   -9.565193307
   -1.427996661    0.554398704    5.400505561   -3.846990812   -9.248245183
   -1.237597106    0.554398704    6.151792499   12.369103297   -7.791474963
   -1.047197551    0.554398704   10.164959482   29.389040782   -5.376252996
   -0.856797996    0.554398704   17.037737197   41.535399981   -2.494981984
   -0.666398442    0.554398704   25.432167454   44.895383687    0.305950635
   -0.475998887    0.554398704   33.537423984   38.568549196    2.709303456
   -0.285599332    0.554398704   39.637009264   24.358098350    4.811158834
   -0.095199777    0.554398704   42.554397337    5.840407210    7.056916475
    0.095199777    0.554398704   41.896843194  -12.344687113   10.014426032
    0.285599332    0.554398704   38.198878307  -25.286489120   14.031711812
    0.475998887    0.554398704   32.890519284  -28.704984555   18.957933063
    0.666398442    0.554398704   28.040521589  -20.400018664   24.054562450
    0.856797996    0.554398704   25.815552207   -1.664986199   28.195931425
    1.047197551    0.554398704   27.778149485   22.476042088   30.304689907
    1.237597106    0.554398704   34.286358628   44.926908625   29.808200696
    1.427996661    0.554398704   44.368058638   59.139614450   26.868446983
    1.618396215    0.554398704   56.060951483   61.573953755   22.257709734
    1.808795770    0.554398704   67.074365082   52.301771220   17.005584504
    1.999195325    0.554398704   75.410824906   34.051910386   12.016188359
    2.189594880    0.554398704   79.723789365   10.708110973    7.841733014
    2.379994435    0.554398704   79.417895025  -13.840279859    4.654531414
    2.570393989    0.554398704   74.614824139  -35.943685763    2.343996803
    2.760793544    0.554398704   66.100857280  -52.303361578    0.669348644
    2.951193099    0.554398704   55.241648719  -60.269835430   -0.616545052

   -3.141592654    0.923997839   43.718747467  -59.471461033   -1.726826583
   -2.951193099    0.923997839   33.285050624  -49.047110689   -1.219212574
   -2.760793544    0.923997839   25.344024057  -34.109659615   -0.569515221
   -2.570393989    0.923997839   20.245862864  -20.081574654   -0.063408127
   -2.379994435    0.923997839   17.334157461  -11.704206952    0.101313621
   -2.189594880    0.923997839   15.317090913  -10.620666040   -0.135991443
   -1.999195325    0.923997839   12.978468242  -14.340345020   -0.677705680
   -1.808795770    0.923997839    9.891388855  -17.487102932   -1.308389911
   -1.618396215    0.923997839    6.697562899  -14.766384231   -1.763162960
   -1.427996661    0.923997839    4.786951625   -4.002814100   -1.813660122
   -1.237597106    0.923997839    5.549978228   12.612059156   -1.338959737
   -1.047197551    0.923997839    9.627649133   29.760747068   -0.360783560
   -0.856797996    0.923997839   16.560594271   41.771712954    1.002733394
   -0.666398442    0.923997839   24.990661845   45.087035708    2.631402024
   -0.475998887    0.923997839   33.173272597   39.330921804    4.494982385
   -0.285599332    0.923997839   39.549142539   26.671572349    6.715704989
   -0.095199777    0.923997839   43.132329727   10.650709783    9.513583491
    0.095199777    0.923997839   43.667876544   -4.619331580   13.093350910
    0.285599332    0.923997839   41.688051513  -15.130837423   17.441538282
    0.475998887    0.923997839   38.433669463  -17.607869400   22.167043317
    0.666398442    0.923997839   35.615096414  -10.552738783   26.485966306
    0.856797996    0.923997839   34.967893951    4.731093170   29.431756718
    1.047197551    0.923997839   37.698675989   24.016325345   30.223140274
    1.237597106    0.923997839   44.019639905   41.530119208   28.601996556
    1.427996661    0.923997839   53.070814431   51.993506293   24.928657224
    1.618396215    0.923997839   63.194967738   52.575269133   19.992204642
    1.808795770    0.923997839   72.469212954   43.301016843   14.688981862
    1.999195325    0.923997839   79.198869992   26.321778631    9.739174921
    2.189594880    0.923997839   82.209075223    4.785129181    5.570827351
    2.379994435    0.923997839   80.946798714  -18.012328836    2.355164605
    2.570393989    0.923997839   75.487138671  -38.742783526    0.100702488
    2.760793544    0.923997839   66.534651200  -54.172173318   -1.254390963
    2.951193099    0.923997839   55.379225672  -61.543728806   -1.812535629

   -3.141592654    1.293596975   40.205848905  -58.350479305   -5.876250301
   -2.951193099    1.293596975   30.139113287  -46.420380948   -4.963227641
   -2.760793544    1.293596975   22.774702172  -30.839622964   -3.691459444
   -2.570393989    1.293596975   18.283773557  -17.113426278   -2.346892867
   -2.379994435    1.293596975   15.848530349   -9.754796221   -1.112599632
   -2.189594880    1.293596975   14.076388456  -10.019126994   -0.032851417
   -1.999195325    1.293596975   11.722493461  -15.079918569    0.954252142
   -1.808795770    1.293596975    8.383783948  -19.343635490    1.915735848
   -1.618396215    1.293596975    4.758833163  -17.369132408    2.854696862
   -1.427996661    1.293596975    2.322335398   -6.828959915    3.711217950
   -1.237597106    1.293596975    2.580431047   10.246535649    4.430038363
   -1.047197551    1.293596975    6.313646831   28.625872776    5.028247267
   -0.856797996    1.293596975   13.204400471   42.554374111    5.631985944
   -0.666398442    1.293596975   22.003219576   48.212197854    6.452449515
   -0.475998887    1.293596975   31.011088357   44.855675115    7.725847764
   -0.285599332    1.293596975   38.644998422   34.281440158    9.663929431
   -0.095199777    1.293596975   43.830233285   19.750544935   12.380100277
    0.095199777    1.293596975   46.175610854    5.130515705   15.831209190
    0.285599332    1.293596975   46.030973415   -5.804996169   19.719050973
    0.475998887    1.293596975   44.412321301   -9.969322254   23.456708598
    0.666398442    1.293596975   42.787260449   -5.836907728   26.252596421
    0.856797996    1.293596975   42.689876143    5.710144554   27.353649307
    1.047197551    1.293596975   45.241017502   21.213814706   26.343880659
    1.237597106    1.293596975   50.724141978   35.713251745   23.344534020
    1.427996661    1.293596975   58.479339735   44.408823613   18.946954014
    1.618396215    1.293596975   67.091291171   44.446457405   13.940522107
    1.808795770    1.293596975   74.835672806   35.451977632    9.017074785
    1.999195325    1.293596975   80.129417965   19.117786999    4.604095867
    2.189594880    1.293596975   81.837691982   -1.670828590    0.884981850
    2.379994435    1.293596975   79.425331011  -23.604349366   -2.084698484
    2.570393989    1.293596975   73.004729200  -43.174998926   -4.275705966
    2.760793544    1.293596975   63.352812612  -57.003554519   -5.643302055
    2.951193099    1.293596975   51.840373407  -62.409667861   -6.160128273

   -3.141592654    1.663196111   34.906737861  -57.617538577  -13.856279941
   -2.951193099    1.663196111   25.147333255  -44.020395146  -13.052598942
   -2.760793544    1.663196111   18.340872255  -27.527754794  -11.379622275
   -2.570393989    1.663196111   14.501541758  -13.701218227   -9.090483429
   -2.379994435    1.663196111   12.679051691   -6.790474708   -6.402871607
   -2.189594880    1.663196111   11.412625668   -7.672244866   -3.460398771
   -1.999195325    1.663196111    9.451543301  -13.285157735   -0.373334449
   -1.808795770    1.663196111    6.409721724  -18.016682110    2.675068122
   -1.618396215    1.663196111    2.995080718  -16.490925662    5.392264491
   -1.427996661    1.663196111    0.688497270   -6.323006445    7.459953354
   -1.237597106    1.663196111    1.030865023   10.687078334    8.699846126
   -1.047197551    1.663196111    4.886833045   29.575368537    9.204021071
   -0.856797996    1.663196111   12.060405839   44.671081518    9.334210198
   -0.666398442    1.663196111   21.414067145   51.965180808    9.580200642
   -0.475998887    1.663196111   31.302386015   50.328968020   10.356375006
   -0.285599332    1.663196111   40.117882447   41.124277404   11.859086782
   -0.095199777    1.663196111   46.683077511   27.263491272   14.009335205
    0.095199777    1.663196111   50.447207266   12.336724865   16.491889736
    0.285599332    1.663196111   51.556712594   -0.039060640   18.807058969
    0.475998887    1.663196111   50.809889098   -6.745449601   20.367865998
    0.666398442    1.663196111   49.491367245   -5.911142088   20.642524374
    0.856797996    1.663196111   49.053157525    2.258856187   19.340760197
    1.047197551    1.663196111   50.677606937   15.111221891   16.550476101
    1.237597106    1.663196111   54.844717063   28.219788046   12.744042799
    1.427996661    1.663196111   61.144127700   36.786084495    8.566215900
    1.618396215    1.663196111   68.359742711   37.476164591    4.558895912
    1.808795770    1.663196111   74.855050034   29.278246485    0.976255462
    1.999195325    1.663196111   79.029440422   13.477146175   -2.209366588
    2.189594880    1.663196111   79.689448829   -7.063393369   -5.144104217
    2.379994435    1.663196111   76.271555125  -28.732409731   -7.906641144
    2.570393989    1.663196111   68.928351462  -47.637212949  -10.410661732
    2.760793544    1.663196111   58.539607756  -60.164391088  -12.416771555
    2.951193099    1.663196111   46.594676770  -63.706892988  -13.635176975

   -3.141592654    2.032795246   27.922454500  -58.639038664  -17.001695770
   -2.951193099    2.032795246   18.171271370  -42.918101914  -16.016453647
   -2.760793544    2.032795246   11.765473183  -24.488290117  -13.972017744
   -2.570393989    2.032795246    8.659851131   -9.106424020  -11.141323680
   -2.379994435    2.032795246    7.826616868   -1.065123362   -7.775396725
   -2.189594880    2.032795246    7.725347001   -1.230431897   -4.029027115
   -1.999195325    2.032795246    7.021341443   -6.621200996   -0.004388134
   -1.808795770    2.032795246    5.220340953  -11.768826444    4.108080277
   -1.618396215    2.032795246    2.901133409  -11.340620504    7.952235633
   -1.427996661    2.032795246    1.433003405   -2.710429274   11.082225310
   -1.237597106    2.032795246    2.318803129   12.834453635   13.163394270
   -1.047197551    2.032795246    6.491856954   30.886310106   14.162124352
   -0.856797996    2.032795246   13.907645808   46.048106105   14.380121715
   -0.666398442    2.032795246   23.592560726   54.148533266   14.301367414
   -0.475998887    2.032795246   33.997264818   53.549064415   14.347762622
   -0.285599332    2.032795246   43.500454069   45.013094501   14.689359080
   -0.095199777    2.032795246   50.807099466   30.998838459   15.176657927
    0.095199777    2.032795246   55.187279306   14.896697893   15.418703289
    0.285599332    2.032795246   56.597136719    0.417701495   14.924521652
    0.475998887    2.032795246   55.688683005   -8.948114608   13.302950931
    0.666398442    2.032795246   53.695049219  -10.721184015   10.448209425
    0.856797996    2.032795246   52.146431041   -4.413403483    6.646120158
    1.047197551    2.032795246   52.420609417    7.838705147    2.509330511
    1.237597106    2.032795246   55.250535247   21.633055755   -1.236567302
    1.427996661    2.032795246   60.429148195   31.665336795   -4.082613641
    1.618396215    2.032795246   66.814079401   33.806165966   -5.944744146
    1.808795770    2.032795246   72.698157662   26.384807811   -7.154057919
    1.999195325    2.032795246   76.324754970   10.484135938   -8.239268938
    2.189594880    2.032795246   76.352356162  -10.766170523   -9.636150428
    2.379994435    2.032795246   72.151040964  -33.214462620  -11.487171472
    2.570393989    2.032795246   63.913277838  -52.431446602  -13.598558687
    2.760793544    2.032795246   52.644388181  -64.462895035  -15.536090584
    2.951193099    2.032795246   39.995680321  -66.662549263  -16.798102256

   -3.141592654    2.402394382   20.384882903  -60.414556628  -11.105642068
   -2.951193099    2.402394382   10.533754195  -42.161274147   -9.482921566
   -2.760793544    2.402394382    4.521973257  -21.149146448   -7.161148843
   -2.570393989    2.402394382    2.276773901   -3.482560091   -4.408627742
   -2.379994435    2.402394382    2.695691487    6.376915728   -1.379347807
   -2.189594880    2.402394382    4.142978479    7.499123079    1.951115278
   -1.999195325    2.402394382    5.175129914    2.763684899    5.684262519
   -1.808795770    2.402394382    5.161539943   -2.530953925    9.779014444
   -1.618396215    2.402394382    4.514908081   -3.163714752   13.905023853
   -1.427996661    2.402394382    4.438711213    3.625983573   17.496328948
   -1.237597106    2.402394382    6.324592289   16.984220632   19.989489308
   -1.047197551    2.402394382   11.093806043   33.068514385   21.097806174
   -0.856797996    2.402394382   18.787137724   46.894490358   20.929468437
   -0.666398442    2.402394382   28.562113989   54.333604605   19.882831324
   -0.475998887    2.402394382   38.971615084   53.423035195   18.408233251
   -0.285599332    2.402394382   48.413353722   44.412122296   16.778093647
   -0.095199777    2.402394382   55.514464851   29.311989464   14.984183842
    0.095199777    2.402394382   59.407315565   11.336841905   12.786027826
    0.285599332    2.402394382   59.915371834   -5.545312114    9.864533672
    0.475998887    2.402394382   57.646325125  -17.183254257    6.042592636
    0.666398442    2.402394382   53.938575873  -20.246728672    1.475794626
    0.856797996    2.402394382   50.580071794  -13.589078186   -3.290662876
    1.047197551    2.402394382   49.280553596    0.753316736   -7.476715413
    1.237597106    2.402394382   51.055188764   17.737239592  -10.369219204
    1.427996661    2.402394382   55.803530730   30.943805263  -11.666403260
    1.618396215    2.402394382   62.271779852   35.158764730  -11.602727793
    1.808795770    2.402394382   68.479549892   28.150886014  -10.820034789
    1.999195325    2.402394382   72.356413690   11.142302786  -10.051299172
    2.189594880    2.402394382   72.327803972  -12.082215334   -9.803529973
    2.379994435    2.402394382   67.678891725  -36.528967078  -10.195552993
    2.570393989    2.402394382   58.669535025  -57.055187121  -10.976740058
    2.760793544    2.402394382   46.482979795  -69.271364739  -11.680489134
    2.951193099    2.402394382   32.998734495  -70.442949468  -11.826653809

   -3.141592654    2.771993518   16.793136456  -59.713769586    0.739871813
   -2.951193099    2.771993518    7.192202166  -40.279299893    2.987186048
   -2.760793544    2.771993518    1.634772737  -18.319045961    5.348405441
   -2.570393989    2.771993518    0.000000000    0.073323598    7.695935776
   -2.379994435    2.771993518    1.163377877   10.663595359   10.083945398
   -2.189594880    2.771993518    3.514740531   12.757275925   12.741244247
   -1.999195325    2.771993518    5.659806742    9.204581487   15.903656967
   -1.808795770    2.771993518    6.976349440    4.921865220   19.566283404
   -1.618396215    2.771993518    7.791646365    4.577521158   23.338184098
   -1.427996661    2.771993518    9.130875142   10.558156933   26.524177840
   -1.237597106    2.771993518   12.175135036   22.075608671   28.403897510
   -1.047197551    2.771993518   17.689829000   35.763619428   28.556412668
   -0.856797996    2.771993518   25.668249754   47.238215686   27.017003636
   -0.666398442    2.771993518   35.318103268   52.757117529   24.193045134
   -0.475998887    2.771993518   45.280928065   50.358101796   20.624440425
   -0.285599332    2.771993518   54.012565210   40.012118529   16.722686430
   -0.095199777    2.771993518   60.137468808   23.415214718   12.639950781
    0.095199777    2.771993518   62.745334984    3.710913687    8.300833974
    0.285599332    2.771993518   61.639901729  -14.810234210    3.562704122
    0.475998887    2.771993518   57.502176955  -27.368879861   -1.560380608
    0.666398442    2.771993518   51.870297684  -30.001173759   -6.731532889
    0.856797996    2.771993518   46.823427706  -21.301782273  -11.302201917
    1.047197551    2.771993518   44.354213242   -3.654627224  -14.533322865
    1.237597106    2.771993518   45.640432271   16.989522063  -15.916148399
    1.427996661    2.771993518   50.546534935   33.162700087  -15.436465001
    1.618396215    2.771993518   57.607613978   38.904522444  -13.574327452
    1.808795770    2.771993518   64.546234104   31.847106712  -11.078806363
    1.999195325    2.771993518   69.025492183   13.642560520   -8.643294423
    2.189594880    2.771993518   69.317392454  -11.223922137   -6.665334422
    2.379994435    2.771993518   64.688114635  -37.088985080   -5.187372859
    2.570393989    2.771993518   55.487067072  -58.372238676   -3.986972611
    2.760793544    2.771993518   43.043605451  -70.521863842   -2.744700449
    2.951193099    2.771993518   29.387065093  -70.911931577   -1.200660962
