#! FIELDS phi psi file.free der_phi der_psi
#! SET min_phi -pi
#! SET max_phi pi
#! SET nbins_phi  33
#! SET periodic_phi true
#! SET min_psi -pi
#! SET max_psi pi
#! SET nbins_psi  17
#! SET periodic_psi true
   -3.141592654   -3.141592654   19.436765841  -54.930324972   14.767510368
   -2.951193099   -3.141592654   10.759497056  -35.580755834   17.621884744
   -2.760793544   -3.141592654    6.010346971  -14.685607074   19.789000371
   -2.570393989   -3.141592654    4.927407083    2.220110492   21.340530536
   -2.379994435   -3.141592654    6.386194391   11.739429618   22.608077606
   -2.189594880   -3.141592654    8.921376078   13.802931486   24.085062699
   -1.999195325   -3.141592654   11.351009136   11.285625991   26.181098880
   -1.808795770   -3.141592654   13.210064968    8.546337042   28.947948207
   -1.618396215   -3.141592654   14.844892259    9.444667705   31.949498562
   -1.427996661   -3.141592654   17.159369270   15.738100878   34.382706255
   -1.237597106   -3.141592654   21.133445173   26.485210771   35.407908592
   -1.047197551   -3.141592654   27.344553285   38.553147869   34.520747496
   -0.856797996   -3.141592654   35.660815506   47.935473509   31.729849670
   -0.666398442   -3.141592654   45.223762561   51.108867964   27.461800699
   -0.475998887   -3.141592654   54.627885168   46.084724910   22.300990254
   -0.285599332   -3.141592654   62.266658714   32.738042334   16.708762466
   -0.095199777   -3.141592654   66.698183851   12.878779391   10.908746657
    0.095199777   -3.141592654   67.002210109   -9.859615119    4.952954928
    0.285599332   -3.141592654   63.102716810  -30.344191260   -1.091320147
    0.475998887   -3.141592654   55.970238687  -42.913681596   -6.955434635
    0.666398442   -3.141592654   47.572793489  -43.094817647  -12.105629718
    0.856797996   -3.141592654   40.450535866  -29.694166496  -15.877125496
    1.047197551   -3.141592654   36.941345374   -6.085937972  -17.746424603
    1.237597106   -3.141592654   38.327985690   20.308994432  -17.580485094
    1.427996661   -3.141592654   44.296480490   40.642679168  -15.715037153
    1.618396215   -3.141592654   52.990903853   48.162966856  -12.777723378
    1.808795770   -3.141592654   61.673969572   40.574484665   -9.402004749
    1.999195325   -3.141592654   67.636379687   20.337679866   -5.989824041
    2.189594880   -3.141592654   68.972166056   -6.921319497   -2.650182865
    2.379994435   -3.141592654   64.981737778  -34.505760363    0.699118837
    2.570393989   -3.141592654   56.205530786  -56.283413274    4.171929357
    2.760793544   -3.141592654   44.209458877  -67.781296691    7.782403116
    2.951193099   -3.141592654   31.188068595  -66.989126638   11.397177925

   -3.141592654   -2.771993518   28.175236564  -49.215120157   23.609244384
   -2.951193099   -2.771993518   20.369171523  -32.195141418   26.097054758
   -2.760793544   -2.771993518   16.048885263  -13.486924054   27.403694533
   -2.570393989   -2.771993518   15.044459685    2.023995673   27.784115159
   -2.379994435   -2.771993518   16.430484777   11.396103639   27.755293220
   -2.189594880   -2.771993518   18.988878506   14.572449241   27.930716794
   -1.999195325   -2.771993518   21.736237300   13.905604738   28.758186393
   -1.808795770   -2.771993518   24.263623312   12.831166367   30.288814462
   -1.618396215   -2.771993518   26.786350515   14.232350787   32.095047236
   -1.427996661   -2.771993518   29.922777080   19.281372881   33.400934777
   -1.237597106   -2.771993518   34.314281034   27.096851020   33.386291367
   -1.047197551   -2.771993518   40.271585464   35.191075683   31.529172837
   -0.856797996   -2.771993518   47.552181185   40.485249046   27.790253054
   -0.666398442   -2.771993518   55.357346190   40.284500628   22.563126313
   -0.475998887   -2.771993518   62.471763693   33.094115288   16.468360128
   -0.285599332   -2.771993518   67.537306843   18.929838023   10.087333434
   -0.095199777   -2.771993518   69.359909683   -0.522293832    3.827022569
    0.095199777   -2.771993518   67.230858238  -21.864925167   -2.075918040
    0.285599332   -2.771993518   61.239941859  -40.193208714   -7.431777114
    0.475998887   -2.771993518   52.483985076  -50.028170860  -11.973483004
    0.666398442   -2.771993518   43.022787409  -47.100720217  -15.328826461
    0.856797996   -2.771993518   35.440447492  -30.526975745  -17.131834764
    1.047197551   -2.771993518   32.048699131   -4.097045827  -17.204171460
    1.237597106   -2.771993518   34.025045642   24.379153645  -15.681269736
    1.427996661   -2.771993518   40.894791118   45.909901876  -12.979423381
    1.618396215   -2.771993518   50.646723566   53.931821123   -9.599421259
    1.808795770   -2.771993518   60.450886704   46.583683046   -5.917458603
    1.999195325   -2.771993518   67.590557967   26.744900602   -2.072953201
    2.189594880   -2.771993518   70.210333415    0.203135088    1.984372770
    2.379994435   -2.771993518   67.659481332  -26.514629407    6.341776081
    2.570393989   -2.771993518   60.471328740  -47.679502999   10.974629123
    2.760793544   -2.771993518   50.122115018  -59.240134376   15.663775514
    2.951193099   -2.771993518   38.650055424  -59.427528205   20.021566985

   -3.141592654   -2.402394382   37.135363795  -44.599331484   21.695682685
   -2.951193099   -2.402394382   29.988183719  -29.868396207   23.309096627
   -2.760793544   -2.402394382   25.928871866  -12.934015897   23.898311569
   -2.570393989   -2.402394382   24.938062121    1.803229829   23.783991919
   -2.379994435   -2.402394382   26.300594251   11.551459468   23.412955306
   -2.189594880   -2.402394382   28.995874614   15.947217253   23.203756237
   -1.999195325   -2.402394382   32.139864154   16.647736688   23.366742140
   -1.808795770   -2.402394382   35.268379426   16.214279961   23.803346469
   -1.618396215   -2.402394382   38.383227347   16.791440044   24.120398587
   -1.427996661   -2.402394382   41.790181438   19.295508425   23.765023262
   -1.237597106   -2.402394382   45.829490549   23.242838426   22.238334399
   -1.047197551   -2.402394382   50.643721323   27.085488299   19.304766335
   -0.856797996   -2.402394382   56.026151269   28.868423989   15.078111581
   -0.666398442   -2.402394382   61.404574157   26.732319609    9.957526117
   -0.475998887   -2.402394382   65.898245548   19.415886942    4.477283120
   -0.285599332   -2.402394382   68.468534809    6.604092279   -0.884197011
   -0.095199777   -2.402394382   68.143569204  -10.663607044   -5.789189551
    0.095199777   -2.402394382   64.314722240  -29.562602551  -10.046098176
    0.285599332   -2.402394382   57.088005652  -45.481139621  -13.524506732
    0.475998887   -2.402394382   47.548141173  -52.972756415  -16.079551002
    0.666398442   -2.402394382   37.745848628  -47.737053696  -17.535272780
    0.856797996   -2.402394382   30.251095287  -28.992249119  -17.756868125
    1.047197551   -2.402394382   27.328670642   -0.769340232  -16.745901446
    1.237597106   -2.402394382   30.062684153   28.913389256  -14.691882013
    1.427996661   -2.402394382   37.863190372   51.081741345  -11.908124677
    1.618396215   -2.402394382   48.633204708   59.436597862   -8.688109416
    1.808795770   -2.402394382   59.520253352   52.489930148   -5.199762803
    1.999195325   -2.402394382   67.846748592   33.354307400   -1.468514422
    2.189594880   -2.402394382   71.814628566    7.766946472    2.541315683
    2.379994435   -2.402394382   70.792273385  -18.077301357    6.809629203
    2.570393989   -2.402394382   65.255829211  -38.897239128   11.185772073
    2.760793544   -2.402394382   56.544809743  -50.989254303   15.372618579
    2.951193099   -2.402394382   46.518177938  -52.654444424   18.990667778

   -3.141592654   -2.032795246   42.769122381  -41.637605186   13.579538855
   -2.951193099   -2.032795246   36.030119278  -28.527235537   14.536544007
   -2.760793544   -2.032795246   32.095423278  -12.876061496   14.905699392
   -2.570393989   -2.032795246   31.039752825    1.166506138   14.853688326
   -2.379994435   -2.032795246   32.263017250   10.803634850   14.557765520
   -2.189594880   -2.032795246   34.829414732   15.343405457   14.150812151
   -1.999195325   -2.032795246   37.857655150   15.953374546   13.657161951
   -1.808795770   -2.032795246   40.794252343   14.760353999   12.983581805
   -1.618396215   -2.032795246   43.491946328   13.733556790   11.944410689
   -1.427996661   -2.032795246   46.109853132   13.998037751   10.325533043
   -1.237597106   -2.032795246   48.914237622   15.621344495    7.969387064
   -1.047197551   -2.032795246   52.097278392   17.741826654    4.860430668
   -0.856797996   -2.032795246   55.626187684   18.970017792    1.154452763
   -0.666398442   -2.032795246   59.173548433   17.624763693   -2.854078724
   -0.475998887   -2.032795246   62.095659136   12.154042573   -6.799754948
   -0.285599332   -2.032795246   63.499967820    1.644383193  -10.361294309
   -0.095199777   -2.032795246   62.439319200  -13.501446536  -13.322374985
    0.095199777   -2.032795246   58.228874606  -30.832878796  -15.612154124
    0.285599332   -2.032795246   50.862164979  -45.751339456  -17.250326455
    0.475998887   -2.032795246   41.338609419  -52.545117918  -18.266186319
    0.666398442   -2.032795246   31.682543704  -46.602754612  -18.631033934
    0.856797996   -2.032795246   24.482356498  -26.996754360  -18.265102525
    1.047197551   -2.032795246   22.029397409    2.171069942  -17.106673910
    1.237597106   -2.032795246   25.408333411   32.720551823  -15.193670232
    1.427996661   -2.032795246   34.002667831   55.578340972  -12.667048391
    1.618396215   -2.032795246   45.682243164   64.467973574   -9.708087495
    1.808795770   -2.032795246   57.573229924   57.990234170   -6.476546106
    1.999195325   -2.032795246   66.991022489   39.303732217   -3.089692092
    2.189594880   -2.032795246   72.131037943   14.099243420    0.351847013
    2.379994435   -2.032795246   72.337258731  -11.555490287    3.729135116
    2.570393989   -2.032795246   68.034249654  -32.541309187    6.897610046
    2.760793544   -2.032795246   60.480165602  -45.289775409    9.692373444
    2.951193099   -2.032795246   51.435065209  -48.132994927   11.956603398

   -3.141592654   -1.663196111   41.302751694  -41.070674447   11.864362075
   -2.951193099   -1.663196111   34.730230490  -27.357052005   12.237376073
   -2.760793544   -1.663196111   31.062473099  -11.306180093   11.934515614
   -2.570393989   -1.663196111   30.306258982    2.636419241   11.039820883
   -2.379994435   -1.663196111   31.749802576   11.541132500    9.641369167
   -2.189594880   -1.663196111   34.339435669   14.763568659    7.805606886
   -1.999195325   -1.663196111   37.100192808   13.685551123    5.557947403
   -1.808795770   -1.663196111   39.436246169   10.740608025    2.917903865
   -1.618396215   -1.663196111   41.221375442    8.245517158   -0.065531856
   -1.427996661   -1.663196111   42.701078036    7.651972181   -3.294174068
   -1.237597106   -1.663196111   44.280866031    9.255356399   -6.622782735
   -1.047197551   -1.663196111   46.319280736   12.223805547   -9.866869362
   -0.856797996   -1.663196111   48.935149310   14.980490561  -12.820160988
   -0.666398442   -1.663196111   51.897295297   15.488591138  -15.276274978
   -0.475998887   -1.663196111   54.586548158   11.794626333  -17.051283246
   -0.285599332   -1.663196111   56.062192398    2.674888820  -18.046868926
   -0.095199777   -1.663196111   55.283604168  -11.678395304  -18.283605552
    0.095199777   -1.663196111   51.444427382  -28.856909921  -17.923956971
    0.285599332   -1.663196111   44.423919937  -44.157741887  -17.202499633
    0.475998887   -1.663196111   35.144724809  -51.581674157  -16.321774576
    0.666398442   -1.663196111   25.621091840  -46.119806541  -15.360806251
    0.856797996   -1.663196111   18.503456967  -26.513887871  -14.265589802
    1.047197551   -1.663196111   16.189790001    3.236711779  -12.916569877
    1.237597106   -1.663196111   19.863595844   34.784500396  -11.233780894
    1.427996661   -1.663196111   28.955544765   58.710515067   -9.206390338
    1.618396215   -1.663196111   41.312795601   68.370913809   -6.869745105
    1.808795770   -1.663196111   53.977683549   62.103784075   -4.275827132
    1.999195325   -1.663196111   64.148730178   42.991481350   -1.489252592
    2.189594880   -1.663196111   69.909253436   16.854593689    1.391176422
    2.379994435   -1.663196111   70.532208693   -9.942931867    4.223468411
    2.570393989   -1.663196111   66.437457345  -31.915915624    6.843126059
    2.760793544   -1.663196111   58.943074808  -45.200037512    9.083386860
    2.951193099   -1.663196111   49.908585149  -48.021439595   10.794781076

   -3.141592654   -1.293596975   39.961290087  -41.684728791    9.937120615
   -2.951193099   -1.293596975   33.252257080  -28.175394759    9.605551117
   -2.760793544   -1.293596975   29.407651485  -12.368861070    8.784934061
   -2.570393989   -1.293596975   28.410773379    1.117752440    7.495647967
   -2.379994435   -1.293596975   29.496516661    9.242299444    5.683675141
   -2.189594880   -1.293596975   31.547923759   11.360770226    3.236373066
   -1.999195325   -1.293596975   33.542162609    9.036641219    0.045047040
   -1.808795770   -1.293596975   34.886087733    5.032896029   -3.870612435
   -1.618396215   -1.293596975   35.525589355    2.041760350   -8.282141583
   -1.427996661   -1.293596975   35.841299307    1.776177189  -12.759293506
   -1.237597106   -1.293596975   36.402353635    4.565378903  -16.775111024
   -1.047197551   -1.293596975   37.713762806    9.356790674  -19.858873240
   -0.856797996   -1.293596975   39.982062546   14.208092913  -21.721184044
   -0.666398442   -1.293596975   42.990117598   16.699442907  -22.302071082
   -0.475998887   -1.293596975   46.069056375   14.587680202  -21.731683990
   -0.285599332   -1.293596975   48.182003610    6.467634273  -20.269537982
   -0.095199777   -1.293596975   48.164717571   -7.605647307  -18.224176036
    0.095199777   -1.293596975   45.066120446  -25.278831286  -15.909666948
    0.285599332   -1.293596975   38.624431403  -41.744729541  -13.576502012
    0.475998887   -1.293596975   29.665660066  -50.639658759  -11.372875286
    0.666398442   -1.293596975   20.197602213  -46.396508959   -9.333524823
    0.856797996   -1.293596975   12.969173110  -27.250418447   -7.422784037
    1.047197551   -1.293596975   10.548374369    2.985297250   -5.601408389
    1.237597106   -1.293596975   14.283908935   35.759562174   -3.875456673
    1.427996661   -1.293596975   23.704183225   61.174140860   -2.253123095
    1.618396215   -1.293596975   36.656665703   72.073723299   -0.695656207
    1.808795770   -1.293596975   50.098792976   66.438133202    0.888975003
    1.999195325   -1.293596975   61.097350631   47.219740351    2.584196816
    2.189594880   -1.293596975   67.601789469   20.344499133    4.384318530
    2.379994435   -1.293596975   68.787923880   -7.554443746    6.172817635
    2.570393989   -1.293596975   65.037899993  -30.665575564    7.769641342
    2.760793544   -1.293596975   57.689032598  -44.870277835    8.998459146
    2.951193099   -1.293596975   48.654478828  -48.296754217    9.737883709

   -3.141592654   -0.923997839   40.727794835  -43.712751825    6.175228503
   -2.951193099   -0.923997839   33.601871518  -30.477141079    4.785990733
   -2.760793544   -0.923997839   29.309687862  -14.747641691    3.044687324
   -2.570393989   -0.923997839   27.851136997   -1.383414908    1.020680761
   -2.379994435   -0.923997839   28.426914035    6.321209197   -1.342046324
   -2.189594880   -0.923997839   29.848673782    7.595125941   -4.204646630
   -1.999195325   -0.923997839   31.019530859    4.132003031   -7.716622795
   -1.808795770   -0.923997839   31.322703974   -0.939451123  -11.829962755
   -1.618396215   -0.923997839   30.763656348   -4.444531816  -16.190864363
   -1.427996661   -0.923997839   29.867368122   -4.290521781  -20.178235148
   -1.237597106   -0.923997839   29.395761611   -0.043698835  -23.094346005
   -1.047197551   -0.923997839   30.036585893    7.030236199  -24.423189302
   -0.856797996   -0.923997839   32.112486207   14.528756635  -24.009602059
   -0.666398442   -0.923997839   35.423202860   19.482173556  -22.081863776
   -0.475998887   -0.923997839   39.215913391   19.153006644  -19.121506038
   -0.285599332   -0.923997839   42.289442981   11.812520240  -15.669892903
   -0.095199777   -0.923997839   43.276562166   -2.580953488  -12.159584585
    0.095199777   -0.923997839   41.029977855  -21.469203306   -8.846135209
    0.285599332   -0.923997839   35.159617837  -39.567971535   -5.805050813
    0.475998887   -0.923997839   26.473494120  -49.864499574   -3.010007385
    0.666398442   -0.923997839   17.078878113  -46.249376380   -0.433546345
    0.856797996   -0.923997839    9.894356084  -26.798794535    1.870995265
    1.047197551   -0.923997839    7.644987930    4.385996297    3.761667543
    1.237597106   -0.923997839   11.753934375   38.250973023    5.076467360
    1.427996661   -0.923997839   21.733005253   64.475119184    5.775195960
    1.618396215   -0.923997839   35.357481552   75.749099179    6.003805807
    1.808795770   -0.923997839   49.503453501   70.090722372    6.045117898
    1.999195325   -0.923997839   61.169206827   50.517077215    6.173224664
    2.189594880   -0.923997839   68.243906532   22.983201432    6.510412249
    2.379994435   -0.923997839   69.847230245   -5.850328706    6.984081283
    2.570393989   -0.923997839   66.317803447  -30.066625633    7.386288926
    2.760793544   -0.923997839   58.976108882  -45.374725574    7.479506889
    2.951193099   -0.923997839   49.753935735  -49.718373702    7.093787251

   -3.141592654   -0.554398704   42.079741348  -47.551471637    3.432753979
   -2.951193099   -0.554398704   34.150277094  -34.991616705    0.862931982
   -2.760793544   -0.554398704   28.968430811  -19.511489055   -1.907261221
   -2.570393989   -0.554398704   26.596032066   -6.216072172   -4.688708364
   -2.379994435   -0.554398704   26.233976346    1.250584219   -7.471618184
   -2.189594880   -0.554398704   26.639183995    1.928982411  -10.420069745
   -1.999195325   -0.554398704   26.657882068   -2.289630258  -13.704259657
   -1.808795770   -0.554398704   25.691082209   -7.734785713  -17.255945365
   -1.618396215   -0.554398704   23.878248169  -10.611187632  -20.641306080
   -1.427996661   -0.554398704   21.971057976   -8.519225609  -23.153702998
   -1.237597106   -0.554398704   20.968286053   -1.256737562  -24.101769083
   -1.047197551   -0.554398704   21.702287696    9.218747244  -23.142356150
   -0.856797996   -0.554398704   24.487159138   19.645155930  -20.443042108
   -0.666398442   -0.554398704   28.964521916   26.392469786  -16.596090062
   -0.475998887   -0.554398704   34.133798874   26.470109321  -12.358257118
   -0.285599332   -0.554398704   38.539809802   18.325074685   -8.346650449
   -0.095199777   -0.554398704   40.629037047    2.410118037   -4.849394153
    0.095199777   -0.554398704   39.177672111  -18.066521978   -1.805410674
    0.285599332   -0.554398704   33.840105761  -37.253155021    1.073525158
    0.475998887   -0.554398704   25.554134881  -47.847845247    4.073203086
    0.666398442   -0.554398704   16.572728338  -43.857858721    7.254031053
    0.856797996   -0.554398704    9.901864136  -23.819254885   10.350961987
    1.047197551   -0.554398704    8.254983380    7.628779394   12.866838180
    1.237597106   -0.554398704   12.961194768   41.174900261   14.317739178
    1.427996661   -0.554398704   23.429109304   66.635003947   14.514621429
    1.618396215   -0.554398704   37.385816155   77.098320217   13.666803191
    1.808795770   -0.554398704   51.733350686   70.919358492   12.268974291
    1.999195325   -0.554398704   63.535022015   51.159276985   10.846016427
    2.189594880   -0.554398704   70.725602573   23.549971240    9.712233062
    2.379994435   -0.554398704   72.415229162   -5.566523496    8.878800222
    2.570393989   -0.554398704   68.881001167  -30.473641346    8.112591397
    2.760793544   -0.554398704   61.363088247  -46.865907700    7.088076416
    2.951193099   -0.554398704   51.737851952  -52.466055196    5.552097734

   -3.141592654   -0.184799568   42.756012401  -53.193526683    0.979419440
   -2.951193099   -0.184799568   33.685938061  -41.208513286   -2.034822727
   -2.760793544   -0.184799568   27.311207723  -25.731503270   -5.053397483
   -2.570393989   -0.184799568   23.782680496  -12.114495495   -7.869232591
   -2.379994435   -0.184799568   22.324547812   -4.404489603  -10.477834383
   -2.189594880   -0.184799568   21.653062377   -3.769239293  -13.060661129
   -1.999195325   -0.184799568   20.574296702   -8.076997023  -15.781050085
   -1.808795770   -0.184799568   18.536749896  -13.033840767  -18.523722252
   -1.618396215   -0.184799568   15.854364866  -14.209848297  -20.786757423
   -1.427996661   -0.184799568   13.533294936   -9.059912549  -21.837956361
   -1.237597106   -0.184799568   12.787979382    2.037949524  -21.073125193
   -1.047197551   -0.184799568   14.499199504   16.036335332  -18.376581424
   -0.856797996   -0.184799568   18.812470449   28.582959831  -14.228828307
   -0.666398442   -0.184799568   25.040177724   35.502834188   -9.501606593
   -0.475998887   -0.184799568   31.819490710   34.039188733   -5.079693385
   -0.285599332   -0.184799568   37.443448644   23.495440018   -1.484913141
   -0.095199777   -0.184799568   40.301706467    5.441506084    1.281321053
    0.095199777   -0.184799568   39.312342918  -16.005349574    3.659069249
    0.285599332   -0.184799568   34.393240492  -34.688595868    6.251557789
    0.475998887   -0.184799568   26.733114352  -43.744463472    9.468685996
    0.666398442   -0.184799568   18.693109083  -38.178821850   13.253004298
    0.856797996   -0.184799568   13.181677980  -17.573566538   17.041477106
    1.047197551   -0.184799568   12.656353664   12.884074752   20.001998503
    1.237597106   -0.184799568   18.161481689   44.153865896   21.426285505
    1.427996661   -0.184799568   28.939461584   66.931010144   21.077507292
    1.618396215   -0.184799568   42.735809103   75.273388863   19.265598421
    1.808795770   -0.184799568   56.619234634   68.065441564   16.656835101
    1.999195325   -0.184799568   67.861427582   48.272358075   13.943235304
    2.189594880   -0.184799568   74.540774725   21.093842200   11.564391011
    2.379994435   -0.184799568   75.795734274   -7.746596635    9.602928409
    2.570393989   -0.184799568   71.830209826  -32.932474844    7.848853234
    2.760793544   -0.184799568   63.767539677  -50.210986453    5.970004911
    2.951193099   -0.184799568   53.391611851  -57.027067873    3.702087282

   -3.141592654    0.184799568   42.727924566  -58.550744614   -1.527102178
   -2.951193099    0.184799568   32.604511755  -46.799307155   -4.016850602
   -2.760793544    0.184799568   25.184133751  -31.044996939   -6.272905091
   -2.570393989    0.184799568   20.692396458  -16.903785752   -8.226960470
   -2.379994435    0.184799568   18.364667529   -8.787837232   -9.969652616
   -2.189594880    0.184799568   16.878772256   -7.957501685  -11.701187732
   -1.999195325    0.184799568   15.027656112  -11.920660110  -13.534220550
   -1.808795770    0.184799568   12.348993590  -15.736617097  -15.288852047
   -1.618396215    0.184799568    9.359775718  -14.510888961  -16.449146373
   -1.427996661    0.184799568    7.299850671   -5.889240513  -16.364103763
   -1.237597106    0.184799568    7.508980933    8.808503575  -14.604767376
   -1.047197551    0.184799568   10.771482297   25.268089247  -11.273384311
   -0.856797996    0.184799568   16.914664600   38.191324922   -7.019778501
   -0.666398442    0.184799568   24.832448635   43.321735277   -2.746608482
   -0.475998887    0.184799568   32.816073108   38.752280452    0.811509042
   -0.285599332    0.184799568   39.034415171   25.147710956    3.435606931
   -0.095199777    0.184799568   42.015019147    5.374843673    5.475244651
    0.095199777    0.184799568   41.008737914  -15.774324979    7.636828711
    0.285599332    0.184799568   36.310142114  -32.376869636   10.587083934
    0.475998887    0.184799568   29.357141412  -38.634817241   14.564003741
    0.666398442    0.184799568   22.511466293  -30.993488210   19.172371963
    0.856797996    0.184799568   18.425406139  -10.169434661   23.492000848
    1.047197551    0.184799568   19.158635694   18.360157674   26.465349215
    1.237597106    0.184799568   25.397437670   46.240842595   27.363012830
    1.427996661    0.184799568   36.221850211   65.410494836   26.083984494
    1.618396215    0.184799568   49.452853614   71.086294298   23.122348713
    1.808795770    0.184799568   62.402143756   62.702353289   19.285940170
    1.999195325    0.184799568   72.619328824   43.051336068   15.340434463
    2.189594880    0.184799568   78.377662408   16.693242850   11.767745033
    2.379994435    0.184799568   78.873958044  -11.379540063    8.707726354
    2.570393989    0.184799568   74.248756258  -36.344573092    6.039612963
    2.760793544    0.184799568   65.504142357  -54.052815897    3.538875253
    2.951193099    0.184799568   54.322034737  -61.676188150    1.029163524

   -3.141592654    0.554398704   44.350495857  -61.723941761   -1.164918880
   -2.951193099    0.554398704   33.571507893  -50.453636439   -2.332524523
   -2.760793544    0.554398704   25.431697026  -34.882109432   -3.303890972
   -2.570393989    0.554398704   20.216470401  -20.616526868   -4.168780847
   -2.379994435    0.554398704   17.208554525  -12.198222338   -5.052763137
   -2.189594880    0.554398704   15.110490593  -10.948117640   -6.070592778
   -1.999195325    0.554398704   12.747696415  -14.231698678   -7.211215052
   -1.808795770    0.554398704    9.734616515  -16.823319996   -8.255295087
   -1.618396215    0.554398704    6.710349928  -13.689234819   -8.799670379
   -1.427996661    0.554398704    5.023192742   -2.781559213   -8.425926616
   -1.237597106    0.554398704    6.019048024   13.823910591   -6.931948991
   -1.047197551    0.554398704   10.328096678   30.990313687   -4.492824474
   -0.856797996    0.554398704   17.502010101   43.045830854   -1.598193961
   -0.666398442    0.554398704   26.161461988   46.128915613    1.202198120
   -0.475998887    0.554398704   34.463454400   39.369689025    3.583493145
   -0.285599332    0.554398704   40.664270799   24.594224114    5.632326940
   -0.095199777    0.554398704   43.567214256    5.431990105    7.785158795
    0.095199777    0.554398704   42.772828480  -13.369920160   10.606846975
    0.285599332    0.554398704   38.834690286  -26.756771084   14.455090134
    0.475998887    0.554398704   33.228827544  -30.312246186   19.211819817
    0.666398442    0.554398704   28.090767727  -21.765668102   24.196427988
    0.856797996    0.554398704   25.661417604   -2.396126119   28.353957766
    1.047197551    0.554398704   27.574484015   22.732878451   30.662317300
    1.237597106    0.554398704   34.248669281   46.436398653   30.555125519
    1.427996661    0.554398704   44.745367928   61.962746169   28.133626882
    1.618396215    0.554398704   57.081341967   65.409269425   24.055047062
    1.808795770    0.554398704   68.866178002   56.400315368   19.219923859
    1.999195325    0.554398704   77.925889707   37.356810726   14.436233567
    2.189594880    0.554398704   82.711243515   12.215935211   10.222731232
    2.379994435    0.554398704   82.476228401  -14.633588911    6.781695657
    2.570393989    0.554398704   77.317000478  -38.797477222    4.075375610
    2.760793544    0.554398704   68.132908921  -56.312499526    1.950420070
    2.951193099    0.554398704   56.494330265  -64.274235057    0.242728562

   -3.141592654    0.923997839   44.236238982  -62.935813702   -0.727968470
   -2.951193099    0.923997839   33.290155198  -50.980001917   -0.232449793
   -2.760793544    0.923997839   25.108107576  -34.811467198    0.430435518
   -2.570393989    0.923997839   19.947629419  -20.147688081    0.969558227
   -2.379994435    0.923997839   17.042232850  -11.641942912    1.191865231
   -2.189594880    0.923997839   15.032388206  -10.615663155    1.037492419
   -1.999195325    0.923997839   12.696850077  -14.280895020    0.592149337
   -1.808795770    0.923997839    9.643428997  -17.163141572    0.045088350
   -1.618396215    0.923997839    6.547322693  -14.059992199   -0.369521738
   -1.427996661    0.923997839    4.804419540   -2.978438181   -0.442027227
   -1.237597106    0.923997839    5.778869658   13.758916716   -0.049124344
   -1.047197551    0.923997839   10.069877396   30.811156925    0.810659128
   -0.856797996    0.923997839   17.182424467   42.575414322    2.053703513
   -0.666398442    0.923997839   25.739011530   45.598045910    3.592484470
   -0.475998887    0.923997839   33.991657679   39.547341323    5.414553443
   -0.285599332    0.923997839   40.380161707   26.573258615    7.638237824
   -0.095199777    0.923997839   43.912433464   10.191303947   10.458666589
    0.095199777    0.923997839   44.325312995   -5.456644489   14.048480072
    0.285599332    0.923997839   42.157754447  -16.249947264   18.372782768
    0.475998887    0.923997839   38.683592514  -18.754042555   23.048093897
    0.666398442    0.923997839   35.674665136  -11.349245847   27.330902693
    0.856797996    0.923997839   34.943933860    4.706131723   30.312049524
    1.047197551    0.923997839   37.773573347   25.122768913   31.254161541
    1.237597106    0.923997839   44.431282254   43.965630462   29.898299834
    1.427996661    0.923997839   54.069675768   55.669437413   26.547765485
    1.618396215    0.923997839   64.977387047   57.001681879   21.897232970
    1.808795770    0.923997839   75.098104416   47.577266051   16.752836387
    1.999195325    0.923997839   82.540404998   29.337785719   11.790290511
    2.189594880    0.923997839   85.927842698    5.601057524    7.456666723
    2.379994435    0.923997839   84.577895238  -19.749052559    3.990498851
    2.570393989    0.923997839   78.573314196  -42.605461233    1.480799892
    2.760793544    0.923997839   68.766460083  -59.081842970   -0.075266280
    2.951193099    0.923997839   56.680930026  -66.215580884   -0.757319620

   -3.141592654    1.293596975   40.735245642  -61.336942674   -5.255443561
   -2.951193099    1.293596975   30.248545592  -47.876596659   -4.096866897
   -2.760793544    1.293596975   22.727646115  -31.137309997   -2.633456972
   -2.570393989    1.293596975   18.242605285  -16.866428369   -1.162407780
   -2.379994435    1.293596975   15.865241295   -9.462531478    0.162883337
   -2.189594880    1.293596975   14.135822137   -9.874503929    1.334494456
   -1.999195325    1.293596975   11.799385627  -15.020149523    2.429092430
   -1.808795770    1.293596975    8.475017949  -19.237246303    3.496144141
   -1.618396215    1.293596975    4.880340813  -17.160801414    4.503652864
   -1.427996661    1.293596975    2.489701867   -6.578992195    5.364848054
   -1.237597106    1.293596975    2.792946515   10.446334115    6.023111815
   -1.047197551    1.293596975    6.557572428   28.749363039    6.523683013
   -0.856797996    1.293596975   13.471590766   42.680784753    7.037201673
   -0.666398442    1.293596975   22.307417976   48.484796640    7.817975513
   -0.475998887    1.293596975   31.389047091   45.351388753    9.124216372
   -0.285599332    1.293596975   39.134037043   34.914531649   11.158523595
   -0.095199777    1.293596975   44.436321650   20.285392794   13.994792585
    0.095199777    1.293596975   46.853656233    5.302028915   17.535882659
    0.285599332    1.293596975   46.696635385   -6.120946382   21.437237417
    0.475998887    1.293596975   44.980534557  -10.643332626   25.096759654
    0.666398442    1.293596975   43.222349263   -6.494672780   27.748724036
    0.856797996    1.293596975   43.043117335    5.586019051   28.697936543
    1.047197551    1.293596975   45.662066981   22.114337274   27.590080820
    1.237597106    1.293596975   51.440796904   37.931310459   24.576300014
    1.427996661    1.293596975   59.742881550   47.873602375   20.223302082
    1.618396215    1.293596975   69.095415869   48.619887728   15.249132947
    1.808795770    1.293596975   77.629669912   39.378651498   10.265345199
    1.999195325    1.293596975   83.559828732   21.689155367    5.660312286
    2.189594880    1.293596975   85.557421807   -1.314232506    1.649543448
    2.379994435    1.293596975   82.978597419  -25.686528160   -1.618061369
    2.570393989    1.293596975   75.967492598  -47.156960998   -4.005032557
    2.760793544    1.293596975   65.463941752  -61.765250251   -5.398719626
    2.951193099    1.293596975   53.071696149  -66.714781533   -5.776229987

   -3.141592654    1.663196111   35.227679363  -59.539965502  -13.668596375
   -2.951193099    1.663196111   25.237935837  -44.589555855  -12.503800066
   -2.760793544    1.663196111   18.413013404  -27.275147258  -10.577810018
   -2.570393989    1.663196111   14.651705637  -13.233140078   -8.141691599
   -2.379994435    1.663196111   12.906835852   -6.489030155   -5.366170636
   -2.189594880    1.663196111   11.675252668   -7.601014361   -2.344362941
   -1.999195325    1.663196111    9.715480178  -13.317237712    0.834041210
   -1.808795770    1.663196111    6.668532415  -18.030074047    3.966416735
   -1.618396215    1.663196111    3.255824850  -16.467590227    6.722780964
   -1.427996661    1.663196111    0.952966351   -6.330203207    8.762226840
   -1.237597106    1.663196111    1.289041207   10.617602716    9.919735238
   -1.047197551    1.663196111    5.132776367   29.530221383   10.337997549
   -0.856797996    1.663196111   12.316635257   44.848563994   10.442745601
   -0.666398442    1.663196111   21.743720894   52.574637700   10.771850515
   -0.475998887    1.663196111   31.795962830   51.423188913   11.743504276
   -0.285599332    1.663196111   40.852764371   42.500226048   13.505914224
   -0.095199777    1.663196111   47.676431970   28.509383856   15.892724160
    0.095199777    1.663196111   51.630238972   13.006476311   18.494641208
    0.285599332    1.663196111   52.791376639   -0.194142862   20.747222101
    0.475998887    1.663196111   51.942296130   -7.626073301   22.055087316
    0.666398442    1.663196111   50.421475038   -7.067628851   21.938255012
    0.856797996    1.663196111   49.789898159    1.489901506   20.197911341
    1.047197551    1.663196111   51.358119270   15.375248186   17.015104703
    1.237597106    1.663196111   55.708263382   29.896707673   12.918580971
    1.427996661    1.663196111   62.459782075   39.782987415    8.551222731
    1.618396215    1.663196111   70.325792950   41.148025297    4.405232003
    1.808795770    1.663196111   77.503503353   32.565790370    0.673170431
    1.999195325    1.663196111   82.178327477   15.272368329   -2.700224132
    2.189594880    1.663196111   82.977735706   -7.467484317   -5.830010659
    2.379994435    1.663196111   79.269725145  -31.307667723   -8.717371402
    2.570393989    1.663196111   71.286227742  -51.621413800  -11.196170198
    2.760793544    1.663196111   60.098609153  -64.376515960  -12.993067265
    2.951193099    1.663196111   47.420583795  -67.059817578  -13.856244962

   -3.141592654    2.032795246   28.136494491  -59.608876248  -17.559588938
   -2.951193099    2.032795246   18.312592126  -42.806670713  -16.124316866
   -2.760793544    2.032795246   11.986477613  -23.883974247  -13.763827762
   -2.570393989    2.032795246    8.999302549   -8.546790035  -10.756116854
   -2.379994435    2.032795246    8.246756432   -0.802102360   -7.311121779
   -2.189594880    2.032795246    8.169782609   -1.218661558   -3.532818426
   -1.999195325    2.032795246    7.457338523   -6.697006443    0.509240258
   -1.808795770    2.032795246    5.642988844  -11.832970210    4.631941965
   -1.618396215    2.032795246    3.312877211  -11.405711179    8.478722771
   -1.427996661    2.032795246    1.828851803   -2.829749589   11.616097614
   -1.237597106    2.032795246    2.690602204   12.707865286   13.741108019
   -1.047197551    2.032795246    6.854822753   30.952923483   14.863578196
   -0.856797996    2.032795246   14.326002247   46.599817274   15.314640844
   -0.666398442    2.032795246   24.182286393   55.407400400   15.572423657
   -0.475998887    2.032795246   34.894020135   55.472599360   16.004184446
   -0.285599332    2.032795246   44.798951821   47.207202152   16.685487796
   -0.095199777    2.032795246   52.500125145   32.816655403   17.359521524
    0.095199777    2.032795246   57.138492515   15.686700108   17.552551978
    0.285599332    2.032795246   58.570596086   -0.172077475   16.747562323
    0.475998887    2.032795246   57.426124475  -10.779905528   14.597376649
    0.666398442    2.032795246   55.012838786  -13.170903809   11.097104241
    0.856797996    2.032795246   53.011521944   -6.569624066    6.655144528
    1.047197551    2.032795246   52.975812828    6.858315454    1.983967448
    1.237597106    2.032795246   55.777850433   22.350828806   -2.147120596
    1.427996661    2.032795246   61.255358301   34.004630066   -5.249690678
    1.618396215    2.032795246   68.188372558   37.043327537   -7.301524321
    1.808795770    2.032795246   74.685641691   29.368421098   -8.695118616
    1.999195325    2.032795246   78.764214483   12.078752231   -9.978193987
    2.189594880    2.032795246   78.907203831  -11.203099096  -11.546718109
    2.379994435    2.032795246   74.434318195  -35.542780858  -13.463114487
    2.570393989    2.032795246   65.636321074  -55.816073099  -15.459517577
    2.760793544    2.032795246   53.713729364  -67.768289197  -17.078853890
    2.951193099    2.032795246   40.521014779  -68.971496033  -17.871481379

   -3.141592654    2.402394382   20.169994401  -60.632958381  -11.399960024
   -2.951193099    2.402394382   10.371631658  -41.498846974   -9.427832081
   -2.760793544    2.402394382    4.522170614  -20.225195347   -6.900776743
   -2.570393989    2.402394382    2.438696677   -2.773446934   -4.074220854
   -2.379994435    2.402394382    2.958695634    6.719698054   -1.055250252
   -2.189594880    2.402394382    4.445429239    7.597951164    2.230685339
   -1.999195325    2.402394382    5.488862496    2.807319652    5.919898462
   -1.808795770    2.402394382    5.487457692   -2.449693938    9.989524870
   -1.618396215    2.402394382    4.860295844   -3.052572770   14.126542006
   -1.427996661    2.402394382    4.807931628    3.756590492   17.791085568
   -1.237597106    2.402394382    6.730182366   17.254887266   20.448707949
   -1.047197551    2.402394382   11.585312131   33.738225177   21.829952161
   -0.856797996    2.402394382   19.468582320   48.248635966   22.027624695
   -0.666398442    2.402394382   29.578943820   56.487870335   21.385524975
   -0.475998887    2.402394382   40.459803729   56.139337740   20.265738360
   -0.285599332    2.402394382   50.425783506   47.061158342   18.841710019
   -0.095199777    2.402394382   57.959400231   31.047522702   17.025979060
    0.095199777    2.402394382   62.035430937   11.418905248   14.547440162
    0.285599332    2.402394382   62.375485870   -7.400657387   11.121295671
    0.475998887    2.402394382   59.592359709  -20.625258706    6.664527968
    0.666398442    2.402394382   55.148684656  -24.357615672    1.457098743
    0.856797996    2.402394382   51.038619778  -17.184517520   -3.844310174
    1.047197551    2.402394382   49.190789378   -1.277139624   -8.401326375
    1.237597106    2.402394382   50.777679667   17.817662495  -11.511861498
    1.427996661    2.402394382   55.736044147   32.965003990  -12.937913506
    1.618396215    2.402394382   62.710999714   38.257069829  -12.989139393
    1.808795770    2.402394382   69.513340114   31.067004326  -12.350118983
    1.999195325    2.402394382   73.833137361   12.714241620  -11.739063895
    2.189594880    2.402394382   73.923630254  -12.441390974  -11.598600399
    2.379994435    2.402394382   69.034657843  -38.588870912  -11.968556363
    2.570393989    2.402394382   59.539389137  -59.922429532  -12.549865071
    2.760793544    2.402394382   46.819606548  -71.843351177  -12.886418545
    2.951193099    2.402394382   32.942347380  -71.926606644  -12.571748622

   -3.141592654    2.771993518   16.285960322  -59.489597762    1.266944052
   -2.951193099    2.771993518    6.809629291  -39.312603885    3.750468921
   -2.760793544    2.771993518    1.457826193  -17.244332345    6.218811048
   -2.570393989    2.771993518    0.000000000    0.795310031    8.574557693
   -2.379994435    2.771993518    1.256166651   10.911448467   10.913063553
   -2.189594880    2.771993518    3.621659453   12.692777139   13.498808704
   -1.999195325    2.771993518    5.744794178    9.072188914   16.594734956
   -1.808795770    2.771993518    7.045628310    4.901416426   20.220772924
   -1.618396215    2.771993518    7.876644954    4.769642425   24.018223609
   -1.427996661    2.771993518    9.280733891   11.052095220   27.324184849
   -1.237597106    2.771993518   12.461728201   23.038672622   29.432648219
   -1.047197551    2.771993518   18.222684219   37.408322538   29.903102549
   -0.856797996    2.771993518   26.592324979   49.698693216   28.711763134
   -0.666398442    2.771993518   36.782227543   55.910665119   26.181390369
   -0.475998887    2.771993518   47.375024450   53.696911851   22.764989282
   -0.285599332    2.771993518   56.694916450   42.681605397   18.813098612
   -0.095199777    2.771993518   63.189392705   24.466556677   14.463341959
    0.095199777    2.771993518   65.787719650    2.482132226    9.680327231
    0.285599332    2.771993518   64.224474816  -18.343461412    4.407464494
    0.475998887    2.771993518   59.247318394  -32.486453290   -1.234273060
    0.666398442    2.771993518   52.589671592  -35.431515312   -6.816872035
    0.856797996    2.771993518   46.592123892  -25.652304529  -11.650327859
    1.047197551    2.771993518   43.486079901   -5.879107090  -15.018191301
    1.237597106    2.771993518   44.587277814   17.251395252  -16.481876919
    1.427996661    2.771993518   49.753091773   35.483130334  -16.102536030
    1.618396215    2.771993518   57.372065040   42.219043348  -14.396542411
    1.808795770    2.771993518   64.932025676   34.831557995  -12.088039722
    1.999195325    2.771993518   69.857609364   15.202526105   -9.797001101
    2.189594880    2.771993518   70.268843492  -11.544681605   -7.838104553
    2.379994435    2.771993518   65.420413088  -38.955304197   -6.204148795
    2.570393989    2.771993518   55.787830702  -60.864204885   -4.681754533
    2.760793544    2.771993518   42.895924682  -72.595446668   -3.014151941
    2.951193099    2.771993518   28.945232478  -71.875703025   -1.034542392
