#! FIELDS phi psi file.free der_phi der_psi
#! SET min_phi -pi
#! SET max_phi pi
#! SET nbins_phi  33
#! SET periodic_phi true
#! SET min_psi -pi
#! SET max_psi pi
#! SET nbins_psi  17
#! SET periodic_psi true
   -3.141592654   -3.141592654   19.244595515  -54.510283981   15.335641138
   -2.951193099   -3.141592654   10.639660620  -35.263775873   18.171504979
   -2.760793544   -3.141592654    5.934466392  -14.559606767   20.253310914
   -2.570393989   -3.141592654    4.854147756    2.116100881   21.676763293
   -2.379994435   -3.141592654    6.272629095   11.422364232   22.805889186
   -2.189594880   -3.141592654    8.733534757   13.354274192   24.169420021
   -1.999195325   -3.141592654   11.075306068   10.832525087   26.208822077
   -1.808795770   -3.141592654   12.859418838    8.227177477   28.999882759
   -1.618396215   -3.141592654   14.456572696    9.376515137   32.117970024
   -1.427996661   -3.141592654   16.787437736   15.977343246   34.753173408
   -1.237597106   -3.141592654   20.836560920   27.022798151   36.039272929
   -1.047197551   -3.141592654   27.174543978   39.330259108   35.429293832
   -0.856797996   -3.141592654   35.655098779   48.863554704   32.880656150
   -0.666398442   -3.141592654   45.400444255   52.069158937   28.769240385
   -0.475998887   -3.141592654   54.978250074   46.914171225   23.642305073
   -0.285599332   -3.141592654   62.747440121   33.241047029   17.951874974
   -0.095199777   -3.141592654   67.229420914   12.875480319   11.950635494
    0.095199777   -3.141592654   67.477897407  -10.443872067    5.757093766
    0.285599332   -3.141592654   63.417080199  -31.434235961   -0.479777604
    0.475998887   -3.141592654   56.045700147  -44.295352449   -6.429982497
    0.666398442   -3.141592654   47.379482181  -44.496676480  -11.548253720
    0.856797996   -3.141592654   40.009091878  -30.868428490  -15.214956088
    1.047197551   -3.141592654   36.313017628   -6.859056893  -16.983557381
    1.237597106   -3.141592654   37.597681805   20.010542869  -16.791245141
    1.427996661   -3.141592654   43.552243309   40.772465564  -15.003519462
    1.618396215   -3.141592654   52.301056959   48.567074735  -12.227630454
    1.808795770   -3.141592654   61.070988153   41.043930987   -9.040641900
    1.999195325   -3.141592654   67.115572797   20.708750082   -5.779539849
    2.189594880   -3.141592654   68.508209830   -6.693376843   -2.507177348
    2.379994435   -3.141592654   64.553167495  -34.346859458    0.870416810
    2.570393989   -3.141592654   55.810455407  -56.077901800    4.444619305
    2.760793544   -3.141592654   43.864482984  -67.461931843    8.185519103
    2.951193099   -3.141592654   30.914435877  -66.576166994   11.911043695

   -3.141592654   -2.771993518   28.221830683  -48.958503109   23.982635487
   -2.951193099   -2.771993518   20.447586624  -32.133052054   26.428906289
   -2.760793544   -2.771993518   16.117951871  -13.654916401   27.670448305
   -2.570393989   -2.771993518   15.061477539    1.650026613   27.982246154
   -2.379994435   -2.771993518   16.363135437   10.895783723   27.900812151
   -2.189594880   -2.771993518   18.824814852   14.078913116   28.059719000
   -1.999195325   -2.771993518   21.491943778   13.581157519   28.925886141
   -1.808795770   -2.771993518   23.986495068   12.825506712   30.564286018
   -1.618396215   -2.771993518   26.547158429   14.638217232   32.549690595
   -1.427996661   -2.771993518   29.800691619   20.090789155   34.089463044
   -1.237597106   -2.771993518   34.377268505   28.201324091   34.326198191
   -1.047197551   -2.771993518   40.559750443   36.414652085   32.687208904
   -0.856797996   -2.771993518   48.069284898   41.630035881   29.081177973
   -0.666398442   -2.771993518   56.070125834   41.160722292   23.862390497
   -0.475998887   -2.771993518   63.312675809   33.535373453   17.638383551
   -0.285599332   -2.771993518   68.411579490   18.821945170   11.012855610
   -0.095199777   -2.771993518   70.159366665   -1.198907797    4.450810735
    0.095199777   -2.771993518   67.856117170  -22.990248682   -1.728311998
    0.285599332   -2.771993518   61.626780203  -41.533201733   -7.255779209
    0.475998887   -2.771993518   52.617541526  -51.312438732  -11.822400195
    0.666398442   -2.771993518   42.934274491  -48.131787943  -15.071807097
    0.856797996   -2.771993518   35.187505802  -31.224588646  -16.707857021
    1.047197551   -2.771993518   31.694601344   -4.473884152  -16.642395467
    1.237597106   -2.771993518   33.626018206   24.271439360  -15.079642886
    1.427996661   -2.771993518   40.495908238   46.002866408  -12.452685887
    1.618396215   -2.771993518   50.278669586   54.143624442   -9.224278595
    1.808795770   -2.771993518   60.127640347   46.825167893   -5.702080771
    1.999195325   -2.771993518   67.311403432   26.958722808   -1.961725722
    2.189594880   -2.771993518   69.969250521    0.393477971    2.077621588
    2.379994435   -2.771993518   67.457064211  -26.292786830    6.492220589
    2.570393989   -2.771993518   60.318930093  -47.377556143   11.218127272
    2.760793544   -2.771993518   50.035185174  -58.868816600   15.992186784
    2.951193099   -2.771993518   38.635426533  -59.062301075   20.396313599

   -3.141592654   -2.402394382   37.355868265  -44.605918122   21.765751237
   -2.951193099   -2.402394382   30.187104959  -30.090613584   23.339330570
   -2.760793544   -2.402394382   26.067916702  -13.338200760   23.900691837
   -2.570393989   -2.402394382   24.988469576    1.286192873   23.782014252
   -2.379994435   -2.402394382   26.250353941   11.024998209   23.433242563
   -2.189594880   -2.402394382   28.855895283   15.553177047   23.274583102
   -1.999195325   -2.402394382   31.950430737   16.544576269   23.519743900
   -1.808795770   -2.402394382   35.098286397   16.530653942   24.072894808
   -1.618396215   -2.402394382   38.318209650   17.570703599   24.536914070
   -1.427996661   -2.402394382   41.912109252   20.449988000   24.341714009
   -1.237597106   -2.402394382   46.191759413   24.566729715   22.957171380
   -1.047197551   -2.402394382   51.253746848   28.315051415   20.110971606
   -0.856797996   -2.402394382   56.841845738   29.759907308   15.886137572
   -0.666398442   -2.402394382   62.343965096   27.114842129   10.668819289
   -0.475998887   -2.402394382   66.855417977   19.211827871    5.005225813
   -0.285599332   -2.402394382   69.332733569    5.840387319   -0.588726678
   -0.095199777   -2.402394382   68.819924416  -11.845357131   -5.719380211
    0.095199777   -2.402394382   64.745932784  -30.911333410  -10.134063461
    0.285599332   -2.402394382   57.270215712  -46.708959772  -13.659568120
    0.475998887   -2.402394382   47.527065868  -53.861572943  -16.146729873
    0.666398442   -2.402394382   37.593802031  -48.237047898  -17.460832836
    0.856797996   -2.402394382   30.033832033  -29.208256708  -17.540374233
    1.047197551   -2.402394382   27.084850152   -0.860670325  -16.458705534
    1.237597106   -2.402394382   29.805015423   28.849531029  -14.442661856
    1.427996661   -2.402394382   37.595717131   51.046682330  -11.790745680
    1.618396215   -2.402394382   48.366787181   59.489535588   -8.737429734
    1.808795770   -2.402394382   59.276822496   52.679327934   -5.378616975
    1.999195325   -2.402394382   67.653402510   33.685197730   -1.690149226
    2.189594880   -2.402394382   71.695396185    8.204041758    2.368432446
    2.379994435   -2.402394382   70.762614761  -17.589839019    6.739486771
    2.570393989   -2.402394382   65.318978185  -38.429352671   11.217665247
    2.760793544   -2.402394382   56.689712913  -50.618807442   15.464850034
    2.951193099   -2.402394382   46.719206961  -52.451239954   19.090269275

   -3.141592654   -2.032795246   42.820298514  -41.647170319   13.220201353
   -2.951193099   -2.032795246   36.064154704  -28.695193017   14.215269721
   -2.760793544   -2.032795246   32.086305064  -13.159520641   14.652463112
   -2.570393989   -2.032795246   30.970272404    0.821884018   14.692041461
   -2.379994435   -2.032795246   32.129042797   10.480636823   14.494750461
   -2.189594880   -2.032795246   34.646264174   15.169306543   14.178554955
   -1.999195325   -2.032795246   37.667814298   16.077172722   13.761900430
   -1.808795770   -2.032795246   40.666463135   15.294418874   13.153546346
   -1.618396215   -2.032795246   43.507069913   14.685090353   12.170778586
   -1.427996661   -2.032795246   46.336036588   15.222880699   10.596743401
   -1.237597106   -2.032795246   49.379711086   16.855566613    8.261560131
   -1.047197551   -2.032795246   52.775510685   18.691962823    5.133962866
   -0.856797996   -2.032795246   56.440414777   19.418127964    1.357628778
   -0.666398442   -2.032795246   60.017792594   17.484733396   -2.772337485
   -0.475998887   -2.032795246   62.860225707   11.470457082   -6.872557454
   -0.285599332   -2.032795246   64.094073930    0.563562994  -10.588127958
   -0.095199777   -2.032795246   62.807505827  -14.757256265  -13.663014212
    0.095199777   -2.032795246   58.362652593  -31.998667525  -15.993738324
    0.285599332   -2.032795246   50.802180123  -46.597530337  -17.591925946
    0.475998887   -2.032795246   41.157856638  -52.971678244  -18.511135220
    0.666398442   -2.032795246   31.455005493  -46.704904346  -18.773973867
    0.856797996   -2.032795246   24.248954388  -27.002788093  -18.359484691
    1.047197551   -2.032795246   21.786120449    2.043224255  -17.244914177
    1.237597106   -2.032795246   25.122440185   32.403594607  -15.468745131
    1.427996661   -2.032795246   33.646232915   55.181080358  -13.131939140
    1.618396215   -2.032795246   45.258542354   64.187355023  -10.351421148
    1.808795770   -2.032795246   57.121023870   57.984241323   -7.227835483
    1.999195325   -2.032795246   66.568269191   39.611242788   -3.850671438
    2.189594880   -2.032795246   71.791062291   14.636785525   -0.334807332
    2.379994435   -2.032795246   72.110639908  -10.935560826    3.155346681
    2.570393989   -2.032795246   67.922216225  -31.986656826    6.425663148
    2.760793544   -2.032795246   60.459740781  -44.901491833    9.283881507
    2.951193099   -2.032795246   51.469753222  -47.949213046   11.577091893

   -3.141592654   -1.663196111   40.964972718  -40.768231532   11.333033342
   -2.951193099   -1.663196111   34.438566773  -27.174605263   11.760922650
   -2.760793544   -1.663196111   30.796090876  -11.227913999   11.583570087
   -2.570393989   -1.663196111   30.046095492    2.621082432   10.854026496
   -2.379994435   -1.663196111   31.481522565   11.474047318    9.616543544
   -2.189594880   -1.663196111   34.061807470   14.748599763    7.900572833
   -1.999195325   -1.663196111   36.836494170   13.866652821    5.714879962
   -1.808795770   -1.663196111   39.236211529   11.234164260    3.083263146
   -1.618396215   -1.663196111   41.147750151    9.065206071    0.070864551
   -1.427996661   -1.663196111   42.805306292    8.660767331   -3.207596841
   -1.237597106   -1.663196111   44.576595095   10.208192760   -6.600490823
   -1.047197551   -1.663196111   46.770806371   12.864363971   -9.925588020
   -0.856797996   -1.663196111   49.465385594   15.146161614  -12.981567615
   -0.666398442   -1.663196111   52.411250148   15.154060234  -15.557539840
   -0.475998887   -1.663196111   54.996214603   11.053598011  -17.449213316
   -0.285599332   -1.663196111   56.305468740    1.694940215  -18.525285646
   -0.095199777   -1.663196111   55.334412549  -12.688897600  -18.775523721
    0.095199777   -1.663196111   51.317227970  -29.688241140  -18.350310710
    0.285599332   -1.663196111   44.168116450  -44.671377651  -17.503050180
    0.475998887   -1.663196111   34.822488599  -51.788108209  -16.481104107
    0.666398442   -1.663196111   25.275276997  -46.211568171  -15.417655442
    0.856797996   -1.663196111   18.129532977  -26.765466002  -14.299587455
    1.047197551   -1.663196111   15.736398839    2.634890334  -13.017644498
    1.237597106   -1.663196111   19.262965460   33.863070564  -11.467738563
    1.427996661   -1.663196111   28.167690096   57.715351989   -9.590483075
    1.618396215   -1.663196111   40.354926414   67.626065806   -7.367781417
    1.808795770   -1.663196111   52.922338275   61.843800147   -4.817629816
    1.999195325   -1.663196111   63.095510969   43.261287860   -2.005675826
    2.189594880   -1.663196111   68.948425410   17.518411299    0.934553846
    2.379994435   -1.663196111   69.718511878   -9.107325910    3.812409665
    2.570393989   -1.663196111   65.782975855  -31.114989906    6.430208099
    2.760793544   -1.663196111   58.427954740  -44.556469676    8.623735849
    2.951193099   -1.663196111   49.498666408  -47.562899947   10.279673867

   -3.141592654   -1.293596975   39.356715558  -41.162377457    9.667325530
   -2.951193099   -1.293596975   32.745141445  -27.681968024    9.406443684
   -2.760793544   -1.293596975   28.988621798  -11.955970995    8.732430589
   -2.570393989   -1.293596975   28.057508162    1.379398744    7.630354980
   -2.379994435   -1.293596975   29.176989058    9.328482278    5.998512467
   -2.189594880   -1.293596975   31.233860436   11.346396111    3.681866844
   -1.999195325   -1.293596975   33.228300665    9.078515321    0.547929660
   -1.808795770   -1.293596975   34.599527126    5.292541491   -3.386912219
   -1.618396215   -1.293596975   35.316634455    2.592987437   -7.882687687
   -1.427996661   -1.293596975   35.760261508    2.535383199  -12.489159970
   -1.237597106   -1.293596975   36.470206778    5.324142656  -16.659649531
   -1.047197551   -1.293596975   37.907156969    9.874774568  -19.905419974
   -0.856797996   -1.293596975   40.238103895   14.328150458  -21.920914827
   -0.666398442   -1.293596975   43.229121529   16.404267849  -22.627546669
   -0.475998887   -1.293596975   46.220550140   13.986600794  -22.134003349
   -0.285599332   -1.293596975   48.204286055    5.738547350  -20.680934038
   -0.095199777   -1.293596975   48.051832050   -8.271153378  -18.572159539
    0.095199777   -1.293596975   44.845240981  -25.734226785  -16.140428068
    0.285599332   -1.293596975   38.341651755  -41.951722369  -13.678199880
    0.475998887   -1.293596975   29.359847533  -50.711466401  -11.383484007
    0.666398442   -1.293596975   19.872404334  -46.582653658   -9.328575514
    0.856797996   -1.293596975   12.576931684  -27.806960507   -7.486059561
    1.047197551   -1.293596975   10.005165659    1.956363282   -5.792370584
    1.237597106   -1.293596975   13.510186103   34.410630926   -4.206711754
    1.427996661   -1.293596975   22.670563927   59.856588629   -2.686309620
    1.618396215   -1.293596975   35.406120165   71.160396904   -1.156025574
    1.808795770   -1.293596975   48.732355587   66.144424542    0.481872196
    1.999195325   -1.293596975   59.734349829   47.523776087    2.282459719
    2.189594880   -1.293596975   66.338345780   21.039009815    4.189489054
    2.379994435   -1.293596975   67.673930722   -6.726689069    6.037908380
    2.570393989   -1.293596975   64.078984985  -29.892323072    7.626719593
    2.760793544   -1.293596975   56.866578624  -44.217901678    8.797887461
    2.951193099   -1.293596975   47.947068407  -47.735623778    9.477678494

   -3.141592654   -0.923997839   40.117770518  -43.180969580    6.262074142
   -2.951193099   -0.923997839   33.101711840  -29.863757406    4.884030051
   -2.760793544   -0.923997839   28.928924347  -14.135609416    3.237329126
   -2.570393989   -0.923997839   27.576551383   -0.908925216    1.358198570
   -2.379994435   -0.923997839   28.222143927    6.561391776   -0.856322982
   -2.189594880   -0.923997839   29.668768438    7.624077511   -3.611513942
   -1.999195325   -0.923997839   30.835605858    4.086296495   -7.084254057
   -1.808795770   -0.923997839   31.137751164   -0.884869557  -11.233901850
   -1.618396215   -0.923997839   30.609164531   -4.174483005  -15.696613328
   -1.427996661   -0.923997839   29.784386148   -3.833059907  -19.828240344
   -1.237597106   -0.923997839   29.406692414    0.448034624  -22.903889889
   -1.047197551   -0.923997839   30.128990347    7.357381085  -24.381834996
   -0.856797996   -0.923997839   32.240557766   14.558751547  -24.087663724
   -0.666398442   -0.923997839   35.527602121   19.207791507  -22.235500340
   -0.475998887   -0.923997839   39.247179522   18.680801957  -19.297398380
   -0.285599332   -0.923997839   42.224754860   11.298579173  -15.812292975
   -0.095199777   -0.923997839   43.122107670   -2.995685511  -12.223913144
    0.095199777   -0.923997839   40.812582362  -21.716838848   -8.818032392
    0.285599332   -0.923997839   34.908969304  -39.693476591   -5.714203288
    0.475998887   -0.923997839   26.198767689  -50.032886350   -2.925291256
    0.666398442   -0.923997839   16.749708068  -46.699668758   -0.438101446
    0.856797996   -0.923997839    9.437305500  -27.713736684    1.716746883
    1.047197551   -0.923997839    6.968450500    3.015062993    3.449740007
    1.237597106   -0.923997839   10.792177555   36.684805598    4.660759639
    1.427996661   -0.923997839   20.487852370   63.134766683    5.356260100
    1.618396215   -0.923997839   33.910666373   75.013913234    5.696298579
    1.808795770   -0.923997839   47.989499275   70.115835566    5.937518752
    1.999195325   -0.923997839   59.724533133   51.173964238    6.294760498
    2.189594880   -0.923997839   66.960269586   23.954259848    6.818965975
    2.379994435   -0.923997839   68.752440213   -4.890544819    7.382807515
    2.570393989   -0.923997839   65.388946196  -29.304474017    7.763945691
    2.760793544   -0.923997839   58.172686083  -44.812010139    7.756565619
    2.951193099   -0.923997839   49.048257426  -49.233953190    7.252796143

   -3.141592654   -0.554398704   41.434240443  -47.194377817    3.629066791
   -2.951193099   -0.554398704   33.600975540  -34.347127633    1.010743363
   -2.760793544   -0.554398704   28.561641607  -18.700954679   -1.716210613
   -2.570393989   -0.554398704   26.342135190   -5.466764557   -4.388006195
   -2.379994435   -0.554398704   26.101275148    1.739106672   -7.037427000
   -2.189594880   -0.554398704   26.569870362    2.105366663   -9.873935000
   -1.999195325   -0.554398704   26.600157063   -2.319018530  -13.101135051
   -1.808795770   -0.554398704   25.623841522   -7.779396471  -16.665770938
   -1.618396215   -0.554398704   23.815316391  -10.505849897  -20.128464146
   -1.427996661   -0.554398704   21.946897606   -8.230429239  -22.758682617
   -1.237597106   -0.554398704   21.009755689   -0.886539093  -23.832260847
   -1.047197551   -0.554398704   21.808790204    9.495329924  -22.975957384
   -0.856797996   -0.554398704   24.626288428   19.690354218  -20.340023433
   -0.666398442   -0.554398704   29.087235427   26.173495718  -16.513548913
   -0.475998887   -0.554398704   34.194958433   26.057934533  -12.261251452
   -0.285599332   -0.554398704   38.513725007   17.836171542   -8.215547278
   -0.095199777   -0.554398704   40.511178701    1.941964719   -4.686375028
    0.095199777   -0.554398704   38.976015702  -18.485190912   -1.641752584
    0.285599332   -0.554398704   33.559866374  -37.682525933    1.177522253
    0.475998887   -0.554398704   25.181243211  -48.423197731    4.044497728
    0.666398442   -0.554398704   16.064268993  -44.736151591    7.036589757
    0.856797996   -0.554398704    9.190912260  -25.070506309    9.938583118
    1.047197551   -0.554398704    7.277876712    6.119202015   12.318541305
    1.237597106   -0.554398704   11.696730960   39.730043383   13.748384419
    1.427996661   -0.554398704   21.929466445   65.673540445   14.062682146
    1.618396215   -0.554398704   35.775953153   76.927495753   13.453443205
    1.808795770   -0.554398704   50.171484909   71.564559326   12.361277293
    1.999195325   -0.554398704   62.153498636   52.336852320   11.235682341
    2.189594880   -0.554398704   69.583913120   24.810937271   10.317336365
    2.379994435   -0.554398704   71.490141505   -4.606052652    9.569881829
    2.570393989   -0.554398704   68.096890803  -29.958678614    8.755482571
    2.760793544   -0.554398704   60.643251867  -46.672344963    7.587723598
    2.951193099   -0.554398704   51.046461244  -52.315603320    5.880325225

   -3.141592654   -0.184799568   42.102192982  -53.127805449    1.159326913
   -2.951193099   -0.184799568   33.089800351  -40.672466193   -1.969357666
   -2.760793544   -0.184799568   26.854572416  -24.851308773   -5.002770793
   -2.570393989   -0.184799568   23.504754202  -11.176401593   -7.752131310
   -2.379994435   -0.184799568   22.208459081   -3.692629983  -10.249270328
   -2.189594880   -0.184799568   21.639960272   -3.410627397  -12.718387482
   -1.999195325   -0.184799568   20.599483276   -8.011762315  -15.358541319
   -1.808795770   -0.184799568   18.561286176  -13.077098536  -18.075430243
   -1.618396215   -0.184799568   15.876938095  -14.162892719  -20.368467514
   -1.427996661   -0.184799568   13.582142233   -8.833283056  -21.487907046
   -1.237597106   -0.184799568   12.894526987    2.394304852  -20.801223085
   -1.047197551   -0.184799568   14.674954296   16.370444505  -18.166969809
   -0.856797996   -0.184799568   19.037547637   28.739303299  -14.053347241
   -0.666398442   -0.184799568   25.271240516   35.397630280   -9.334934301
   -0.475998887   -0.184799568   32.005777056   33.678582043   -4.910293402
   -0.285599332   -0.184799568   37.541808034   22.940544911   -1.319681191
   -0.095199777   -0.184799568   40.281623955    4.755912562    1.416267668
    0.095199777   -0.184799568   39.152164295  -16.795446800    3.718334629
    0.285599332   -0.184799568   34.071598588  -35.607085526    6.177954707
    0.475998887   -0.184799568   26.220310700  -44.849544119    9.213646454
    0.666398442   -0.184799568   17.948529649  -39.518187025   12.805411118
    0.856797996   -0.184799568   12.162374405  -19.105678743   16.452278403
    1.047197551   -0.184799568   11.341380121   11.354606556   19.384857803
    1.237597106   -0.184799568   16.582585349   42.973310671   20.931193574
    1.427996661   -0.184799568   27.199962495   66.476821594   20.845763074
    1.618396215   -0.184799568   40.998456069   75.756189215   19.386850026
    1.808795770   -0.184799568   55.057792779   69.377086907   17.143439640
    1.999195325   -0.184799568   66.597114149   49.987852112   14.727725307
    2.189594880   -0.184799568   73.597115138   22.651587490   12.518599894
    2.379994435   -0.184799568   75.097639497   -6.779791772   10.572171882
    2.570393989   -0.184799568   71.248666371  -32.667251342    8.691933434
    2.760793544   -0.184799568   63.186371017  -50.416604425    6.594178792
    2.951193099   -0.184799568   52.759915071  -57.283964488    4.083137559

   -3.141592654    0.184799568   42.084885583  -58.920293504   -1.329549498
   -2.951193099    0.184799568   31.949800770  -46.548431211   -3.941062566
   -2.760793544    0.184799568   24.631370258  -30.275090173   -6.232090318
   -2.570393989    0.184799568   20.312526712  -15.922894999   -8.144929058
   -2.379994435    0.184799568   18.165141719   -7.934355026   -9.798153528
   -2.189594880    0.184799568   16.813525421   -7.420880398  -11.429320114
   -1.999195325    0.184799568   15.033707042  -11.693071380  -13.186144961
   -1.808795770    0.184799568   12.381486451  -15.658945447  -14.911998210
   -1.618396215    0.184799568    9.409443451  -14.380413491  -16.095954723
   -1.427996661    0.184799568    7.389966484   -5.591161818  -16.073215855
   -1.237597106    0.184799568    7.671312992    9.249259515  -14.389136674
   -1.047197551    0.184799568   11.020782477   25.701644402  -11.121898929
   -0.856797996    0.184799568   17.231431711   38.430694502   -6.909117998
   -0.666398442    0.184799568   25.165298947   43.229861375   -2.655448916
   -0.475998887    0.184799568   33.095951904   38.285329809    0.892066221
   -0.285599332    0.184799568   39.192778331   24.345871392    3.497381122
   -0.095199777    0.184799568   41.995422514    4.316277568    5.493212049
    0.095199777    0.184799568   40.769459200  -17.018234228    7.571218007
    0.285599332    0.184799568   35.820428602  -33.763469510   10.394221510
    0.475998887    0.184799568   28.592206541  -40.139931380   14.217794685
    0.666398442    0.184799568   21.452359062  -32.572640743   18.690091970
    0.856797996    0.184799568   17.067855894  -11.700220960   22.950714091
    1.047197551    0.184799568   17.532319127   17.113810463   25.992046065
    1.237597106    0.184799568   23.586501829   45.599952121   27.099872588
    1.427996661    0.184799568   34.370624048   65.660732514   26.141473687
    1.618396215    0.184799568   47.743163124   72.305890420   23.542869152
    1.808795770    0.184799568   61.000761406   64.647634543   20.032617808
    1.999195325    0.184799568   71.617164205   45.191653373   16.311266489
    2.189594880    0.184799568   77.752193573   18.409498877   12.826126993
    2.379994435    0.184799568   78.498063297  -10.525981105    9.716502807
    2.570393989    0.184799568   73.945211323  -36.419031406    6.889289241
    2.760793544    0.184799568   65.121275078  -54.738380227    4.165473832
    2.951193099    0.184799568   53.792597113  -62.443963107    1.422026687

   -3.141592654    0.554398704   43.768411205  -62.503541164   -0.763835525
   -2.951193099    0.554398704   32.912332202  -50.473329653   -2.064300684
   -2.760793544    0.554398704   24.838458507  -34.219003225   -3.102740321
   -2.570393989    0.554398704   19.790609952  -19.590454291   -3.974994424
   -2.379994435    0.554398704   16.982813240  -11.189833545   -4.824194609
   -2.189594880    0.554398704   15.054342655  -10.204329617   -5.790531592
   -1.999195325    0.554398704   12.802698302  -13.800311318   -6.889831727
   -1.808795770    0.554398704    9.851204013  -16.584374693   -7.923303632
   -1.618396215    0.554398704    6.869229940  -13.457176208   -8.496224956
   -1.427996661    0.554398704    5.235934674   -2.442767690   -8.185658815
   -1.237597106    0.554398704    6.305846837   14.242738242   -6.775091131
   -1.047197551    0.554398704   10.690940850   31.328198723   -4.423338704
   -0.856797996    0.554398704   17.905900204   43.101318468   -1.606544083
   -0.666398442    0.554398704   26.537851665   45.765021480    1.134765481
   -0.475998887    0.554398704   34.728746704   38.570798255    3.480929750
   -0.285599332    0.554398704   40.743179829   23.452460106    5.518545677
   -0.095199777    0.554398704   43.406951557    4.077621104    7.677437070
    0.095199777    0.554398704   42.343746518  -14.829738906   10.508625625
    0.285599332    0.554398704   38.123420884  -28.257359364   14.358100874
    0.475998887    0.554398704   32.232270553  -31.803725716   19.110863379
    0.666398442    0.554398704   26.817759889  -23.165096380   24.111343548
    0.856797996    0.554398704   24.142773992   -3.549071308   28.344753034
    1.047197551    0.554398704   25.877816465   22.055916632   30.821485526
    1.237597106    0.554398704   32.489088556   46.488433974   30.977982739
    1.427996661    0.554398704   43.080074744   62.912223134   28.878608265
    1.618396215    0.554398704   55.681128112   67.208874401   25.115191141
    1.808795770    0.554398704   67.865601136   58.714137137   20.519913502
    1.999195325    0.554398704   77.371292438   39.617632148   15.853891084
    2.189594880    0.554398704   82.533493389   13.817842254   11.623450503
    2.379994435    0.554398704   82.507213012  -14.085700564    8.050737223
    2.570393989    0.554398704   77.348455490  -39.310673263    5.137122996
    2.760793544    0.554398704   67.994149048  -57.501791468    2.773339606
    2.951193099    0.554398704   56.112903706  -65.535798434    0.835295621

   -3.141592654    0.923997839   43.716882270  -63.994764657    0.030288691
   -2.951193099    0.923997839   32.651228917  -51.163742719    0.470131700
   -2.760793544    0.923997839   24.515550718  -34.190042837    1.068064083
   -2.570393989    0.923997839   19.525052165  -19.055573004    1.546011468
   -2.379994435    0.923997839   16.839824177  -10.494574658    1.726019647
   -2.189594880    0.923997839   15.029034642   -9.709697343    1.554562618
   -1.999195325    0.923997839   12.833266348  -13.720050978    1.108654318
   -1.808795770    0.923997839    9.858605844  -16.880752323    0.557509689
   -1.618396215    0.923997839    6.801497093  -13.911115449    0.112502350
   -1.427996661    0.923997839    5.082872812   -2.867316350   -0.032747951
   -1.237597106    0.923997839    6.074861634   13.816417315    0.244238357
   -1.047197551    0.923997839   10.363671859   30.698674903    0.959118546
   -0.856797996    0.923997839   17.428875713   42.167374314    2.055392224
   -0.666398442    0.923997839   25.875832920   44.850507392    3.477979937
   -0.475998887    0.923997839   33.958750659   38.526910385    5.242561714
   -0.285599332    0.923997839   40.137853385   25.413553670    7.481365011
   -0.095199777    0.923997839   43.445993188    9.004953247   10.384036259
    0.095199777    0.923997839   43.634970549   -6.625338762   14.099776307
    0.285599332    0.923997839   41.246507484  -17.408193100   18.565353763
    0.475998887    0.923997839   37.553444737  -19.893276899   23.379105791
    0.666398442    0.923997839   34.336070110  -12.382316622   27.798355986
    0.856797996    0.923997839   33.433174716    3.963713215   30.929224881
    1.047197551    0.923997839   36.168901134   24.918887405   32.046786689
    1.237597106    0.923997839   42.858170051   44.528660921   30.885674476
    1.427996661    0.923997839   52.686525814   57.098744116   27.718772731
    1.618396215    0.923997839   63.940816816   59.163498447   23.197809756
    1.808795770    0.923997839   74.513351551   50.068523901   18.095974246
    1.999195325    0.923997839   82.415744086   31.568748608   13.084481429
    2.189594880    0.923997839   86.156250756    6.989767429    8.637598532
    2.379994435    0.923997839   84.961093977  -19.544195226    5.038705021
    2.570393989    0.923997839   78.884342145  -43.528025004    2.415804444
    2.760793544    0.923997839   68.827864587  -60.686097497    0.781487424
    2.951193099    0.923997839   56.424400524  -67.845272421    0.047393138

   -3.141592654    1.293596975   40.328025948  -62.274744812   -4.354602215
   -2.951193099    1.293596975   29.739597791  -47.998346454   -3.171983470
   -2.760793544    1.293596975   22.270209471  -30.522016586   -1.758679971
   -2.570393989    1.293596975   17.948891945  -15.828833295   -0.386535183
   -2.379994435    1.293596975   15.778739811   -8.391799139    0.832963187
   -2.189594880    1.293596975   14.232660603   -9.056965512    1.927796488
   -1.999195325    1.293596975   12.017133791  -14.573040556    2.986299119
   -1.808795770    1.293596975    8.744859540  -19.127949117    4.043198980
   -1.618396215    1.293596975    5.147591260  -17.281593357    5.035010848
   -1.427996661    1.293596975    2.719054940   -6.851623338    5.843231425
   -1.237597106    1.293596975    2.957289733   10.028005456    6.397834617
   -1.047197551    1.293596975    6.625584287   28.139656737    6.756207324
   -0.856797996    1.293596975   13.403931836   41.862372341    7.126141151
   -0.666398442    1.293596975   22.069412142   47.527323552    7.809589915
   -0.475998887    1.293596975   30.967017354   44.398121684    9.103952184
   -0.285599332    1.293596975   38.542940380   34.105757746   11.226092043
   -0.095199777    1.293596975   43.709794437   19.662309129   14.233961917
    0.095199777    1.293596975   46.021130351    4.786339636   17.991265824
    0.285599332    1.293596975   45.765653605   -6.665090797   22.109472621
    0.475998887    1.293596975   43.936247073  -11.297669117   25.954700440
    0.666398442    1.293596975   42.046690200   -7.203333481   28.750741095
    0.856797996    1.293596975   41.742977350    5.026071430   29.809197175
    1.047197551    1.293596975   44.292445312   21.991269904   28.785937222
    1.237597106    1.293596975   50.111147267   38.505088749   25.832141416
    1.427996661    1.293596975   58.599417515   49.251351382   21.499435815
    1.618396215    1.293596975   68.282261367   50.660285150   16.483764916
    1.808795770    1.293596975   77.238428269   41.678333274   11.386997388
    1.999195325    1.293596975   83.587609191   23.686882869    6.616378972
    2.189594880    1.293596975   85.894364945   -0.142493423    2.435465977
    2.379994435    1.293596975   83.435695560  -25.618796896   -0.948615993
    2.570393989    1.293596975   76.337114032  -48.100645432   -3.360367088
    2.760793544    1.293596975   65.590404147  -63.286147276   -4.691364382
    2.951193099    1.293596975   52.902032015  -68.209668194   -4.963142152

   -3.141592654    1.663196111   34.994897822  -60.051833399  -12.901004619
   -2.951193099    1.663196111   24.963281770  -44.517884211  -11.648698872
   -2.760793544    1.663196111   18.203330697  -26.703716361   -9.759468075
   -2.570393989    1.663196111   14.580537088  -12.398749059   -7.453645087
   -2.379994435    1.663196111   12.997617828   -5.671807350   -4.845848478
   -2.189594880    1.663196111   11.903277815   -7.004126807   -1.975703652
   -1.999195325    1.663196111   10.028233170  -13.030267952    1.094460942
   -1.808795770    1.663196111    7.006807051  -18.048648745    4.158489151
   -1.618396215    1.663196111    3.566043254  -16.738485168    6.861769845
   -1.427996661    1.663196111    1.191234956   -6.814031720    8.836017808
   -1.237597106    1.663196111    1.416489692    9.934905714    9.906966664
   -1.047197551    1.663196111    5.113143155   28.667096070   10.234114052
   -0.856797996    1.663196111   12.121626275   43.884311560   10.282556576
   -0.666398442    1.663196111   21.368056762   51.666951157   10.632800977
   -0.475998887    1.663196111   31.268001395   50.754513655   11.727238915
   -0.285599332    1.663196111   40.230456749   42.181106440   13.705656323
   -0.095199777    1.663196111   47.024601060   28.490201039   16.362433155
    0.095199777    1.663196111   50.988878600   13.090389674   19.233673987
    0.285599332    1.663196111   52.156458497   -0.251112967   21.706586569
    0.475998887    1.663196111   51.270392536   -7.972720994   23.157640245
    0.666398442    1.663196111   49.657933795   -7.664870260   23.102435146
    0.856797996    1.663196111   48.905982126    0.867583860   21.354378417
    1.047197551    1.663196111   50.379414592   15.054456173   18.111458298
    1.237597106    1.663196111   54.721490463   30.166845247   13.914066802
    1.427996661    1.663196111   61.592270475   40.761436023    9.407988861
    1.618396215    1.663196111   69.704017063   42.701767603    5.084149448
    1.808795770    1.663196111   77.205313232   34.329692116    1.143834728
    1.999195325    1.663196111   82.199357897   16.776793843   -2.437532223
    2.189594880    1.663196111   83.228273148   -6.616690241   -5.723067621
    2.379994435    1.663196111   79.605008778  -31.277043875   -8.659675709
    2.570393989    1.663196111   71.556978726  -52.291653592  -11.054491179
    2.760793544    1.663196111   60.201703119  -65.400780310  -12.656800015
    2.951193099    1.663196111   47.330119533  -68.005002335  -13.282949363

   -3.141592654    2.032795246   28.106138720  -59.755033936  -17.210734805
   -2.951193099    2.032795246   18.284368732  -42.645270051  -15.622336529
   -2.760793544    2.032795246   12.014202165  -23.486363153  -13.252004698
   -2.570393989    2.032795246    9.114471656   -8.054902563  -10.354340619
   -2.379994435    2.032795246    8.452424108   -0.372526429   -7.084426365
   -2.189594880    2.032795246    8.442533501   -0.959591659   -3.486643383
   -1.999195325    2.032795246    7.758814196   -6.659602740    0.409993245
   -1.808795770    2.032795246    5.930022159  -12.027747635    4.436847847
   -1.618396215    2.032795246    3.542335924  -11.818149329    8.231565078
   -1.427996661    2.032795246    1.960640368   -3.443634352   11.348024099
   -1.237597106    2.032795246    2.688854218   11.922661486   13.479242829
   -1.047197551    2.032795246    6.693253176   30.070894544   14.644760430
   -0.856797996    2.032795246   13.998764222   45.767604243   15.194698539
   -0.666398442    2.032795246   23.717351572   54.821781696   15.619482155
   -0.475998887    2.032795246   34.355186043   55.297100920   16.277936712
   -0.285599332    2.032795246   44.270024968   47.472721199   17.212904149
   -0.095199777    2.032795246   52.052707315   33.358965606   18.121435842
    0.095199777    2.032795246   56.797450745   16.201110126   18.489560494
    0.285599332    2.032795246   58.299593458    0.001294793   17.781409987
    0.475998887    2.032795246   57.141288349  -11.112080475   15.653566899
    0.666398442    2.032795246   54.620621217  -13.939873626   12.118454859
    0.856797996    2.032795246   52.452820407   -7.494542323    7.601752041
    1.047197551    2.032795246   52.257035381    6.162464193    2.823984936
    1.237597106    2.032795246   54.976274198   22.216095900   -1.449001725
    1.427996661    2.032795246   60.494917645   34.568596355   -4.738453687
    1.618396215    2.032795246   67.594758957   38.184919909   -7.028563454
    1.808795770    2.032795246   74.339377073   30.751264078   -8.699234490
    1.999195325    2.032795246   78.672439803   13.298341993  -10.256576600
    2.189594880    2.032795246   79.006940517  -10.450861021  -12.030630087
    2.379994435    2.032795246   74.623742431  -35.353864686  -14.017701851
    2.570393989    2.032795246   65.816292127  -56.074516613  -15.917732881
    2.760793544    2.032795246   53.821268821  -68.228003940  -17.298870423
    2.951193099    2.032795246   40.543793406  -69.368352392  -17.789449058

   -3.141592654    2.402394382   20.183556445  -60.420800645  -11.307094639
   -2.951193099    2.402394382   10.433635739  -41.216944039   -9.195410906
   -2.760793544    2.402394382    4.639782001  -19.944708983   -6.649542124
   -2.570393989    2.402394382    2.604098606   -2.565358393   -3.910770538
   -2.379994435    2.402394382    3.152730614    6.800437798   -1.045065642
   -2.189594880    2.402394382    4.641321429    7.532815803    2.072529783
   -1.999195325    2.402394382    5.658835904    2.600531938    5.620989408
   -1.808795770    2.402394382    5.605921004   -2.789224905    9.605839325
   -1.618396215    2.402394382    4.903235942   -3.510502784   13.728029971
   -1.427996661    2.402394382    4.754072323    3.197919291   17.450714936
   -1.237597106    2.402394382    6.563914712   16.639430309   20.237149317
   -1.047197551    2.402394382   11.304074462   33.161239779   21.811462976
   -0.856797996    2.402394382   19.093205855   47.861306939   22.253764535
   -0.666398442    2.402394382   29.161358236   56.450497167   21.882239389
   -0.475998887    2.402394382   40.076008420   56.529233006   21.019106743
   -0.285599332    2.402394382   50.152025381   47.793511494   19.792321181
   -0.095199777    2.402394382   57.838170012   31.854913280   18.080608944
    0.095199777    2.402394382   62.047456751   11.948653382   15.607892549
    0.285599332    2.402394382   62.437913288   -7.440104969   12.116764119
    0.475998887    2.402394382   59.584457453  -21.323296496    7.568199520
    0.666398442    2.402394382   54.956422806  -25.555019457    2.279084050
    0.856797996    2.402394382   50.598308444  -18.528870585   -3.083253276
    1.047197551    2.402394382   48.514582171   -2.348107099   -7.698437105
    1.237597106    2.402394382   49.951715688   17.352261752  -10.898980250
    1.427996661    2.402394382   54.890820887   33.220354102  -12.478161585
    1.618396215    2.402394382   61.974268693   39.092933636  -12.757383284
    1.808795770    2.402394382   68.966400631   32.156596743  -12.401507142
    1.999195325    2.402394382   73.489944580   13.707277153  -12.077324225
    2.189594880    2.402394382   73.741691944  -11.764978736  -12.157575361
    2.379994435    2.402394382   68.948185136  -38.254933637  -12.619640020
    2.570393989    2.402394382   59.493135353  -59.810696643  -13.137631491
    2.760793544    2.402394382   46.786903622  -71.790953513  -13.280317153
    2.951193099    2.402394382   32.924561372  -71.814959958  -12.710330102

   -3.141592654    2.771993518   16.124575211  -59.118492887    1.538497576
   -2.951193099    2.771993518    6.719371209  -38.957920812    4.104462687
   -2.760793544    2.771993518    1.426822187  -16.999238199    6.557179924
   -2.570393989    2.771993518    0.000000000    0.865066225    8.814005707
   -2.379994435    2.771993518    1.250850489   10.780521362   11.005439584
   -2.189594880    2.771993518    3.574631735   12.390842480   13.439679981
   -1.999195325    2.771993518    5.629366485    8.666860138   16.420158232
   -1.808795770    2.771993518    6.850129840    4.471858156   19.998540611
   -1.618396215    2.771993518    7.603934771    4.392476992   23.835702838
   -1.427996661    2.771993518    8.946180813   10.782774274   27.273416069
   -1.237597106    2.771993518   12.090008875   22.919827515   29.594991312
   -1.047197551    2.771993518   17.846743790   37.485574777   30.334778910
   -0.856797996    2.771993518   26.254366864   50.025014997   29.431789197
   -0.666398442    2.771993518   36.533101463   56.511972384   27.161240880
   -0.475998887    2.771993518   47.262963617   54.511536061   23.926946081
   -0.285599332    2.771993518   56.745059915   43.526644018   20.043215636
   -0.095199777    2.771993518   63.381974287   25.061569928   15.641690642
    0.095199777    2.771993518   66.048363573    2.561505686   10.721076857
    0.285599332    2.771993518   64.439217327  -18.916299356    5.288680802
    0.475998887    2.771993518   59.295232332  -33.642411065   -0.470462629
    0.666398442    2.771993518   52.381584228  -36.915402444   -6.095268625
    0.856797996    2.771993518   46.098884035  -27.106912854  -10.910001984
    1.047197551    2.771993518   42.747609179   -6.954273455  -14.248738081
    1.237597106    2.771993518   43.700424857   16.788364947  -15.732138516
    1.427996661    2.771993518   48.841205748   35.665276668  -15.459571246
    1.618396215    2.771993518   56.544497360   42.874023194  -13.949428433
    1.808795770    2.771993518   64.251110860   35.658194849  -11.891318813
    1.999195325    2.771993518   69.327720230   15.919349101   -9.846635093
    2.189594880    2.771993518   69.852725268  -11.077147486   -8.066958497
    2.379994435    2.771993518   65.071312038  -38.704660023   -6.499132976
    2.570393989    2.771993518   55.476490314  -60.697801506   -4.918336602
    2.760793544    2.771993518   42.619243742  -72.386046664   -3.096209551
    2.951193099    2.771993518   28.717974538  -71.570922803   -0.924995943
